0 0.595 0.23625 0.59125 0.239375 0.58875 0.2475 0.581875 0.25125 0.583125 0.255 0.579375 0.256875 0.576875 0.261875 0.578125 0.265625 0.575625 0.268125 0.574375 0.2825 0.571875 0.28875 0.5675 0.293125 0.568125 0.29625 0.56375 0.296875 0.56 0.30375 0.553125 0.305625 0.549375 0.31 0.54875 0.3225 0.545 0.33125 0.5475 0.335 0.548125 0.345 0.54375 0.37875 0.5375 0.3925 0.533125 0.3975 0.53375 0.401875 0.52375 0.410625 0.520625 0.414375 0.520625 0.41875 0.5175 0.42125 0.513125 0.41875 0.511875 0.404375 0.51 0.4225 0.504375 0.443125 0.505 0.45125 0.511875 0.4525 0.516875 0.45 0.519375 0.445625 0.526875 0.44 0.53125 0.458125 0.52625 0.49875 0.520625 0.515625 0.51625 0.546875 0.514375 0.63125 0.51 0.655 0.509375 0.6925 0.511875 0.6975 0.51 0.709375 0.510625 0.729375 0.50125 0.7975 0.5025 0.816875 0.50875 0.820625 0.519375 0.820625 0.5225 0.823125 0.526875 0.821875 0.5325 0.816875 0.539375 0.800625 0.540625 0.7875 0.53875 0.768125 0.540625 0.7475 0.5425 0.744375 0.54 0.74125 0.539375 0.73 0.5375 0.7275 0.539375 0.72375 0.529375 0.72125 0.528125 0.713125 0.529375 0.708125 0.535625 0.70625 0.53375 0.7025 0.536875 0.699375 0.534375 0.696875 0.536875 0.691875 0.534375 0.68875 0.534375 0.668125 0.53125 0.651875 0.53375 0.640625 0.541875 0.636875 0.5475 0.636875 0.555 0.639375 0.556875 0.64375 0.5625 0.6475 0.565 0.65875 0.560625 0.675625 0.564375 0.68625 0.560625 0.690625 0.564375 0.6925 0.564375 0.699375 0.56125 0.7025 0.564375 0.708125 0.57 0.70875 0.574375 0.705 0.575 0.69625 0.578125 0.693125 0.580625 0.684375 0.58 0.614375 0.581875 0.606875 0.581875 0.573125 0.588125 0.545625 0.5875 0.51875 0.5925 0.495 0.59375 0.410625 0.598125 0.394375 0.60125 0.36625 0.604375 0.3575 0.603125 0.351875 0.605625 0.346875 0.604375 0.338125 0.60625 0.3325 0.605 0.3175 0.601875 0.31125 0.6025 0.306875 0.6 0.30375 0.600625 0.28625 0.59875 0.2725 0.60125 0.265 0.6 0.255625 0.6025 0.25125 0.5975 0.245 0.599375 0.24 0.59625 0.23625
0 0.6116475 0 0.578125 0 0.578125 0.050625 0.58 0.054375 0.58 0.075625 0.576875 0.125 0.57375 0.145 0.57375 0.163125 0.56875 0.185625 0.566875 0.20875 0.5425 0.318125 0.531875 0.349375 0.519375 0.37125 0.51125 0.400625 0.50625 0.410625 0.508125 0.421875 0.50625 0.425 0.506875 0.42875 0.50375 0.431875 0.50125 0.44875 0.501875 0.4525 0.50625 0.45625 0.525625 0.456875 0.528125 0.461875 0.52875 0.475625 0.526875 0.498125 0.525 0.500625 0.52625 0.505 0.5225 0.505 0.520625 0.519375 0.518125 0.5225 0.519375 0.52625 0.5175 0.53125 0.519375 0.5325 0.515 0.534375 0.515 0.574375 0.514375 0.588125 0.5125 0.59125 0.514375 0.600625 0.51375 0.63125 0.51125 0.640625 0.5125 0.644375 0.506875 0.655625 0.504375 0.6675 0.50625 0.671875 0.50375 0.675 0.506875 0.681875 0.506875 0.693125 0.51 0.698125 0.50875 0.709375 0.50375 0.716875 0.51 0.72375 0.51 0.730625 0.509375 0.734375 0.504375 0.7375 0.504375 0.740625 0.501875 0.7425 0.503125 0.754375 0.500625 0.758125 0.5025 0.7625 0.500625 0.771875 0.50125 0.793125 0.4975 0.806875 0.49875 0.81125 0.49625 0.815625 0.508125 0.823125 0.5125 0.823125 0.515625 0.82625 0.521875 0.826875 0.525625 0.83 0.529375 0.828125 0.539375 0.806875 0.54125 0.788125 0.54 0.76875 0.5425 0.743125 0.540625 0.72375 0.536875 0.72 0.535 0.71125 0.54 0.70375 0.536875 0.68875 0.539375 0.68125 0.5375 0.680625 0.535625 0.675 0.53375 0.658125 0.53375 0.64375 0.53625 0.639375 0.546875 0.6375 0.55375 0.63875 0.556875 0.643125 0.56125 0.64375 0.565625 0.655 0.56625 0.665 0.560625 0.67625 0.561875 0.679375 0.56625 0.681875 0.565625 0.686875 0.563125 0.68875 0.566875 0.691875 0.5675 0.698125 0.57 0.699375 0.56625 0.703125 0.570625 0.7075 0.574375 0.70375 0.570625 0.699375 0.578125 0.69375 0.58125 0.68875 0.580625 0.67875 0.5825 0.675 0.58 0.643125 0.5825 0.570625 0.585 0.556875 0.588125 0.553125 0.59 0.533125 0.588125 0.518125 0.590625 0.500625 0.593125 0.495 0.595 0.466875 0.5925 0.4325 0.59375 0.424375 0.590625 0.418125 0.593125 0.416875 0.595 0.41125 0.59375 0.406875 0.598125 0.39375 0.596875 0.39 0.599375 0.386875 0.599375 0.37625 0.604375 0.3575 0.60375 0.34875 0.60625 0.345625 0.606875 0.333125 0.606875 0.323125 0.605 0.32125 0.606875 0.31375 0.604375 0.306875 0.600625 0.30375 0.600625 0.29125 0.6025 0.28625 0.600625 0.28125 0.60375 0.27375 0.603125 0.2675 0.6075 0.261875 0.6075 0.255 0.609375 0.251875 0.609375 0.243125 0.6075 0.240625 0.61 0.235625 0.61 0.195 0.611875 0.191875 0.609375 0.154375 0.610625 0.106875 0.608125 0.0875 0.61125 0.05375 0.610625 0.029375 0.613125 0.02625 0.616875 0.011875 0.615 0
0 0.458125 0.731875 0.45125 0.738125 0.449375 0.756875 0.443125 0.77875 0.44375 0.785625 0.449375 0.790625 0.45875 0.789375 0.46375 0.774375 0.465 0.74625 0.46375 0.735 0.460625 0.731875
0 0.681875 0.805 0.678125 0.80625 0.67625 0.810625 0.675 0.84 0.680625 0.86375 0.6825 0.865625 0.68875 0.865625 0.6925 0.8625 0.69375 0.856875 0.694375 0.816875 0.690625 0.8075 0.6825 0.805625
0 0.70625 0.75 0.701875 0.754375 0.7 0.764375 0.700625 0.81 0.701875 0.8175 0.70625 0.8225 0.71375 0.819375 0.71375 0.7625 0.7125 0.751875 0.710625 0.75
0 0.71375 0.611875 0.713125 0.6275 0.715625 0.63125 0.719375 0.63125 0.718125 0.614375 0.714375 0.6125
0 0.72 0.634375 0.713125 0.639375 0.710625 0.65 0.71125 0.670625 0.713125 0.67375 0.719375 0.675625 0.724375 0.669375 0.72375 0.653125 0.72 0.638125
0 0.71 0.893125 0.701875 0.90125 0.7 0.9175 0.699375 0.9475 0.7025 0.97875 0.70125 0.999375 0.714375 0.999375 0.71375 0.941875 0.716875 0.93 0.7175 0.9175 0.715625 0.9125 0.715625 0.90125 0.713125 0.89375 0.710625 0.893125
0 0.643125 0.035625 0.64 0.038125 0.641875 0.04375 0.639375 0.045 0.63875 0.050625 0.639375 0.05375 0.648125 0.061875 0.6525 0.056875 0.64875 0.054375 0.64875 0.050625 0.650625 0.05 0.645625 0.04375 0.646875 0.039375 0.64375 0.035625
0 0.649375 0.0625 0.649375 0.065 0.653125 0.066875 0.65 0.070625 0.653125 0.073125 0.651875 0.078125 0.65375 0.095 0.66125 0.103125 0.659375 0.09875 0.66125 0.0975 0.660625 0.088125 0.658125 0.085 0.659375 0.08125 0.65375 0.070625 0.656875 0.0675 0.6525 0.0625
0 0.66375 0.111875 0.660625 0.114375 0.660625 0.116875 0.663125 0.118125 0.663125 0.12125 0.660625 0.1225 0.6625 0.133125 0.660625 0.14375 0.66625 0.156875 0.671875 0.180625 0.679375 0.1925 0.6775 0.195 0.679375 0.199375 0.679375 0.230625 0.68625 0.260625 0.685625 0.265625 0.6875 0.2675 0.686875 0.27625 0.685 0.27875 0.685625 0.293125 0.69 0.3 0.689375 0.304375 0.69375 0.316875 0.691875 0.32 0.69375 0.32375 0.6925 0.328125 0.695 0.328125 0.695625 0.33125 0.699375 0.329375 0.703125 0.3325 0.70625 0.32625 0.695 0.24125 0.683125 0.189375 0.6825 0.1775 0.67625 0.15375 0.675625 0.14375 0.670625 0.134375 0.668125 0.12375 0.663125 0.123125 0.66625 0.12 0.663125 0.116875 0.664375 0.111875
0 0.66875 0.45875 0.661875 0.461875 0.660625 0.466875 0.664375 0.47125 0.67 0.4725 0.675625 0.471875 0.67875 0.46875 0.678125 0.46 0.67375 0.45875
0 0.705 0.38875 0.7025 0.389375 0.698125 0.395625 0.69875 0.39875 0.7025 0.40125 0.709375 0.40125 0.711875 0.399375 0.71125 0.390625 0.708125 0.38875
