0 0.5778125 0.6665625 0.018125 0.12375
0 0.6440625 0.8325 0.02875 0.22625
0 0.599375 0.045625 0.604375 0.751875 0.605 0.763125 0.61 0.7675 0.61375 0.7625 0.616875 0.746875 0.624375 0.620625 0.626875 0.498125 0.62375 0 0.60625 0 0.60125 0.015625
0 0.64 0.306875 0.654375 0.593125 0.656875 0.6025 0.66125 0.604375 0.664375 0.599375 0.665625 0.509375 0.66125 0.375625 0.651875 0.306875 0.6475 0.294375
0 0.6525 0.48 0.65125 0.4875 0.654375 0.4975 0.6575 0.501875 0.665 0.501875 0.665 0.48 0.6575 0.464375
0 0.656875 0.410625 0.650625 0.425 0.650625 0.45375 0.6575 0.46125 0.66375 0.45625 0.665 0.431875 0.664375 0.424375
0 0.621875 0.140625 0.61875 0.15625 0.61875 0.199375 0.623125 0.2725 0.6475 0.415 0.651875 0.41875 0.66125 0.400625 0.6575 0.341875 0.63 0.139375 0.62625 0.134375
0 0.536875 0.685 0.53625 0.748125 0.541875 0.826875 0.543125 0.83125 0.54625 0.831875 0.549375 0.824375 0.550625 0.80375 0.549375 0.691875 0.54625 0.668125 0.541875 0.66875
0 0.525 0.986875 0.521875 0.999375 0.53375 0.999375 0.5325 0.985625
0 0.52 0.900625 0.51875 0.958125 0.52125 0.97 0.52625 0.974375 0.53125 0.9575 0.53125 0.886875 0.52875 0.873125 0.525 0.87375 0.521875 0.87875
0 0.568125 0.543125 0.57125 0.715625 0.573125 0.725625 0.57875 0.72875 0.5875 0.716875 0.59 0.70125 0.58125 0.5425 0.578125 0.5325 0.574375 0.533125
