0 0.6421875 0.3015625 0.036875 0.278125
0 0.6696875 0.51375 0.034375 0.1775
0 0.695625 0.74875 0.03625 0.2875
0 0.5575 0.239375 0.55625 0.45375 0.563125 0.5625 0.564375 0.56625 0.5675 0.56625 0.569375 0.55 0.564375 0.20125 0.559375 0.21
0 0.67125 0.418125 0.67125 0.4975 0.675 0.525625 0.680625 0.53 0.685625 0.501875 0.689375 0.344375 0.689375 0.33125 0.685625 0.325625 0.678125 0.34125
0 0.671875 0.414375 0.671875 0.421875 0.67625 0.415625 0.6775 0.403125 0.675 0.40125
0 0.686875 0.8625 0.685625 0.87625 0.68875 0.890625 0.694375 0.856875 0.6925 0.846875 0.68875 0.849375
0 0.67375 0.295625 0.675 0.3925 0.679375 0.3425 0.67875 0.29125 0.675 0.29125
0 0.689375 0.791875 0.68875 0.831875 0.6925 0.835625 0.699375 0.791875 0.69625 0.789375
0 0.68875 0.73 0.688125 0.748125 0.691875 0.75875 0.695625 0.760625 0.69875 0.75875 0.700625 0.730625 0.6975 0.728125
0 0.676875 0.5425 0.67375 0.58125 0.678125 0.585 0.68625 0.585625 0.689375 0.5825 0.68625 0.5425
0 0.68875 0.685 0.685625 0.688125 0.685625 0.71 0.69125 0.72375 0.70625 0.72625 0.7075 0.7025
0 0.684375 0.618125 0.685 0.6825 0.6925 0.684375 0.70125 0.66375 0.69375 0.61875
