0 0.4575 0.025625 0.46 0.049375 0.469375 0.05 0.473125 0.05375 0.484375 0.05125 0.486875 0.04125 0.494375 0.038125 0.501875 0.04 0.510625 0.03625 0.5175 0.043125 0.51875 0.05125 0.524375 0.055 0.526875 0.06125 0.525 0.07125 0.5325 0.096875 0.529375 0.101875 0.53125 0.106875 0.529375 0.10875 0.53 0.115625 0.536875 0.131875 0.535 0.13625 0.52875 0.1375 0.53 0.16875 0.52625 0.1775 0.518125 0.181875 0.5175 0.189375 0.52 0.1925 0.516875 0.195625 0.518125 0.205 0.515 0.213125 0.514375 0.23 0.509375 0.244375 0.504375 0.250625 0.499375 0.275625 0.495 0.279375 0.495 0.300625 0.49125 0.306875 0.491875 0.31875 0.488125 0.33125 0.49 0.336875 0.4875 0.379375 0.488125 0.43 0.48375 0.45625 0.47375 0.47625 0.47375 0.495833125 0.46875 0.5075 0.465 0.540625 0.458125 0.56625 0.45875 0.581875 0.455625 0.585 0.455 0.603125 0.4525 0.608125 0.4575 0.615 0.453125 0.62375 0.445625 0.629375 0.443125 0.649375 0.435 0.66125 0.435625 0.676875 0.43125 0.681875 0.43 0.714375 0.42875 0.721875 0.423125 0.73 0.42125 0.744375 0.42125 0.748125 0.426875 0.75 0.429375 0.76 0.428125 0.763125 0.41875 0.765625 0.41625 0.77375 0.419375 0.784375 0.414375 0.793125 0.413125 0.816875 0.416875 0.82375 0.416875 0.83 0.413125 0.835 0.415 0.841875 0.42 0.845625 0.43625 0.841875 0.4325 0.83375 0.4375 0.82 0.444375 0.81625 0.443125 0.809375 0.445 0.805625 0.440625 0.800625 0.450625 0.793125 0.494375 0.8 0.486875 0.81875 0.4875 0.831875 0.495625 0.83125 0.519375 0.785625 0.521875 0.75625 0.526875 0.745 0.525625 0.725625 0.52875 0.686875 0.531875 0.67875 0.535 0.59125 0.545 0.54375 0.545625 0.5025 0.550625 0.484375 0.554375 0.44875 0.56125 0.419375 0.560625 0.40875 0.57375 0.341875 0.571875 0.32125 0.574375 0.316875 0.573125 0.306875 0.569375 0.30125 0.573125 0.279375 0.57125 0.273125 0.579375 0.251875 0.578125 0.24375 0.5825 0.223125 0.59125 0.205 0.598125 0.183125 0.6 0.166875 0.604375 0.164375 0.610625 0.131875 0.618125 0.115625 0.6175 0.0925 0.6225 0.084375 0.63125 0.049375 0.635 0.0425 0.636875 0.043125 0.643125 0.0275 0.654375 0.023125 0.6575 0.018125 0.66125 0.019375 0.664375 0.015625 0.665625 0.0075 0.659375 0 0.470625 0 0.46625 0.01375 0.459375 0.015
0 0.6025 0.73 0.603125 0.748125 0.59875 0.768125 0.59875 0.7825 0.605625 0.79 0.6125 0.791875 0.64 0.795625 0.6475 0.793125 0.651875 0.78125 0.654375 0.741875 0.653125 0.725 0.66125 0.698125 0.661875 0.685625 0.654375 0.68125 0.64375 0.68 0.626875 0.669375 0.6175 0.670625 0.614375 0.67625 0.609375 0.71375
0 0.23875 0.675 0.23375 0.7025 0.234375 0.716875 0.236875 0.718125 0.240625 0.7175 0.249375 0.7025 0.256875 0.68125 0.265 0.673125 0.26125 0.665 0.26 0.653125 0.26875 0.63625 0.269375 0.625 0.258125 0.623125 0.253125 0.625625
0 0.25125 0.633125 0.2475 0.6475 0.251875 0.65 0.25625 0.6475 0.253125 0.643125 0.258125 0.63625 0.255625 0.631875
0 0.2575 0.595625 0.25875 0.601875 0.265 0.605 0.273125 0.59875 0.293125 0.553125 0.295 0.541875 0.29125 0.53625 0.2825 0.53625 0.27625 0.54 0.27 0.553125
0 0.28625 0.43375 0.2875 0.440625 0.296875 0.44625 0.3 0.443125 0.30125 0.435 0.29875 0.43125 0.293125 0.430625
0 0.293125 0.46625 0.29125 0.49625 0.293125 0.508125 0.296875 0.51125 0.31375 0.490625 0.314375 0.481875 0.3175 0.480625 0.31625 0.47875 0.325625 0.4625 0.325 0.413125 0.32 0.4125 0.3175 0.415625 0.313125 0.414375 0.30625 0.42125 0.305625 0.43
0 0.335 0.23375 0.33375 0.24125 0.33625 0.244375 0.3475 0.241875 0.35375 0.234375 0.35 0.229375 0.341875 0.229375
0 0.373125 0.1475 0.37125 0.153125 0.373125 0.16125 0.38 0.16125 0.388125 0.1575 0.388125 0.153125 0.38 0.14625 0.37625 0.145
0 0.251875 0.92375 0.25125 0.93875 0.25625 0.9425 0.273125 0.93875 0.279375 0.92875 0.28375 0.9075 0.283125 0.869375 0.27625 0.8625 0.2675 0.8625 0.26125 0.86875
0 0.223125 0.770625 0.22 0.78625 0.22375 0.791875 0.229375 0.79375 0.238125 0.79 0.244375 0.778125 0.245625 0.768125 0.243125 0.76375 0.238125 0.760625 0.23 0.76125
0 0.223125 0.8225 0.22 0.829375 0.226875 0.835625 0.23 0.83375 0.244375 0.839375 0.254375 0.834375 0.25125 0.826875 0.24625 0.823125 0.234375 0.82 0.22625 0.82
0 0.19875 0.696875 0.2 0.7075 0.213125 0.70625 0.22375 0.700625 0.225 0.688125 0.21875 0.68375 0.209375 0.683125 0.2025 0.6875
