0 0.54125 0.7390625 0.133125 0.50625
0 0.5228125 0.2653125 0.211875 0.530625
0 0.543125 0.225625 0.5425 0.230625 0.546875 0.235 0.5675 0.224375 0.56875 0.208125 0.556875 0.199375
0 0.651875 0.776875 0.668125 0.98 0.68 0.999375 0.695625 0.999375 0.6775 0.814375 0.665625 0.778125 0.6575 0.769375
0 0.659375 0.84875 0.658125 0.873125 0.664375 0.8775 0.67875 0.87875 0.67875 0.846875
0 0.559375 0.278125 0.56625 0.2875 0.574375 0.28875 0.59875 0.275625 0.59125 0.25875 0.5725 0.264375
0 0.639375 0.709375 0.64375 0.7625 0.6575 0.768125 0.66 0.72375 0.653125 0.7075
0 0.63875 0.708125 0.64375 0.765625 0.650625 0.768125 0.655 0.761875 0.66125 0.728125 0.65375 0.7075
0 0.650625 0.77 0.65375 0.800625 0.66125 0.824375 0.665625 0.833125 0.678125 0.834375 0.678125 0.81375 0.6725 0.793125 0.66625 0.77875
0 0.664375 0.931875 0.668125 0.980625 0.684375 0.999375 0.694375 0.999375 0.68625 0.930625
0 0.6425 0.665625 0.63625 0.674375 0.63875 0.69375 0.650625 0.6975 0.653125 0.694375 0.651875 0.6675 0.648125 0.664375
0 0.573125 0.32 0.565625 0.3275 0.57 0.38375 0.573125 0.401875 0.58125 0.40375 0.609375 0.369375 0.606875 0.35 0.596875 0.320625
0 0.586875 0.40375 0.58375 0.424375 0.585 0.43875 0.616875 0.60875 0.63875 0.69375 0.65125 0.696875 0.65375 0.69125 0.650625 0.63375 0.609375 0.389375 0.600625 0.389375
