0 0.464375 0.348125 0.463125 0.390625 0.468125 0.5425 0.466875 0.56125 0.4675 0.5675 0.470625 0.570625 0.476875 0.55 0.476875 0.514375 0.474375 0.3375 0.47375 0.330625 0.47 0.325625 0.46625 0.33125
0 0.446875 0.3725 0.44625 0.55 0.4475 0.58125 0.45125 0.5875 0.44875 0.59125 0.44875 0.599375 0.45125 0.6 0.453125 0.59625 0.455 0.53625 0.454375 0.433125 0.449375 0.36
0 0.45625 0 0.459375 0.011875 0.463125 0.015625 0.4625 0.023125 0.45625 0.028125 0.455 0.05375 0.465625 0.159375 0.464375 0.234375 0.461875 0.244375 0.46375 0.295625 0.461875 0.398125 0.463125 0.45625 0.465625 0.4625 0.463125 0.466875 0.465 0.468125 0.463125 0.480625 0.46625 0.4953125 0.46625 0.5675 0.4775 0.585625 0.475 0.2 0.47125 0
0 0.40125 0.085 0.404375 0.0925 0.400625 0.09875 0.403125 0.106875 0.404375 0.186875 0.4075 0.1975 0.41125 0.14625 0.410625 0.088125 0.4075 0.049375 0.404375 0.04625
0 0.396875 0.261875 0.399375 0.2725 0.39625 0.279375 0.39625 0.289375 0.400625 0.2925 0.40375 0.29 0.405625 0.27625 0.404375 0.249375 0.400625 0.25 0.3975 0.255 0.39875 0.259375
0 0.396875 0.34125 0.396875 0.386875 0.400625 0.39875 0.40375 0.359375 0.4025 0.340625 0.3975 0.338125
0 0.398125 0.375 0.400625 0.391875 0.4025 0.375625 0.400625 0.37375
0 0.4075 0.95125 0.408125 0.988125 0.415 0.988125 0.41625 0.965625 0.413125 0.96375
0 0.3975 0.346875 0.396875 0.359375 0.400625 0.37125 0.40375 0.3525 0.400625 0.34
0 0.4075 0.910625 0.406875 0.945625 0.40875 0.9475 0.415625 0.94 0.41625 0.924375 0.415 0.91 0.41 0.913125
0 0.4 0.470625 0.393125 0.486875 0.39375 0.55875 0.396875 0.595625 0.4 0.6 0.4025 0.63625 0.4025 0.679375 0.39875 0.68125 0.3975 0.693125 0.400625 0.71875 0.40375 0.845625 0.41125 0.846875 0.41125 0.84375 0.4075 0.840625 0.4075 0.83625 0.41125 0.8325 0.4125 0.78625 0.40875 0.701875 0.40625 0.699375 0.408125 0.694375 0.409375 0.6325 0.406875 0.6175 0.40875 0.605625 0.405 0.47625 0.40375 0.47125
0 0.44625 0.386875 0.448125 0.39625 0.448125 0.45177875 0.445 0.51875 0.4475 0.535625 0.445625 0.560625 0.448125 0.575625 0.44625 0.58125 0.449375 0.608125 0.445625 0.713125 0.4475 0.863125 0.450625 0.999375 0.459375 0.999375 0.46 0.949375 0.4575 0.94125 0.456875 0.914375 0.459375 0.79625 0.455 0.72125 0.455 0.71125 0.458125 0.70375 0.45625 0.535625 0.45375 0.528125 0.455 0.431875 0.449375 0.38125
0 0.446875 0.48375 0.445625 0.546875 0.446875 0.581875 0.449375 0.586875 0.4475 0.59875 0.45125 0.60125 0.45125 0.59 0.453125 0.58875 0.4525 0.525625 0.451875 0.485625 0.449375 0.478125
0 0.44875 0.633125 0.44875 0.65125 0.44125 0.66125 0.441875 0.675 0.446875 0.6825 0.441875 0.68875 0.44125 0.695 0.441875 0.72375 0.445 0.725625 0.444375 0.735625 0.441875 0.736875 0.441875 0.766875 0.445625 0.789375 0.441875 0.793125 0.44125 0.8525 0.446875 0.98625 0.441875 0.995 0.44625 0.999375 0.458125 0.999375 0.456875 0.848125 0.455 0.845625 0.456875 0.8 0.453125 0.785 0.455 0.766875 0.453125 0.76125 0.453125 0.720625 0.454375 0.705 0.45625 0.70375 0.453125 0.69375 0.45375 0.675625 0.45625 0.675 0.453125 0.66375 0.453125 0.6425 0.45625 0.64 0.45625 0.633125
