0 0.424375 0.583125 0.42375 0.6125 0.4275 0.629375 0.428125 0.654125 0.425 0.73375 0.4275 0.740625 0.431875 0.741875 0.436875 0.73375 0.44 0.684375 0.449375 0.619375 0.45 0.5925 0.43875 0.5325 0.435 0.534375 0.433125 0.55625
0 0.453125 0.6825 0.4525 0.728125 0.45375 0.738125 0.456875 0.740625 0.46 0.73375 0.465 0.67875 0.466875 0.595 0.463125 0.5875 0.45875 0.591875 0.45625 0.605625 0.456875 0.631875
0 0.609375 0.563125 0.609375 0.586875 0.615625 0.579375 0.615 0.55625 0.61 0.556875
0 0.6125 0.42125 0.60875 0.459375 0.61625 0.50375 0.620625 0.46625 0.619375 0.414375 0.615625 0.414375
0 0.615625 0.300625 0.615 0.32875 0.6225 0.335625 0.624375 0.329375 0.633125 0.318125 0.631875 0.3125 0.636875 0.3075 0.63375 0.3 0.63875 0.275625 0.6375 0.2425 0.63875 0.23 0.643125 0.22375 0.641875 0.215 0.644375 0.21 0.645 0.196875 0.644375 0.153125 0.641875 0.14625 0.64375 0.14 0.64 0.13875 0.63875 0.1225 0.646875 0.046875 0.646875 0.043125 0.639375 0.03375 0.639375 0.029375 0.641875 0.026875 0.640625 0.0175 0.645625 0.001875 0.650625 0 0.62875 0 0.629375 0.175 0.6275 0.19625 0.623125 0.201875 0.6225 0.234375
0 0.574375 0.39 0.57125 0.419375 0.573125 0.454375 0.57125 0.514375 0.573125 0.530625 0.57125 0.53625 0.57375 0.54375 0.578125 0.539375 0.578125 0.5275 0.58125 0.523125 0.583125 0.501875 0.581875 0.48 0.586875 0.45375 0.584375 0.39 0.58125 0.38125
0 0.56625 0.6625 0.565 0.678125 0.5675 0.71 0.570625 0.72125 0.57375 0.721875 0.579375 0.696875 0.580625 0.664375 0.57875 0.656875 0.5725 0.648125 0.5675 0.653125
0 0.585 0.855625 0.59 0.9 0.5875 0.91625 0.58625 0.98 0.5825 0.995 0.58625 0.999375 0.59875 0.999375 0.59875 0.94 0.605 0.871875 0.608125 0.786875 0.60875 0.736875 0.605625 0.7275 0.601875 0.730625 0.598125 0.744375 0.593125 0.8275
0 0.49125 0.87125 0.49125 0.959375 0.49875 0.954375 0.501875 0.935625 0.500625 0.926875 0.505625 0.91125 0.505625 0.896875 0.5025 0.893125 0.501875 0.86375 0.498125 0.860625 0.494375 0.86125
0 0.49875 0.736875 0.49875 0.7525 0.50125 0.759375 0.505 0.76 0.50875 0.75375 0.5075 0.726875 0.50125 0.726875
0 0.58375 0.211875 0.583125 0.2375 0.584375 0.24125 0.59 0.2425 0.5925 0.24125 0.594375 0.233125 0.593125 0.21 0.59125 0.206875 0.5875 0.206875
0 0.5846875 0.353125 0.016875 0.03625
0 0.571875 0.584375 0.01875 0.03875
0 0.61 0.585 0.0275 0.1225
