0 0.4221875 0.669375 0.03 0.3675
0 0.4275 0.908125 0.421875 0.916875 0.4175 0.919375 0.42 0.9475 0.4175 0.961875 0.419375 0.999375 0.431875 0.999375 0.4325 0.995 0.4325 0.9625 0.43 0.955625 0.431875 0.935 0.43 0.909375
0 0.426875 0.931875 0.01625 0.135
0 0.534375 0 0.52625 0 0.52625 0.001875 0.530625 0.03375 0.534375 0.175 0.53625 0.188125 0.54 0.195625 0.5375 0.025
0 0.424375 0.426875 0.42375 0.45625 0.42625 0.45875 0.429375 0.438125 0.42875 0.43125
0 0.518125 0 0.518125 0.11 0.5225 0.285 0.52625 0.291875 0.528125 0.278125 0.52375 0.059375 0.524375 0.04625 0.526875 0.043125 0.526875 0.02625 0.525625 0
0 0.42375 0.85125 0.424375 0.856875 0.42125 0.8625 0.42375 0.873125 0.42875 0.878125 0.42875 0.846875
0 0.424375 0.495625 0.42375 0.52875 0.425 0.535625 0.428125 0.53625 0.430625 0.525625 0.428125 0.506875 0.429375 0.495 0.425 0.49125
0 0.42375 0.3575 0.423125 0.403125 0.425 0.409375 0.428125 0.41125 0.42875 0.35625 0.425 0.349375
0 0.42 0.750625 0.41875 0.7725 0.423125 0.82625 0.421875 0.835 0.42875 0.83625 0.4325 0.79625 0.43 0.74375
0 0.42125 0.55 0.423125 0.56125 0.414375 0.570625 0.42 0.6 0.423125 0.601875 0.420625 0.605 0.421875 0.616875 0.41875 0.640625 0.420625 0.64875 0.42 0.67875 0.4175 0.68625 0.42 0.68875 0.42125 0.698125 0.420625 0.735 0.431875 0.7425 0.430625 0.733125 0.4325 0.72625 0.42875 0.7 0.431875 0.671875 0.42875 0.649375 0.43 0.55 0.42875 0.548125
0 0.5375 0.498125 0.53625 0.511875 0.54 0.51625 0.543125 0.5125 0.543125 0.48625 0.540625 0.4875 0.541875 0.490625
0 0.533125 0 0.525 0 0.52875 0.0075 0.52625 0.015 0.528125 0.026875 0.5325 0.02875
0 0.535625 0.5675 0.535625 0.720625 0.54 0.725625 0.543125 0.70625 0.543125 0.5325 0.539375 0.534375 0.53625 0.545
