0 0.13128854268094775 0.4280936454849498 0.22038299253489127 0.023411371237458192
0 0.2703667640376501 0.46265328874024525 0.26906848425835767 0.46711259754738016 0.26939305420318077 0.47268673355629875 0.2862706913339825 0.48049052396878483 0.29665692956832196 0.4927536231884058 0.3060694579681921 0.496098104793757 0.33755274261603374 0.496098104793757 0.3466407010710808 0.5005574136008919 0.35215839013307365 0.5094760312151616 0.35800064913988966 0.5128205128205128 0.39922103213242455 0.5128205128205128 0.4053878610840636 0.5083612040133779 0.40279130152547876 0.5005574136008919 0.3958130477117819 0.5005574136008919 0.35183382018825055 0.46153846153846156 0.3050957481337228 0.4593088071348941
0 0.10548523206751055 0.463768115942029 0.10580980201233366 0.47157190635451507 0.10938007140538786 0.47491638795986624 0.13988964621876016 0.4738015607580825 0.13729308666017526 0.4659977703455964 0.13274910743265173 0.4682274247491639 0.12755598831548198 0.46265328874024525
0 0.15839013307367739 0.4593088071348941 0.14832846478416098 0.4738015607580825 0.20220707562479714 0.48049052396878483 0.21876014281077572 0.48940914158305465 0.2353132099967543 0.48940914158305465 0.24829600778967867 0.48717948717948717 0.25154170723790975 0.48272017837235226 0.25511197663096397 0.47045707915273133 0.2596559558584875 0.4693422519509476 0.25543654657578707 0.46153846153846156 0.24440116845180138 0.4593088071348941
0 0.20869847452125934 0.5161649944258639 0.20804933463161313 0.5183946488294314 0.21324245374878287 0.5228539576365663 0.24083089905874716 0.5295429208472687 0.25381369685167154 0.5429208472686734 0.27945472249269715 0.5496098104793757 0.2904901006166829 0.5473801560758083 0.3015254787406686 0.5395763656633222 0.3041220382992535 0.5340022296544036 0.3031483284647842 0.5284280936454849 0.29990262901655307 0.5250836120401338 0.27203018500486853 0.5239687848383501 0.25413826679649465 0.5161649944258639
0 0.029860434923726063 0.5362318840579711 0 0.5418060200668896 0 0.5540691192865106 0.11619604024667315 0.5663322185061316 0.13988964621876016 0.5641025641025641 0.11554690035702694 0.5462653288740246 0.0798442064264849 0.5406911928651059 0.0691333982473223 0.5306577480490524 0.06329113924050633 0.5306577480490524 0.05842259006815969 0.5362318840579711
0 0.459915611814346 0.5395763656633222 0.45861733203505356 0.5462653288740246 0.45894190197987667 0.5551839464882943 0.4644595910418695 0.5596432552954292 0.5546900357026939 0.5618729096989966 0.5666991236611489 0.5663322185061316 0.5813047711781889 0.5641025641025641 0.5858487504057124 0.5574136008918618 0.5813047711781889 0.5362318840579711 0.5741642323920805 0.5351170568561873 0.5660499837715027 0.5228539576365663 0.5329438493995456 0.5172798216276477 0.48685491723466406 0.5195094760312151 0.4738721194417397 0.5250836120401338
0 0.10516066212268745 0.463768115942029 0.10516066212268745 0.47157190635451507 0.11230120090879585 0.47714604236343366 0.1976630963972736 0.48049052396878483 0.22005842259006816 0.49052396878483834 0.2460240181759169 0.48940914158305465 0.25705939629990265 0.47714604236343366 0.270042194092827 0.47714604236343366 0.2875689711132749 0.483835005574136 0.3012009087958455 0.49498327759197325 0.33820188250567995 0.4983277591973244 0.358974358974359 0.5150501672240803 0.39857189224277834 0.5172798216276477 0.39824732229795523 0.5362318840579711 0.39662447257383965 0.5395763656633222 0.39954560207724765 0.5384615384615384 0.40019474196689386 0.5429208472686734 0.45407335280753003 0.5451505016722408 0.45894190197987667 0.5574136008918618 0.4670561506004544 0.5607580824972129 0.5050308341447582 0.5641025641025641 0.542620253164557 0.5607580824972129 0.5715676728334956 0.5674470457079153 0.5851996105160662 0.5629877369007804 0.5894190197987667 0.5518394648829431 0.6008253813696852 0.5507246376811594 0.620253164556962 0.5618729096989966 0.6549821486530347 0.5629877369007804 0.6624472573839663 0.568561872909699 0.6660175267770204 0.5808249721293199 0.6718597857838364 0.5841694537346711 0.6796494644595911 0.5774804905239688 0.6815968841285297 0.5908584169453734 0.6897111327491074 0.5953177257525084 0.6975008114248621 0.5897435897435898 0.7020447906523856 0.5953177257525084 0.7052904901006167 0.5930880713489409 0.706264199935086 0.5986622073578596 0.7143784485556638 0.600891861761427 0.7169750081142486 0.6053511705685619 0.7442388834793898 0.6086956521739131 0.7766958779617007 0.6053511705685619 0.7900032456994482 0.6098104793756968 0.7925998052580331 0.6053511705685619 0.8000649139889646 0.6086956521739131 0.8120740019474196 0.6064659977703456 0.813047711781889 0.6020066889632107 0.8149951314508277 0.6064659977703456 0.8704965920155794 0.6142697881828316 0.8841285296981499 0.6109253065774805 0.8893216488153197 0.6164994425863991 0.8974358974358975 0.6176142697881828 0.9006815968841285 0.6265328874024526 0.9045764362220059 0.6276477146042363 0.9224277831872768 0.6287625418060201 0.925673482635508 0.6231884057971014 0.9178838039597533 0.6153846153846154 0.9175592340149302 0.5741360089186176 0.9208049334631613 0.5707915273132664 0.9188575137942226 0.5674470457079153 0.896137617656605 0.5652173913043478 0.8876987990912042 0.5562987736900781 0.8552418046088932 0.5529542920847269 0.8396624472573839 0.5440356744704571 0.7890295358649789 0.5406911928651059 0.7796170074651088 0.5284280936454849 0.7805907172995781 0.5172798216276477 0.7844855566374553 0.5117056856187291 0.7812398571892243 0.5050167224080268 0.7293086660175268 0.5016722408026756 0.6812723141837066 0.49498327759197325 0.6708860759493671 0.4882943143812709 0.617007465108731 0.483835005574136 0.5401655306718598 0.4816053511705686 0.5306718597857838 0.49052396878483834 0.38299253489126905 0.4882943143812709 0.35475494969165855 0.463768115942029 0.3453424212917884 0.4604236343366778 0.1596884128529698 0.45819397993311034 0.1528724440116845 0.46488294314381273
0 0.6095423563777994 0.5351170568561873 0.6098669263226225 0.5395763656633222 0.6079195066536839 0.5429208472686734 0.6085686465433301 0.5496098104793757 0.617332035053554 0.5596432552954292 0.6809477442388835 0.5663322185061316 0.7104836092177864 0.5663322185061316 0.7361246348588121 0.5607580824972129 0.7484582927620902 0.5429208472686734 0.6770529049010061 0.5373467112597548 0.6582278481012658 0.5295429208472687 0.617007465108731 0.5261984392419174 0.6124634858812074 0.5284280936454849
0 0.6163583252190847 0.5763656633221851 0.6147354754949692 0.5774804905239688 0.6394027913015254 0.5919732441471572 0.6890619928594612 0.6053511705685619 0.7958455047062643 0.6131549609810479 0.8283024991885751 0.6086956521739131 0.8945147679324894 0.6198439241917503 0.9113924050632911 0.6298773690078038 0.9292437520285621 0.6287625418060201 0.9269717624148004 0.6220735785953178 0.9188575137942226 0.6153846153846154 0.8951639078221356 0.6064659977703456 0.8919182083739046 0.5953177257525084 0.8889970788704966 0.5919732441471572 0.8218111002921129 0.5752508361204013 0.7276858162934112 0.5741360089186176 0.667640376501136 0.568561872909699 0.6488153197013956 0.5752508361204013
0 0.756897111327491 0.5395763656633222 0.7552742616033755 0.5429208472686734 0.7559234014930217 0.5473801560758083 0.7643622200584226 0.5585284280936454 0.7925277507302823 0.5596432552954292 0.8046088932164882 0.5674470457079153 0.9195066536838689 0.5707915273132664 0.9185329438493995 0.5674470457079153 0.896137617656605 0.5652173913043478 0.8886725089256735 0.5562987736900781 0.8468029860434924 0.5496098104793757 0.8406361570918532 0.5429208472686734 0.7903278156442713 0.5384615384615384 0.7786432976306394 0.5273132664437012 0.7650113599480688 0.5284280936454849
0 0.10548523206751055 0.46488294314381273 0.10548523206751055 0.47157190635451507 0.11100292112950341 0.4760312151616499 0.20318078545926646 0.4793756967670011 0.2184355728659526 0.48940914158305465 0.24862057773450177 0.48717948717948717 0.24959428756897112 0.4816053511705686 0.2599805258033106 0.47157190635451507 0.26517364492048034 0.47714604236343366 0.2862706913339825 0.4793756967670011 0.2934112301200909 0.49052396878483834 0.3021746186303148 0.49498327759197325 0.34177215189873417 0.4983277591973244 0.35475494969165855 0.5117056856187291 0.36481661798117493 0.5150501672240803 0.4644595910418695 0.5161649944258639 0.4677052904901006 0.5183946488294314 0.46997728010386236 0.5340022296544036 0.4625121713729309 0.5395763656633222 0.4621876014281078 0.5429208472686734 0.4641350210970464 0.5473801560758083 0.4621876014281078 0.5562987736900781 0.48555663745537164 0.5607580824972129 0.5212593313859136 0.5585284280936454 0.5611814345991561 0.5652173913043478 0.5848750405712431 0.5607580824972129 0.5858487504057124 0.5562987736900781 0.5835767607919506 0.5496098104793757 0.5780590717299579 0.5462653288740246 0.5784647841609867 0.5206243032329989 0.6267445634534242 0.5250836120401338 0.7111327491074326 0.5117056856187291 0.7380720545277507 0.5128205128205128 0.7474845829276209 0.5172798216276477 0.780266147354755 0.5172798216276477 0.7844855566374553 0.5117056856187291 0.7815644271340474 0.5050167224080268 0.7002827004219409 0.49944258639910816 0.6828951639078221 0.496098104793757 0.6751054852320675 0.48940914158305465 0.6157091853294385 0.483835005574136 0.5387861084063615 0.4816053511705686 0.5329438493995456 0.49052396878483834 0.5267770204479065 0.4916387959866221 0.4371957156767283 0.4882943143812709 0.3875365141187926 0.4916387959866221 0.373904576436222 0.48049052396878483 0.36871145731905225 0.48049052396878483 0.35086011035378123 0.46265328874024525 0.3388510223953262 0.4604236343366778 0.16131126257708536 0.45819397993311034 0.15384615384615385 0.46488294314381273 0.14021421616358326 0.46711259754738016 0.11684518013631938 0.46153846153846156
0 0.2872444011684518 0.43032329988851725 0.2869198312236287 0.43478260869565216 0.2885426809477442 0.43924191750278707 0.29503407984420643 0.44258639910813824 0.34047387211944175 0.44258639910813824 0.3479389808503733 0.43478260869565216 0.34436871145731907 0.42920847268673357 0.3151574164232392 0.4269788182831661
