0 0.315625 0.553125 0.314375 0.57375 0.334375 0.859375 0.33875 0.914375 0.3425 0.919375 0.3425 0.854375 0.331875 0.6875 0.334375 0.664375 0.334375 0.61875 0.328125 0.55875 0.321875 0.54625 0.316875 0.54875
0 0.358125 0.95875 0.351875 0.973125 0.355 0.999375 0.359375 0.999375 0.36625 0.98875 0.36625 0.9725 0.363125 0.961875
0 0.35875 0.959375 0.355 0.97 0.355 0.98375 0.36125 0.983125 0.365625 0.98875 0.36625 0.973125 0.36125 0.96875 0.363125 0.963125
0 0.355 0.886875 0.355625 0.8975 0.3525 0.904375 0.355625 0.92875 0.35875 0.92875 0.3625 0.90875 0.360625 0.90125 0.3625 0.89375 0.359375 0.881875
0 0.354375 0.89125 0.35375 0.915625 0.356875 0.91875 0.355625 0.921875 0.35875 0.9275 0.3625 0.91 0.3625 0.893125 0.36125 0.888125 0.35625 0.88625
0 0.351875 0.806875 0.351875 0.86375 0.355 0.868125 0.354375 0.874375 0.359375 0.8775 0.361875 0.855625 0.359375 0.83875 0.36125 0.82875 0.359375 0.80625
0 0.35125 0.674375 0.353125 0.72375 0.3575 0.721875 0.35875 0.71625 0.355625 0.673125
0 0.35125 0.816875 0.351875 0.864375 0.354375 0.870625 0.353125 0.873125 0.359375 0.876875 0.3625 0.850625 0.360625 0.844375 0.361875 0.82375 0.35875 0.8075 0.353125 0.808125
0 0.351875 0.74375 0.351875 0.78 0.35875 0.780625 0.36 0.743125 0.359375 0.73625 0.355625 0.7325
0 0.351875 0.75 0.3525 0.77875 0.359375 0.7725 0.359375 0.743125 0.35625 0.7375
0 0.29375 0.0775 0.293125 0.13375 0.296875 0.148125 0.300625 0.14125 0.301875 0.1125 0.29625 0.07
