0 0.54375 0.32375 0.54375 0.42625 0.534375 0.485 0.53625 0.511875 0.53875 0.518125 0.53625 0.525625 0.540625 0.586875 0.53875 0.620625 0.54125 0.73125 0.5475 0.790625 0.546875 0.82125 0.549375 0.825625 0.554375 0.858125 0.55375 0.914375 0.55 0.920625 0.55125 0.925625 0.54875 0.931875 0.553125 0.950625 0.55 0.983125 0.545625 0.9875 0.551875 0.999375 0.59375 0.999375 0.595625 0.99375 0.588125 0.97875 0.568125 0.744375 0.56375 0.73 0.5625 0.70125 0.565 0.63 0.555 0.47875 0.553125 0.37625 0.55 0.348125 0.550625 0.330625 0.546875 0.31875
0 0.570625 0.213125 0.574375 0.31625 0.57625 0.325625 0.579375 0.328125 0.5875 0.316875 0.58875 0.309375 0.585 0.20625 0.57875 0.204375 0.573125 0.208125
0 0.5425 0.224375 0.541875 0.315 0.545 0.3325 0.54875 0.33625 0.55125 0.328125 0.55 0.254375 0.546875 0.221875 0.543125 0.219375
0 0.468125 0.066875 0.469375 0.115625 0.47375 0.136875 0.476875 0.135625 0.47875 0.128125 0.478125 0.07625 0.47375 0.0575 0.47 0.056875
0 0.453125 0.240625 0.458125 0.243125 0.460625 0.25125 0.458125 0.27 0.46125 0.2875 0.4525 0.28875 0.455625 0.328125 0.46125 0.3275 0.46625 0.351875 0.466875 0.373125 0.47 0.384375 0.47375 0.3875 0.475625 0.3775 0.475 0.326875 0.469375 0.2796875 0.471875 0.265 0.4675 0.245625 0.468125 0.22125 0.465625 0.20375 0.470625 0.1825 0.47125 0.166875 0.466875 0.1575 0.465625 0.159375 0.459375 0.1575 0.459375 0.1775 0.455625 0.181875 0.45875 0.185 0.45875 0.23
0 0.46875 0.07 0.4725 0.090625 0.46625 0.1025 0.47375 0.135625 0.476875 0.13375 0.47875 0.126875 0.478125 0.070625 0.47375 0.05875
0 0.465 0.315 0.466875 0.359375 0.47 0.374375 0.47375 0.379375 0.473125 0.325 0.470625 0.313125 0.466875 0.3125
0 0.46875 0.395625 0.47 0.409375 0.465625 0.414375 0.46625 0.443125 0.474375 0.45375 0.476875 0.468125 0.480625 0.47 0.4825 0.4525 0.4775 0.40375 0.47625 0.3975 0.471875 0.394375
0 0.48 0.498125 0.478125 0.5025 0.4825 0.528125 0.481875 0.554375 0.485 0.56 0.483125 0.564375 0.4875 0.60375 0.491875 0.61375 0.49375 0.595 0.491875 0.590625 0.49125 0.514375 0.485625 0.49875
0 0.563125 0.025 0.56375 0.030625 0.55625 0.060625 0.565 0.076875 0.56375 0.081875 0.566875 0.105625 0.57 0.114375 0.57125 0.1525 0.566875 0.175 0.575 0.204375 0.57125 0.22 0.574375 0.228125 0.570625 0.230625 0.573125 0.25125 0.57125 0.259375 0.574375 0.321875 0.576875 0.3275 0.58125 0.329375 0.580625 0.324375 0.58875 0.31375 0.589375 0.28625 0.586875 0.135 0.58125 0.0075 0.57875 0.00625 0.58 0 0.5725 0 0.575 0.0075
0 0.610625 0.90375 0.61 0.91875 0.615 0.968125 0.61875 0.98375 0.623125 0.985625 0.63 0.9825 0.63125 0.973125 0.623125 0.895625 0.619375 0.884375 0.615625 0.89 0.61625 0.895625
0 0.573125 0.99375 0.57125 0.999375 0.59375 0.999375 0.595 0.995 0.58875 0.98625 0.585625 0.98875 0.58125 0.98625
0 0.53125 0.95875 0.530625 0.988125 0.5275 0.994375 0.53 0.999375 0.56 0.999375 0.560625 0.994375 0.554375 0.9725 0.55125 0.969375 0.54125 0.9675 0.53375 0.9575
