0 0.5421875 0.706875 0.024375 0.11125
0 0.418125 0.2996875 0.02875 0.0975
0 0.4525 0.2478125 0.033125 0.135625
0 0.4115625 0.1115625 0.015 0.09125
0 0.46 0.1215625 0.030625 0.068125
0 0.4640625 0.041875 0.025 0.078125
0 0.4384375 0.159375 0.013125 0.021875
0 0.420625 0.260625 0.018125 0.026875
0 0.406875 0.050625 0.01 0.01125
0 0.3965625 0.474375 0.0075 0.00625
0 0.57125 0.6534375 0.01625 0.074375
0 0.5696875 0.7109375 0.0275 0.181875
0 0.460625 0.003125 0.46 0.01875 0.435 0.1575 0.438125 0.17625 0.43625 0.2 0.438125 0.274375 0.44375 0.286875 0.444375 0.30625 0.4525 0.31 0.456875 0.3075 0.463125 0.259375 0.471875 0.119375 0.470625 0.011875 0.473125 0.00375 0.4725 0 0.46125 0
0 0.405625 0.070625 0.4075 0.21375 0.405 0.350625 0.410625 0.3525 0.418125 0.34375 0.4275 0.32125 0.429375 0.285625 0.426875 0.253125 0.41875 0.249375 0.41625 0.241875 0.419375 0.161875 0.415625 0.121875 0.41625 0.074375 0.411875 0.06625 0.4075 0.066875
