0 0.53 0.155625 0.529375 0.21 0.5325 0.216875 0.535 0.19875 0.54125 0.18625 0.539375 0.119375 0.5325 0.125
0 0.53 0.156875 0.5275 0.254583125 0.525 0.27125 0.525 0.358125 0.523125 0.37625 0.518125 0.383125 0.5225 0.401875 0.525625 0.405 0.53125 0.32125 0.53125 0.28875 0.535 0.255 0.534375 0.206875 0.54125 0.185625 0.539375 0.11875 0.531875 0.12625
0 0.5075 0.45125 0.508125 0.53375 0.50875 0.540625 0.511875 0.54125 0.515625 0.436875 0.515 0.420625 0.5125 0.416875
0 0.518125 0.563125 0.5175 0.57125 0.52125 0.573125 0.521875 0.5675 0.52 0.5625
0 0.52 0.54125 0.51875 0.543125 0.521875 0.546875 0.51875 0.549375 0.51875 0.559375 0.521875 0.555 0.5225 0.54625 0.521875 0.54
0 0.5175 0.480625 0.516875 0.505 0.52 0.529375 0.523125 0.525625 0.525625 0.455 0.523125 0.436875 0.52625 0.426875 0.525625 0.41625 0.521875 0.418125
0 0.543125 0.504375 0.538125 0.806875 0.53875 0.8425 0.541875 0.860625 0.535 0.90375 0.535 0.91625 0.539375 0.921875 0.533125 0.931875 0.5325 0.938125 0.53375 0.94375 0.539375 0.9475 0.538125 0.956875 0.533125 0.959375 0.535 0.984375 0.5425 0.98875 0.546875 0.975625 0.549375 0.949375 0.5475 0.933125 0.550625 0.915625 0.5525 0.7575 0.55 0.668125 0.553125 0.64125 0.553125 0.573125 0.5575 0.47875 0.556875 0.4625 0.55375 0.4525 0.550625 0.45125 0.546875 0.459375
0 0.508125 0.4475 0.508125 0.5325 0.5175 0.5440625 0.514375 0.585 0.51625 0.648125 0.51875 0.663125 0.525 0.65375 0.526875 0.6175 0.52375 0.58 0.52375 0.52375 0.5275 0.389375 0.53625 0.261875 0.534375 0.251875 0.535 0.20375 0.541875 0.186875 0.5425 0.17875 0.539375 0.11875 0.5325 0.121875 0.529375 0.136875 0.525625 0.21 0.526875 0.24958312500000002 0.52375 0.275 0.52375 0.315 0.521875 0.3175 0.523125 0.360625 0.521875 0.374375 0.516875 0.38375 0.52 0.415 0.515625 0.42 0.511875 0.418125 0.51125 0.426875 0.51375 0.431875
0 0.56375 0.70375 0.561875 0.713125 0.564375 0.720625 0.56625 0.70875
0 0.560625 0.6325 0.561875 0.69375 0.564375 0.698125 0.566875 0.689375 0.5675 0.620625 0.5675 0.618125 0.564375 0.616875
0 0.56 0.511875 0.56125 0.54625 0.559375 0.578125 0.56125 0.59625 0.565 0.600625 0.5675 0.59875 0.566875 0.549375 0.564375 0.511875
0 0.563125 0.705 0.5625 0.7175 0.565 0.72125 0.56625 0.71 0.565 0.704375
0 0.560625 0.569375 0.5625 0.59625 0.566875 0.598125 0.5675 0.57625 0.564375 0.565
0 0.56125 0.628125 0.560625 0.655625 0.56375 0.699375 0.56625 0.69375 0.5675 0.6175 0.563125 0.620625
