0 0.456875 0.188125 0.459375 0.216875 0.45625 0.2375 0.4625 0.2825 0.46 0.296875 0.46125 0.4090625 0.459375 0.420625 0.4625 0.4528125 0.459375 0.476875 0.46125 0.4875 0.459375 0.49125 0.464375 0.501875 0.465625 0.513125 0.46875 0.516875 0.46375 0.5225 0.465 0.525625 0.459375 0.53125 0.461875 0.536875 0.458125 0.55 0.465625 0.623125 0.46875 0.6325 0.46625 0.636875 0.476875 0.696875 0.476875 0.7175 0.4825 0.73 0.480625 0.735 0.485 0.738125 0.485625 0.6896875 0.490625 0.675 0.4875 0.66875 0.490625 0.646875 0.480625 0.29 0.47 0.28125 0.471875 0.22 0.470625 0.18875 0.466875 0.170625 0.45875 0.176875
0 0.515625 0 0.515625 0.04625 0.518125 0.051875 0.51625 0.088125 0.518125 0.09375 0.520625 0.094375 0.525625 0.085 0.52125 0.064375 0.5225 0.04625 0.5175 0.035625 0.52 0.0325 0.520625 0.014375 0.525625 0.009375 0.5225 0.008125 0.52625 0
0 0.51875 0.258125 0.518125 0.376875 0.521875 0.380625 0.52375 0.26875 0.521875 0.2575
0 0.436875 0.178125 0.436875 0.235 0.4425 0.3075 0.449375 0.29375 0.445 0.28625 0.449375 0.276875 0.44875 0.230625 0.44375 0.181875 0.44 0.1775
0 0.510625 0.14 0.511875 0.15125 0.51 0.1575 0.51625 0.201875 0.516875 0.245 0.518125 0.251875 0.520625 0.251875 0.524375 0.21375 0.523125 0.16 0.525625 0.154375 0.52375 0.14875 0.525625 0.119375 0.520625 0.11125 0.518125 0.111875 0.516875 0.13625 0.515 0.139375
0 0.435625 0.1075 0.435625 0.12875 0.43875 0.123125 0.436875 0.11875 0.443125 0.113125 0.4425 0.11125 0.4375 0.11125
0 0.47375 0.70625 0.47375 0.74625 0.48 0.84125 0.480625 0.999375 0.494375 0.999375 0.49125 0.9175 0.48875 0.915625 0.49125 0.911875 0.49125 0.88875 0.486875 0.881875 0.49125 0.876875 0.491875 0.869375 0.493125 0.78875 0.49 0.7825 0.493125 0.775625 0.49125 0.75125 0.4875 0.745625 0.4875 0.733125 0.4825 0.7271875 0.4775 0.703125
0 0.438125 0 0.431875 0 0.433125 0.0125 0.435625 0.01625 0.438125 0.011875 0.43625 0.00875
0 0.435625 0.15 0.435625 0.16875 0.4425 0.1625 0.44375 0.154375
0 0.506875 0.526875 0.505 0.536875 0.509375 0.54125 0.51 0.52875
