0 0.33 0.279375 0.33 0.283125 0.326875 0.285625 0.3325 0.315625 0.329375 0.325 0.33 0.355 0.33375 0.365625 0.339375 0.36625 0.343125 0.359375 0.34125 0.335625 0.343125 0.329375 0.339375 0.31 0.340625 0.3075 0.345 0.306875 0.349375 0.310625 0.359375 0.278125 0.35625 0.274375 0.35 0.276875 0.34875 0.2725 0.3475 0.276875 0.343125 0.276875 0.33875 0.271875 0.335 0.27125
0 0.255 0.049375 0.254375 0.05625 0.258125 0.07125 0.275625 0.115625 0.28875 0.16375 0.29125 0.220625 0.28625 0.260625 0.286875 0.275625 0.295625 0.2775 0.29875 0.275625 0.304375 0.259375 0.30375 0.238125 0.30625 0.23 0.303125 0.219375 0.30375 0.208125 0.309375 0.203125 0.3225 0.20375 0.325625 0.205 0.3275 0.21375 0.335 0.220625 0.340625 0.201875 0.34875 0.1975 0.3525 0.1925 0.355 0.178125 0.353125 0.16375 0.365 0.146875 0.36625 0.136875 0.35875 0.118125 0.339375 0.1225 0.33 0.11875 0.316875 0.08625 0.315625 0.0775 0.31125 0.07125 0.3125 0.0675 0.30375 0.056875 0.283125 0.00875 0.27875 0.00875 0.28 0.01625 0.27375 0.02875 0.268125 0.0275 0.265625 0.029375 0.2675 0.04125 0.264375 0.04875
0 0.265625 0.03375 0.27 0.045 0.268125 0.050625 0.270625 0.054375 0.265 0.063125 0.256875 0.06 0.2575 0.068125 0.2775 0.121875 0.290625 0.17125 0.289375 0.23375 0.285625 0.2575 0.285625 0.275625 0.289375 0.280625 0.296875 0.280625 0.304375 0.273125 0.31875 0.28625 0.32375 0.28625 0.32875 0.293125 0.326875 0.310625 0.32875 0.313125 0.32625 0.316875 0.328125 0.34 0.325 0.34875 0.325625 0.36 0.329375 0.365625 0.33875 0.36875 0.345 0.361875 0.345625 0.33875 0.36125 0.2825 0.36 0.265 0.3575 0.260625 0.359375 0.2375 0.350625 0.214375 0.354375 0.20625 0.3575 0.159375 0.36625 0.146875 0.36625 0.13375 0.355 0.104375 0.348125 0.101875 0.344375 0.10875 0.329375 0.111875 0.323125 0.1025 0.324375 0.09875 0.32 0.093125 0.319375 0.083125 0.311875 0.071875 0.315 0.066875 0.310625 0.058125 0.3025 0.05375 0.28375 0.01125 0.280625 0.011875 0.280625 0.024375 0.268125 0.02875
0 0.376875 0.380625 0.378125 0.508125 0.379375 0.51875 0.384375 0.519375 0.3875 0.51625 0.389375 0.504375 0.38875 0.405625 0.385 0.3825 0.38375 0.38
0 0.354375 0.68625 0.3525 0.716875 0.3625 0.72125 0.3675 0.735625 0.374375 0.7375 0.37875 0.73375 0.374375 0.69921875 0.37625 0.65 0.36875 0.65125 0.365 0.661875 0.35875 0.668125
0 0.393125 0.605625 0.38875 0.684375 0.39 0.715625 0.3925 0.7125 0.3975 0.6825 0.400625 0.605625 0.3975 0.59 0.39375 0.5975
0 0.385625 0.79 0.385 0.85375 0.39 0.865625 0.389375 0.880625 0.425 0.9125 0.42125 0.925 0.42375 0.939375 0.42 0.963125 0.425 0.96875 0.428125 0.968125 0.431875 0.963125 0.43375 0.944375 0.438125 0.93 0.435625 0.89875 0.436875 0.8825 0.44375 0.86125 0.4525 0.85 0.45125 0.8325 0.460625 0.815625 0.4625 0.791875 0.453125 0.77875 0.449375 0.779375 0.44875 0.781875 0.418125 0.786875 0.404375 0.783125 0.39875 0.77625 0.398125 0.739375 0.394375 0.734375 0.38875 0.7375 0.388125 0.77625
0 0.361875 0.823125 0.36125 0.854375 0.366875 0.85625 0.37 0.8525 0.37 0.844375 0.37375 0.836875 0.37625 0.810625 0.37375 0.800625 0.3775 0.791875 0.37625 0.775625 0.370625 0.775625 0.366875 0.80875 0.3625 0.81625
0 0.469375 0.945 0.468125 0.953125 0.470625 0.956875 0.478125 0.945625 0.48 0.933125 0.476875 0.9325 0.4725 0.935625
0 0.505 0.435 0.504375 0.43875 0.5075 0.440625 0.51375 0.43875 0.511875 0.43375
