0 0.5621875 0.635625 0.024375 0.213125
0 0.5425 0.6646875 0.014375 0.15
0 0.4078125 0.8609375 0.03125 0.278125
0 0.38 0.40125 0.378125 0.405 0.378125 0.503125 0.381875 0.55 0.38 0.5575 0.38125 0.58875 0.381875 0.59625 0.384375 0.59875 0.3825 0.636875 0.3875 0.643125 0.386875 0.6475 0.390625 0.65875 0.3975 0.651875 0.39875 0.6475 0.39875 0.639375 0.395625 0.62875 0.394375 0.594375 0.394375 0.575 0.396875 0.5675 0.395 0.563125 0.3975 0.560625 0.395 0.558125 0.393125 0.546875 0.3975 0.53875 0.393125 0.5325 0.39375 0.526875 0.388125 0.511875 0.3875 0.498125 0.39 0.49125 0.38875 0.486875 0.39125 0.484375 0.391875 0.4775 0.394375 0.474375 0.391875 0.46375 0.39375 0.46 0.391875 0.456875 0.393125 0.445625 0.390625 0.439375 0.39125 0.434375 0.38875 0.431875 0.389375 0.42375 0.38625 0.421875 0.386875 0.416875 0.385625 0.4125 0.3825 0.41125 0.38375 0.4075 0.380625 0.401875
0 0.386875 0.56875 0.38375 0.58125 0.390625 0.593125 0.3925 0.5775 0.391875 0.57125 0.389375 0.56875
0 0.38 0.41375 0.37875 0.46125 0.38125 0.498125 0.384375 0.500625 0.3875 0.494375 0.39 0.478125 0.39125 0.448125 0.386875 0.418125 0.383125 0.41375
0 0.359375 0.055 0.359375 0.085 0.36375 0.09125 0.36125 0.095 0.36 0.105625 0.361875 0.12125 0.36 0.14 0.36125 0.1525 0.35875 0.15375 0.360625 0.1575 0.35875 0.16 0.36 0.164375 0.358125 0.16625 0.358125 0.169375 0.360625 0.171875 0.359375 0.175625 0.36375 0.17375 0.3675 0.16875 0.36375 0.164375 0.366875 0.16125 0.366875 0.14375 0.3675 0.138125 0.369375 0.136875 0.365625 0.130625 0.3675 0.1275 0.365625 0.115625 0.368125 0.109375 0.365625 0.101875 0.36875 0.095 0.366875 0.0775 0.365 0.074375 0.366875 0.069375 0.364375 0.0675 0.366875 0.05625 0.364375 0.055
0 0.365625 0.0375 0.3625 0.039375 0.363125 0.04375 0.35875 0.04375 0.3575 0.05 0.35875 0.07125 0.36125 0.07625 0.36375 0.075 0.36125 0.070625 0.36375 0.06875 0.361875 0.064375 0.364375 0.061875 0.36375 0.053125 0.3675 0.05 0.365625 0.038125
0 0.364375 0.18 0.361875 0.181875 0.361875 0.18625 0.365 0.188125 0.364375 0.211875 0.368125 0.21625 0.368125 0.229375 0.37 0.23 0.3725 0.22375 0.373125 0.20125 0.366875 0.195625 0.37 0.191875 0.36625 0.18875 0.369375 0.185625 0.36625 0.18
0 0.37625 0.26125 0.371875 0.264375 0.37375 0.26875 0.371875 0.27125 0.3725 0.308125 0.375 0.3125 0.3775 0.3125 0.380625 0.308125 0.38125 0.300625 0.37875 0.284375 0.380625 0.279375 0.37875 0.27 0.38 0.265 0.37625 0.261875
0 0.373125 0.2375 0.369375 0.261875 0.371875 0.27 0.3725 0.305 0.375 0.328125 0.38 0.3325 0.3825 0.313125 0.380625 0.27875 0.3775 0.2625 0.3775 0.25125 0.375625 0.24375 0.373125 0.24125
0 0.3625 0.176875 0.358125 0.1825 0.36625 0.205 0.366875 0.195625 0.37 0.1925 0.3675 0.189375 0.369375 0.185 0.3675 0.18 0.363125 0.1775
0 0.428125 0.68 0.425625 0.688125 0.42375 0.68625 0.420625 0.688125 0.42125 0.695 0.425 0.698125 0.421875 0.701875 0.425 0.7125 0.42875 0.7125 0.429375 0.710625 0.42875 0.68
0 0.425 0.5675 0.42625 0.57125 0.421875 0.573125 0.420625 0.5775 0.424375 0.5875 0.42125 0.591875 0.425 0.595625 0.42875 0.594375 0.429375 0.588125 0.431875 0.585 0.431875 0.574375 0.42625 0.5675
0 0.418125 0.383125 0.415625 0.38625 0.413125 0.460625 0.4175 0.483125 0.416875 0.50875 0.420625 0.52875 0.420625 0.540625 0.42375 0.54625 0.426875 0.5475 0.43 0.543125 0.42875 0.50625 0.424375 0.47375 0.42625 0.470625 0.426875 0.41 0.425625 0.400625 0.423125 0.396875 0.425 0.393125 0.421875 0.385625 0.41875 0.38375
0 0.4975 0.725 0.493125 0.726875 0.490625 0.746875 0.495625 0.761875 0.49875 0.76125 0.5025 0.745625 0.498125 0.725625
0 0.500625 0.86125 0.498125 0.8625 0.495 0.873125 0.496875 0.87625 0.49625 0.886875 0.499375 0.8925 0.499375 0.90125 0.496875 0.90375 0.49875 0.906875 0.496875 0.9125 0.499375 0.920625 0.4975 0.940625 0.5 0.95 0.500625 0.965625 0.505 0.97375 0.509375 0.97 0.508125 0.966875 0.51 0.94375 0.509375 0.91125 0.506875 0.89125 0.508125 0.8725 0.505 0.86125
