0 0.4275 0.6875 0.425 0.999375 0.44125 0.999375 0.439375 0.9397918749999999 0.440625 0.81 0.435625 0.790625 0.433125 0.746875 0.433125 0.7215 0.436875 0.715 0.4425 0.71875 0.44375 0.711875 0.444375 0.645625 0.4425 0.61125 0.44 0.606875 0.435 0.62625 0.438125 0.633125 0.43875 0.648125
0 0.441875 0.729375 0.43875 0.74125 0.4425 0.75375
0 0.440625 0.7025 0.43875 0.71375 0.4425 0.725625 0.44375 0.70125 0.4425 0.7
0 0.43875 0.606875 0.43875 0.679375 0.4425 0.6875 0.445 0.67875 0.443125 0.665625 0.445 0.6425 0.4425 0.605625
0 0.439375 0.608125 0.43875 0.6725 0.439375 0.679375 0.4425 0.68375 0.444375 0.679375 0.444375 0.63875 0.4425 0.61125
0 0.436875 0.45875 0.435625 0.5025 0.439375 0.60125 0.4425 0.59875 0.443125 0.593125 0.443125 0.54875 0.440625 0.531875 0.443125 0.486875 0.4425 0.43875 0.43875 0.42625
0 0.438125 0.5375 0.434375 0.54375 0.436875 0.545625 0.4375 0.551875 0.435 0.556875 0.435625 0.585 0.439375 0.6025 0.4425 0.591875 0.4425 0.543125
0 0.44125 0.693125 0.43875 0.710625 0.440625 0.731875 0.43875 0.7425 0.4425 0.76125 0.445625 0.69875
0 0.436875 0.459375 0.4375 0.575625 0.438125 0.595625 0.440625 0.598125 0.443125 0.585625 0.443125 0.55 0.44 0.535 0.441875 0.5275 0.4425 0.464375 0.439375 0.44
0 0.43375 0.466875 0.435625 0.4775 0.434375 0.511875 0.431875 0.51875 0.435 0.52125 0.434375 0.52625 0.43875 0.5325 0.44125 0.5225 0.4425 0.488125 0.4425 0.4525 0.43875 0.441875 0.43625 0.445625
