0 0.5225 0.510625 0.521875 0.519375 0.524375 0.52125 0.5225 0.525625 0.52375 0.53 0.521875 0.5325 0.521875 0.55375 0.52375 0.55625 0.521875 0.56625 0.52375 0.5775 0.521875 0.58125 0.523125 0.62 0.520625 0.626875 0.5225 0.64 0.520625 0.650625 0.520625 0.665625 0.5225 0.668125 0.520625 0.70625 0.5225 0.710625 0.52 0.72375 0.520625 0.72875 0.523125 0.730625 0.52125 0.731875 0.521875 0.759375 0.51875 0.779375 0.51875 0.835 0.521875 0.85 0.519375 0.86625 0.519375 0.886875 0.521875 0.895625 0.519375 0.916875 0.521875 0.949375 0.52625 0.963125 0.525 0.974375 0.526875 0.9775 0.525 0.981875 0.526875 0.991875 0.525 0.994375 0.526875 0.999375 0.534375 0.999375 0.534375 0.931875 0.530625 0.828125 0.533125 0.823125 0.533125 0.811875 0.53625 0.804375 0.53625 0.795625 0.5325 0.79125 0.53375 0.7975 0.529375 0.80375 0.528125 0.791875 0.530625 0.79 0.531875 0.7825 0.535 0.78125 0.536875 0.7775 0.539375 0.75 0.536875 0.75375 0.535 0.750625 0.539375 0.745 0.538125 0.740625 0.54 0.73625 0.53375 0.73125 0.534375 0.72125 0.5325 0.715 0.530625 0.715625 0.52875 0.72375 0.52875 0.715 0.530625 0.711875 0.53375 0.71125 0.53375 0.708125 0.53125 0.70625 0.533125 0.70375 0.53375 0.694375 0.53125 0.69375 0.529375 0.69875 0.528125 0.69625 0.528125 0.68875 0.53 0.68375 0.533125 0.681875 0.52875 0.676875 0.52875 0.65375 0.530625 0.651875 0.530625 0.641875 0.52875 0.64 0.530625 0.635625 0.528125 0.633125 0.530625 0.62875 0.528125 0.62625 0.53 0.625 0.5325 0.6275 0.533125 0.620625 0.53125 0.588125 0.533125 0.579375 0.53375 0.528125 0.533125 0.52125 0.52875 0.5225 0.525625 0.52 0.524375 0.51875 0.52625 0.514375 0.523125 0.51125
0 0.529375 0.899375 0.528125 0.9025 0.524375 0.904375 0.5275 0.908125 0.524375 0.90875 0.521875 0.906875 0.52 0.914375 0.5275 0.92125 0.524375 0.925 0.52625 0.928125 0.521875 0.935625 0.52375 0.93875 0.521875 0.9425 0.526875 0.948125 0.525625 0.953125 0.52875 0.959375 0.52875 0.965 0.53125 0.96625 0.5275 0.97375 0.5275 0.994375 0.529375 0.999375 0.5325 0.999375 0.53375 0.97375 0.530625 0.963125 0.533125 0.960625 0.53375 0.931875 0.526875 0.925625 0.53 0.923125 0.5325 0.92625 0.533125 0.918125 0.528125 0.91125 0.530625 0.9075 0.52875 0.904375 0.53 0.9
0 0.525 0.270625 0.525625 0.275625 0.5225 0.281875 0.524375 0.28625 0.52375 0.291875 0.521875 0.29625 0.521875 0.318125 0.52375 0.326875 0.5225 0.349375 0.524375 0.354375 0.521875 0.36625 0.52375 0.369375 0.521875 0.39375 0.521875 0.49875 0.5225 0.513125 0.525625 0.515625 0.529375 0.515625 0.525625 0.521875 0.52625 0.525625 0.521875 0.53 0.523125 0.578125 0.520625 0.60875 0.524375 0.61625 0.52125 0.624375 0.520625 0.66625 0.524375 0.6925 0.521875 0.695625 0.521875 0.710625 0.519375 0.72 0.5275 0.725 0.52625 0.734375 0.52125 0.74125 0.52125 0.74875 0.5275 0.755 0.525 0.7575 0.52375 0.7675 0.52875 0.76875 0.525 0.769375 0.521875 0.775625 0.5225 0.78625 0.51875 0.78625 0.520625 0.786875 0.5225 0.793125 0.523125 0.800625 0.520625 0.803125 0.52625 0.81 0.524375 0.813125 0.52625 0.816875 0.524375 0.820625 0.526875 0.824375 0.523125 0.82625 0.520625 0.8325 0.52875 0.84 0.53625 0.803125 0.53375 0.7975 0.529375 0.798125 0.5275 0.79375 0.529375 0.790625 0.53125 0.795625 0.535625 0.79375 0.531875 0.789375 0.53375 0.7875 0.5325 0.7825 0.536875 0.78 0.538125 0.765625 0.53375 0.755 0.5375 0.744375 0.5325 0.7275 0.534375 0.724375 0.534375 0.715625 0.53 0.713125 0.534375 0.71125 0.531875 0.699375 0.53375 0.695 0.53 0.6925 0.5325 0.689375 0.53 0.6875 0.53 0.684375 0.5325 0.681875 0.53 0.6775 0.53375 0.674375 0.53 0.6725 0.53 0.67 0.533125 0.668125 0.529375 0.666875 0.52875 0.654375 0.531875 0.64875 0.53125 0.63 0.53375 0.6225 0.53375 0.51875 0.539375 0.515625 0.53625 0.513125 0.535 0.5075 0.54125 0.5025 0.539375 0.498125 0.54125 0.49375 0.534375 0.48875 0.533125 0.459375 0.530625 0.453125 0.53125 0.42125 0.53375 0.40125 0.5325 0.385 0.5275 0.37625 0.52875 0.371875 0.52625 0.358125 0.52875 0.345625 0.526875 0.338125 0.52875 0.33125 0.525625 0.270625
0 0.539375 0.105 0.534375 0.139375 0.534375 0.155625 0.536875 0.17375 0.53625 0.1925 0.538125 0.1975 0.535625 0.23375 0.53875 0.239375 0.54 0.2475 0.535 0.2675 0.535 0.285625 0.53625 0.2975 0.54 0.305625 0.543125 0.30375 0.544375 0.26875 0.54625 0.265625 0.544375 0.260625 0.546875 0.25875 0.544375 0.254375 0.5475 0.249375 0.548125 0.219375 0.550625 0.2 0.550625 0.156875 0.54875 0.136875 0.545625 0.13 0.54625 0.12625 0.5425 0.12 0.543125 0.115625 0.54 0.105625
0 0.490625 0.2075 0.486875 0.226875 0.48875 0.244375 0.486875 0.25625 0.489375 0.268125 0.491875 0.2675 0.4925 0.264375 0.49125 0.2075
0 0.49 0.269375 0.48625 0.281875 0.4875 0.3525 0.49125 0.34875 0.49375 0.328125 0.49125 0.269375
0 0.508125 0.295 0.504375 0.3075 0.50375 0.339375 0.504375 0.38625 0.505625 0.400625 0.508125 0.403125 0.510625 0.338125 0.514375 0.325625 0.51375 0.310625 0.50875 0.295
0 0.539375 0.755625 0.5325 0.764375 0.535625 0.77125 0.5325 0.779375 0.535625 0.780625 0.5375 0.77875 0.53625 0.771875 0.539375 0.765625 0.539375 0.756875
0 0.525625 0.264375 0.525 0.2675 0.5225 0.26875 0.52375 0.273125 0.52125 0.2825 0.523125 0.291875 0.52125 0.308125 0.523125 0.3275 0.521875 0.331875 0.52375 0.334375 0.521875 0.338125 0.52375 0.34125 0.5225 0.3525 0.524375 0.355625 0.5225 0.35875 0.524375 0.360625 0.524375 0.364375 0.5225 0.365625 0.524375 0.3675 0.524375 0.3725 0.5225 0.373125 0.52375 0.405 0.521875 0.4075 0.52375 0.41125 0.521875 0.414375 0.521875 0.435625 0.52375 0.43875 0.521875 0.441875 0.521875 0.45 0.524375 0.46 0.5225 0.463125 0.52375 0.48875 0.521875 0.505625 0.525 0.509375 0.52875 0.498125 0.529375 0.49125 0.5275 0.486875 0.529375 0.485 0.5325 0.48625 0.533125 0.4825 0.53125 0.46375 0.5325 0.459375 0.53 0.458125 0.528125 0.453125 0.53 0.443125 0.528125 0.439375 0.53 0.435625 0.528125 0.4325 0.53 0.43 0.52875 0.418125 0.530625 0.4175 0.530625 0.413125 0.5325 0.41125 0.5325 0.38875 0.53 0.37875 0.52375 0.373125 0.5275 0.369375 0.52375 0.36625 0.5275 0.36375 0.525 0.35875 0.529375 0.345625 0.525625 0.265
0 0.55 0.4075 0.5475 0.47 0.549375 0.4875 0.5475 0.528125 0.55 0.53375 0.54625 0.554375 0.546875 0.58875 0.545 0.600625 0.543125 0.6025 0.543125 0.610625 0.549375 0.61625 0.545625 0.61875 0.5475 0.623125 0.543125 0.62875 0.54375 0.64375 0.54625 0.650625 0.543125 0.671875 0.546875 0.669375 0.5475 0.6575 0.55 0.655 0.55 0.611875 0.55375 0.59375 0.554375 0.53625 0.551875 0.5325 0.554375 0.52875 0.55625 0.498125 0.554375 0.484375 0.554375 0.415 0.5525 0.4075
