0 0.38125 0.358125 0.376875 0.53625 0.38 0.550625 0.38875 0.56 0.393125 0.571875 0.39875 0.575 0.401875 0.5725 0.40375 0.561875 0.4125 0.435625 0.410625 0.41875 0.41375 0.384375 0.4125 0.34375 0.4075 0.335 0.386875 0.3275 0.381875 0.338125
0 0.38 0.195 0.38 0.24625 0.38875 0.245 0.390625 0.2475 0.389375 0.25875 0.3975 0.27 0.39625 0.275625 0.401875 0.281875 0.4025 0.314375 0.4075 0.32 0.41625 0.286875 0.4125 0.26375 0.414375 0.244375 0.410625 0.218125 0.415 0.11875 0.408125 0.11125 0.40375 0.115 0.396875 0.129375 0.40375 0.145625 0.40125 0.171875 0.39 0.185 0.388125 0.18875 0.39 0.191875 0.385 0.195625
0 0.588125 0.10875 0.58875 0.18875 0.591875 0.199375 0.595625 0.20125 0.59875 0.199375 0.6025 0.189375 0.60375 0.125625 0.60625 0.116875 0.606875 0.05875 0.605625 0.05125 0.6025 0.048125 0.59875 0.04875 0.595 0.055625
0 0.4525 0.44875 0.453125 0.50125 0.449375 0.57 0.440625 0.94125 0.443125 0.9475 0.440625 0.9675 0.43875 0.96875 0.4375 0.999375 0.444375 0.999375 0.446875 0.995625 0.4575 0.925 0.4575 0.86875 0.455625 0.865625 0.4575 0.86 0.456875 0.79375 0.4625 0.57375 0.46625 0.5625 0.468125 0.516875 0.46625 0.479375 0.4675 0.36375 0.464375 0.353125 0.46625 0.3525 0.466875 0.345 0.463125 0.343125 0.45625 0.37625
0 0.45875 0.979375 0.45875 0.999375 0.473125 0.999375 0.485625 0.83875 0.48625 0.809375 0.48375 0.8 0.479375 0.801875 0.47375 0.81 0.475 0.81375 0.47 0.8325 0.466875 0.88125 0.463125 0.901875 0.463125 0.943125
0 0.614375 0.389375 0.6125 0.393125 0.615625 0.395 0.6125 0.40625 0.61375 0.414375 0.62 0.415 0.618125 0.41125 0.618125 0.40375 0.620625 0.40125 0.62 0.386875
0 0.6125 0.3475 0.611875 0.36625 0.614375 0.37875 0.61625 0.379375 0.621875 0.371875 0.623125 0.334375 0.619375 0.336875 0.61625 0.335
0 0.58125 0.805625 0.580625 0.821875 0.586875 0.836875 0.591875 0.839375 0.59625 0.835625 0.5975 0.825625 0.600625 0.821875 0.60375 0.821875 0.608125 0.82625 0.608125 0.829375 0.6125 0.830625 0.623125 0.745 0.630625 0.653125 0.6225 0.674375 0.6075 0.673125 0.605 0.678125 0.606875 0.685 0.595 0.7025 0.591875 0.7125 0.586875 0.775
0 0.58375 0.801875 0.583125 0.819375 0.588125 0.83 0.595625 0.8075 0.6 0.73125 0.59875 0.713125 0.595 0.71375 0.59375 0.716875
0 0.6 0.558125 0.60125 0.59375 0.596875 0.638125 0.595 0.63875 0.595 0.655625 0.601875 0.668125 0.604375 0.66625 0.609375 0.669375 0.6125 0.609375 0.61125 0.596875 0.6375 0.550625 0.636875 0.5325 0.639375 0.51875 0.638125 0.5 0.63 0.49875 0.6225 0.4875 0.620625 0.475625 0.61625 0.470625 0.61375 0.480625 0.60875 0.48625 0.61125 0.4975 0.608125 0.503125 0.610625 0.51125 0.605 0.51875 0.606875 0.5225 0.60375 0.528125
0 0.59625 0.63375 0.59625 0.661875 0.601875 0.66875 0.6075 0.654375 0.611875 0.58375 0.616875 0.545 0.615 0.54 0.6175 0.53625 0.615625 0.523125 0.62 0.48375 0.61625 0.475 0.613125 0.476875 0.61 0.4875 0.61125 0.50125 0.60125 0.55625 0.600625 0.5985225
0 0.6225 0.515 0.6225 0.54 0.62625 0.545 0.630625 0.545625 0.635 0.535625 0.635625 0.503125 0.631875 0.501875 0.6275 0.504375
0 0.605 0.254375 0.605625 0.276875 0.6125 0.28375 0.623125 0.28625 0.625625 0.269375 0.623125 0.2575 0.61625 0.25125 0.608125 0.250625
0 0.423125 0.046875 0.42125 0.058125 0.42375 0.0675 0.43125 0.0675 0.438125 0.05375 0.435625 0.043125 0.42875 0.041875
0 0.56375 0.968125 0.5625 0.999375 0.579375 0.999375 0.58375 0.97125 0.58375 0.936875 0.5875 0.9075 0.584375 0.87375 0.58125 0.874375 0.57875 0.88 0.57 0.92125 0.568125 0.950625
0 0.6125 0.344375 0.614375 0.355 0.60875 0.3625 0.614375 0.378125 0.62125 0.38 0.62375 0.3775 0.625625 0.338125 0.623125 0.3325 0.615625 0.333125 0.61625 0.338125
0 0.61625 0.765 0.61625 0.780625 0.619375 0.77625 0.619375 0.761875
0 0.618125 0.704375 0.61625 0.7375 0.61875 0.74 0.62 0.755 0.62375 0.745 0.633125 0.650625 0.63 0.6525 0.623125 0.674375
0 0.563125 0.96875 0.5625 0.985 0.565625 0.99 0.565 0.999375 0.581875 0.999375 0.583125 0.964375 0.58125 0.950625 0.571875 0.953125 0.5675 0.951875
