0 0.2634375 0.3609375 0.044375 0.17125
0 0.4678125 0.1059375 0.046875 0.08
0 0.4209375 0.315 0.024375 0.054375
0 0.33125 0.6346875 0.040625 0.10875
0 0.5934375 0.37625 0.08875 0.44375
0 0.52625 0.2021875 0.034375 0.024375
0 0.4371875 0.423125 0.025 0.056875
0 0.373125 0.6221875 0.02 0.0775
0 0.5725 0.61125 0.0225 0.04
0 0.5821875 0.30125 0.140625 0.595
0 0.5840625 0.72 0.043125 0.1325
0 0.643125 0.67375 0.02125 0.0525
0 0.64875 0.731875 0.035 0.05625
0 0.665 0.8296875 0.045 0.086875
0 0.6875 0.9090625 0.0275 0.140625
0 0.435625 0.4996875 0.02625 0.071875
0 0.4478125 0.5771875 0.014375 0.024375
0 0.406875 0.05 0.02875 0.1
0 0.4734375 0.203125 0.036875 0.06125
