0 0.4671875 0.4115625 0.053125 0.686875
0 0.449375 0.6525 0.449375 0.670625 0.4525 0.664375 0.450625 0.663125 0.450625 0.659375 0.453125 0.6575 0.45125 0.656875 0.45 0.6525
0 0.435625 0.77125 0.43375 0.778125 0.435 0.78625 0.4325 0.79 0.43125 0.803125 0.434375 0.808125 0.435 0.824375 0.4325 0.863125 0.434375 0.89375 0.4325 0.898125 0.435 0.9075 0.435 0.919375 0.439375 0.915 0.43875 0.874375 0.44125 0.855625 0.439375 0.85375 0.440625 0.81375 0.43625 0.800625 0.435625 0.775625
0 0.448125 0.81125 0.44625 0.813125 0.4475 0.8175 0.445625 0.824375 0.449375 0.863125 0.45125 0.833125 0.45 0.81125
0 0.435 0.93 0.43375 0.940625 0.435625 0.948125 0.439375 0.9425 0.436875 0.93
0 0.449375 0.734375 0.44625 0.760625 0.44625 0.80125 0.446875 0.808125 0.44875 0.81 0.45125 0.80875 0.4525 0.805 0.455 0.7825 0.454375 0.751875 0.449375 0.7425 0.450625 0.735625
0 0.435625 0.855 0.43375 0.870625 0.43375 0.976875 0.435625 0.976875 0.438125 0.970625 0.44 0.950625 0.439375 0.93125 0.436875 0.928125 0.439375 0.905625 0.43625 0.894375 0.43875 0.886875 0.436875 0.88375 0.43875 0.865625 0.435625 0.859375
0 0.48375 0.651875 0.480625 0.654375 0.4825 0.659375 0.480625 0.6775 0.481875 0.69 0.479375 0.695 0.480625 0.703125 0.47875 0.705 0.481875 0.716875 0.48 0.719375 0.481875 0.731875 0.47875 0.7375 0.47875 0.741875 0.475625 0.745625 0.481875 0.755 0.481875 0.76 0.48 0.761875 0.481875 0.770625 0.480625 0.7775 0.4825 0.788125 0.485625 0.79 0.480625 0.789375 0.48 0.793125 0.478125 0.8125 0.48 0.835 0.476875 0.8475 0.478125 0.86625 0.475625 0.87 0.47375 0.88125 0.47625 0.895625 0.475 0.905 0.471875 0.910625 0.4725 0.915625 0.47 0.918125 0.471875 0.92125 0.469375 0.924375 0.47 0.9275 0.47375 0.92875 0.475 0.9325 0.474375 0.943125 0.47 0.9525 0.471875 0.95625 0.47 0.96 0.473125 0.961875 0.47 0.9675 0.474375 0.969375 0.470625 0.9725 0.469375 0.979375 0.4725 0.999375 0.480625 0.999375 0.479375 0.97625 0.483125 0.915625 0.481875 0.9075 0.485 0.88875 0.485 0.855625 0.486875 0.8525 0.488125 0.82625 0.488125 0.816875 0.48625 0.814375 0.488125 0.810625 0.48625 0.806875 0.489375 0.80375 0.48875 0.7975 0.49125 0.793125 0.49 0.789375 0.48625 0.786875 0.488125 0.78375 0.48625 0.77875 0.4875 0.7775 0.49125 0.779375 0.491875 0.758125 0.49 0.755 0.491875 0.751875 0.491875 0.745 0.490625 0.743125 0.488125 0.74625 0.485625 0.745 0.485625 0.73625 0.4875 0.73375 0.485625 0.723125 0.4875 0.720625 0.49125 0.725 0.4925 0.71625 0.49 0.715625 0.4875 0.719375 0.48625 0.7175 0.485625 0.695625 0.488125 0.6925 0.48625 0.690625 0.485 0.653125
0 0.47625 0.965 0.4725 0.983125 0.474375 0.999375 0.478125 0.999375 0.478125 0.983125 0.475 0.978125 0.478125 0.973125 0.4775 0.965
0 0.525625 0 0.526875 0.005 0.524375 0.00875 0.52125 0.02375 0.52125 0.04 0.525625 0.045625 0.528125 0.0325 0.5275 0.01625 0.530625 0.011875 0.528125 0
0 0.525 0.055625 0.521875 0.060625 0.520625 0.070625 0.521875 0.091875 0.518125 0.0975 0.518125 0.115625 0.51375 0.119375 0.516875 0.125 0.516875 0.14 0.515625 0.15125 0.51125 0.160625 0.509375 0.1725 0.509375 0.19875 0.505625 0.21875 0.503125 0.254375 0.50125 0.258125 0.5025 0.265 0.5 0.271875 0.5 0.30375 0.4975 0.306875 0.49375 0.32875 0.494375 0.339375 0.490625 0.348125 0.491875 0.3525 0.489375 0.355625 0.4925 0.36625 0.49 0.36875 0.489375 0.378125 0.4875 0.38 0.4875 0.403125 0.490625 0.39875 0.49 0.39375 0.491875 0.390625 0.490625 0.38 0.49875 0.369375 0.495 0.360625 0.49625 0.350625 0.5025 0.340625 0.5025 0.336875 0.505 0.335 0.501875 0.334375 0.5 0.330625 0.50625 0.3275 0.50375 0.325 0.50375 0.320625 0.506875 0.3175 0.503125 0.31625 0.5025 0.310625 0.5075 0.3 0.5125 0.3 0.510625 0.295625 0.513125 0.2925 0.5075 0.286875 0.50625 0.268125 0.509375 0.25125 0.513125 0.248125 0.51625 0.24125 0.51375 0.238125 0.514375 0.2025 0.519375 0.198125 0.521875 0.1925 0.5175 0.18875 0.5225 0.185625 0.52 0.181875 0.52375 0.17875 0.51875 0.175 0.521875 0.17125 0.51625 0.163125 0.51625 0.159375 0.516875 0.154375 0.520625 0.151875 0.52125 0.1475 0.523125 0.14625 0.52625 0.148125 0.524375 0.144375 0.525625 0.13875 0.52375 0.14125 0.521875 0.140625 0.523125 0.136875 0.520625 0.134375 0.5225 0.13 0.520625 0.125625 0.526875 0.123125 0.525625 0.119375 0.52125 0.119375 0.5225 0.115625 0.52 0.11 0.5225 0.10625 0.52125 0.096875 0.5225 0.093125 0.525625 0.091875 0.52375 0.090625 0.525 0.085 0.5225 0.0825 0.525625 0.075 0.524375 0.06625 0.52625 0.06375 0.52375 0.06125 0.52625 0.058125 0.525625 0.055625
