0 0.30125 0.516875 0.019375 0.06
0 0.295625 0.430625 0.29625 0.46 0.30375 0.46625 0.310625 0.4675 0.3175 0.46 0.324375 0.431875 0.31875 0.429375 0.3175 0.403125 0.29625 0.425
0 0.306875 0.4396875 0.02375 0.06
0 0.2546875 0.5703125 0.050625 0.213125
0 0.2375 0.63 0.24 0.6375 0.23375 0.66125 0.24125 0.668125 0.25 0.66125 0.24875 0.64625 0.2425 0.641875 0.24125 0.629375 0.2425 0.625 0.24875 0.62125 0.24875 0.618125 0.2425 0.62 0.240625 0.6175
0 0.27875 0.3 0.278125 0.324375 0.2825 0.3375 0.280625 0.3625 0.281875 0.4325 0.283125 0.4375 0.2875 0.4375 0.290625 0.433125 0.28875 0.428125 0.29125 0.425625 0.291875 0.37375 0.300625 0.331875 0.30125 0.29375 0.296875 0.265 0.293125 0.26 0.2825 0.295
0 0.320625 0.329375 0.31875 0.34375 0.313125 0.35875 0.315625 0.36 0.321875 0.380625 0.331875 0.3625 0.3325 0.341875 0.33125 0.3325 0.324375 0.3275
0 0.275 0.173125 0.273125 0.17875 0.275625 0.183125 0.2775 0.181875
0 0.27375 0.151875 0.2725 0.164375 0.275625 0.17 0.27875 0.165625 0.283125 0.165625 0.2875 0.16125 0.289375 0.1475 0.28625 0.143125 0.2825 0.14375 0.27625 0.14625
0 0.230625 0.7 0.2275 0.70625 0.2275 0.71375 0.230625 0.71875 0.236875 0.72 0.243125 0.7125 0.243125 0.701875 0.238125 0.695625
0 0.18875 0.8975 0.188125 0.929375 0.1925 0.933125 0.20375 0.91 0.205 0.8975 0.195625 0.89 0.1925 0.89
