0 0.4325 0.563125 0.4325 0.574375 0.435 0.584375 0.4375 0.58625 0.431875 0.69 0.43875 0.73625 0.449375 0.745 0.454375 0.74125 0.454375 0.733125 0.4525 0.7325 0.45875 0.7175 0.459375 0.705625 0.45625 0.694375 0.46 0.68625 0.458125 0.681875 0.46875 0.668125 0.476875 0.66625 0.48125 0.67125 0.483125 0.69625 0.48625 0.705625 0.485625 0.73875 0.48125 0.756875 0.48125 0.77625 0.483125 0.7825 0.49125 0.784375 0.494375 0.7825 0.4975 0.7725 0.4975 0.746875 0.504375 0.688125 0.51125 0.673125 0.515 0.65125 0.514375 0.625625 0.52 0.5425 0.510625 0.52625 0.513125 0.458125 0.510625 0.405 0.515625 0.384375 0.525625 0.365625 0.52875 0.365 0.5375 0.353125 0.54 0.328125 0.540625 0.279375 0.5375 0.264375 0.541875 0.185 0.540625 0.16125 0.535 0.155 0.5375 0.109375 0.533125 0.105 0.525625 0.105625 0.521875 0.115 0.520625 0.19 0.518125 0.204375 0.51125 0.21625 0.509375 0.22625 0.510625 0.24625 0.52125 0.258125 0.523125 0.26625 0.501875 0.310625 0.50375 0.335 0.4875 0.353125 0.484375 0.3625 0.480625 0.41375 0.463125 0.411875 0.46125 0.40625 0.455625 0.404375 0.454375 0.429375 0.45625 0.4375 0.4525 0.455 0.44625 0.45875 0.4425 0.4575 0.43875 0.461875 0.436875 0.4825 0.438125 0.53875
0 0.4325 0.80375 0.425 0.89875 0.425 0.915625 0.431875 0.919375 0.435625 0.901875 0.445 0.88375 0.45375 0.845625 0.4575 0.839375 0.46 0.824375 0.46 0.790625 0.47125 0.779375 0.46875 0.774375 0.474375 0.77 0.473125 0.766875 0.471875 0.770625 0.4675 0.773125 0.4625 0.771875 0.458125 0.76375 0.460625 0.761875 0.459375 0.750625 0.453125 0.748125 0.449375 0.749375 0.448125 0.75875 0.43875 0.76875 0.44 0.791875
0 0.43625 0.490625 0.438125 0.53625 0.433125 0.5625 0.43375 0.57625 0.438125 0.585 0.458125 0.58625 0.463125 0.5825 0.465625 0.57375 0.473125 0.566875 0.475625 0.544375 0.48 0.53875 0.479375 0.486875 0.474375 0.474375 0.46 0.460625 0.455625 0.4575 0.445625 0.456875 0.441875 0.458125 0.43875 0.463125
0 0.3875 0.75125 0.38625 0.79625 0.390625 0.813125 0.390625 0.83125 0.3825 0.883125 0.380625 0.890625 0.371875 0.90375 0.368125 0.919375 0.36875 0.92875 0.375625 0.928125 0.38375 0.9225 0.3875 0.911875 0.395625 0.914625 0.3975 0.919375 0.400625 0.919375 0.404375 0.914375 0.415625 0.854375 0.426875 0.816875 0.42625 0.76 0.43125 0.664375 0.425 0.615 0.4225 0.61375 0.413125 0.625 0.400625 0.65875
0 0.306875 0.824375 0.306875 0.84125 0.318125 0.83125 0.320625 0.818125 0.3525 0.723125 0.401875 0.60875 0.404375 0.59625 0.403125 0.590625 0.40875 0.58125 0.40625 0.575625 0.4025 0.5775 0.395625 0.588125 0.3525 0.685 0.32125 0.771875
0 0.450625 0.278125 0.450625 0.288125 0.459375 0.300625 0.46625 0.304375 0.4725 0.301875 0.47625 0.28875 0.476875 0.26875 0.484375 0.24625 0.48375 0.205 0.480625 0.205625 0.47375 0.215 0.471875 0.23 0.466041875 0.24270812500000002 0.458125 0.25125
0 0.433125 0.115 0.4325 0.13125 0.435625 0.14 0.45375 0.115625 0.459375 0.095 0.459375 0.08625 0.468125 0.069375 0.46375 0.045625 0.465625 0.0325 0.459375 0 0.445 0 0.44 0.065
0 0.564375 0.04625 0.565 0.104375 0.559375 0.174375 0.565625 0.18875 0.566875 0.2375 0.57 0.24625 0.574375 0.249375 0.578125 0.24625 0.579375 0.234375 0.579375 0.14625 0.585625 0.125 0.58375 0.1 0.585625 0.03125 0.58125 0.01875 0.568125 0.029375
0 0.5575 0.295 0.55625 0.33375 0.559375 0.34375 0.5675 0.3475 0.57 0.345 0.5725 0.29 0.5675 0.28625 0.563125 0.286875 0.559375 0.289375
0 0.5825 0.18875 0.583125 0.1925 0.58 0.196875 0.585625 0.215625 0.58625 0.226875 0.5925 0.23 0.595625 0.225625 0.594375 0.205625 0.5975 0.185625 0.595 0.18125
