0 0.4984375 0.236875 0.019375 0.08875
0 0.524375 0.31875 0.030625 0.13625
0 0.4928125 0.5053125 0.030625 0.09875
0 0.5296875 0.1734375 0.03125 0.238125
0 0.5328125 0.08375 0.014375 0.065
0 0.51125 0.7871875 0.015 0.07375
0 0.4928125 0.5609375 0.03 0.0825
0 0.4846875 0.8834375 0.019375 0.104375
0 0.4671875 0.790625 0.030625 0.148125
0 0.5653125 0.1846875 0.01125 0.040625
0 0.4909375 0.06125 0.029375 0.1125
0 0.461875 0.8959375 0.02875 0.16
0 0.491875 0.0221875 0.018125 0.03625
0 0.4528125 0.9521875 0.02 0.056875
0 0.4684375 0.709375 0.01625 0.038125
0 0.5 0.725 0.015625 0.079375
0 0.5025 0.655625 0.01875 0.125625
0 0.4134375 0.86625 0.02375 0.065625
0 0.6040625 0.906875 0.01875 0.041875
0 0.541875 0.9571875 0.011875 0.01
0 0.591875 0.8975 0.01125 0.013125
0 0.5440625 0.981875 0.00875 0.009375
0 0.5525 0.2946875 0.02 0.066875
0 0.5184375 0.4559375 0.008125 0.161875
0 0.4925 0.419375 0.0075 0.07375
0 0.55625 0.1046875 0.0125 0.209375
0 0.415625 0.8225 0.40875 0.875 0.410625 0.886875 0.41375 0.883125 0.418125 0.86625 0.425 0.810625 0.431875 0.78125 0.44125 0.719375 0.445 0.71 0.4525 0.668125 0.45625 0.661875 0.466875 0.595 0.46375 0.581875 0.459375 0.586875 0.425 0.755
