1 0.428125 0.345 0.43 0.34875 0.425 0.351875 0.413125 0.351875 0.408125 0.348125 0.41375 0.344375 0.4275 0.345
1 0.83875 0.586875 0.848125 0.58875 0.8525 0.591875 0.85375 0.595625 0.84875 0.59875 0.833125 0.59875 0.823125 0.595 0.821875 0.591875 0.825 0.588125 0.838125 0.586875
1 0.25625 0.570625 0.26125 0.57375 0.25875 0.576875 0.245 0.576875 0.238125 0.574375 0.2375 0.57125 0.241875 0.56875 0.255625 0.570625
1 0.81875 0.42625 0.825 0.431875 0.819375 0.435625 0.808125 0.436875 0.79625 0.435 0.7925 0.431875 0.7925 0.42875 0.803125 0.424375 0.818125 0.42625
1 0.599375 0.4 0.606875 0.4025 0.610625 0.40625 0.60875 0.411875 0.599375 0.41625 0.585625 0.415 0.5775 0.408125 0.579375 0.403125 0.584375 0.4 0.59875 0.4
1 0.6975 0.591875 0.70625 0.59875 0.701875 0.601875 0.693125 0.603125 0.678125 0.600625 0.674375 0.598125 0.67375 0.594375 0.680625 0.59125 0.696875 0.591875
1 0.03375 0.35875 0.043125 0.36125 0.0475 0.36625 0.049375 0.373125 0.04375 0.3775 0.033125 0.379375 0.01625 0.3775 0.01 0.3725 0.015625 0.3625 0.033125 0.35875
1 0.546875 0.540625 0.558125 0.544375 0.5625 0.55 0.561875 0.55375 0.558125 0.556875 0.54875 0.55875 0.533125 0.5575 0.524375 0.55 0.524375 0.54625 0.528125 0.5425 0.54625 0.540625
1 0.51 0.570625 0.51125 0.575 0.505625 0.578125 0.49375 0.57625 0.491875 0.570625 0.495625 0.56875 0.509375 0.570625
1 0.365 0.37125 0.365625 0.375625 0.35625 0.38 0.341875 0.37875 0.338125 0.37625 0.338125 0.373125 0.346875 0.368125 0.35625 0.368125 0.364375 0.37125
1 0.964375 0.449375 0.974375 0.4525 0.973125 0.456875 0.968125 0.458125 0.95625 0.456875 0.951875 0.454375 0.95375 0.450625 0.96375 0.449375
1 0.6525 0.510625 0.66125 0.515 0.660625 0.51875 0.654375 0.520625 0.63875 0.52 0.629375 0.515 0.6325 0.510625 0.651875 0.510625
1 0.900625 0.44625 0.911875 0.449375 0.911875 0.4525 0.9075 0.456875 0.90125 0.459375 0.89 0.458125 0.884375 0.453125 0.884375 0.449375 0.886875 0.4475 0.9 0.44625
1 0.803125 0.464375 0.814375 0.4675 0.818125 0.475 0.81375 0.48 0.801875 0.48375 0.788125 0.481875 0.780625 0.47625 0.779375 0.4725 0.785625 0.465625 0.8025 0.464375
1 0.214375 0.53 0.2225 0.5325 0.226875 0.5375 0.22625 0.540625 0.214375 0.544375 0.2025 0.543125 0.18875 0.53625 0.189375 0.5325 0.193125 0.530625 0.21375 0.53
1 0.53625 0.40625 0.543125 0.41 0.545625 0.414375 0.5375 0.41875 0.526875 0.418125 0.520625 0.414375 0.520625 0.41125 0.524375 0.4075 0.535625 0.40625
1 0.298125 0.39875 0.3075 0.400625 0.31375 0.4075 0.309375 0.415 0.29875 0.418125 0.28375 0.41625 0.2775 0.411875 0.27625 0.408125 0.2825 0.400625 0.2975 0.39875
1 0.47125 0.474375 0.484375 0.4775 0.486875 0.48125 0.481875 0.48375 0.469375 0.48375 0.461875 0.48125 0.463125 0.476875 0.470625 0.474375
1 0.1575 0.54 0.17 0.5425 0.173125 0.545625 0.170625 0.550625 0.1625 0.5525 0.143125 0.551875 0.1325 0.54625 0.1325 0.543125 0.138125 0.54 0.156875 0.54
1 0.30125 0.56625 0.3175 0.56875 0.319375 0.5725 0.31125 0.575 0.300625 0.575 0.290625 0.57125 0.290625 0.5675 0.300625 0.56625
1 0.983125 0.543125 0.981875 0.53875 0.9875 0.535625 0.999375 0.535625 0.999375 0.546875 0.99 0.54625 0.98375 0.543125
1 0.3525 0.4025 0.3625 0.406875 0.36375 0.4125 0.358125 0.418125 0.349375 0.419375 0.330625 0.418125 0.325625 0.415 0.324375 0.41 0.331875 0.40375 0.351875 0.4025
1 0.663125 0.458125 0.675 0.463125 0.67375 0.468125 0.665 0.47125 0.649375 0.47 0.645 0.466875 0.6475 0.461875 0.6625 0.458125
1 0.12625 0.455625 0.14 0.459375 0.1425 0.461875 0.14125 0.465 0.13375 0.4675 0.11875 0.466875 0.110625 0.463125 0.11125 0.459375 0.125625 0.455625
1 0.846875 0.463125 0.86375 0.466875 0.866875 0.469375 0.866875 0.47375 0.859375 0.47875 0.84625 0.48 0.83375 0.479375 0.829375 0.475 0.829375 0.47 0.835 0.465 0.84625 0.463125
1 0.890625 0.6125 0.905 0.6175 0.905 0.6225 0.900625 0.625 0.89 0.624375 0.880625 0.61875 0.880625 0.615 0.89 0.6125
1 0.76125 0.380625 0.76375 0.383125 0.763125 0.38625 0.751875 0.390625 0.7375 0.39 0.731875 0.3875 0.73 0.383125 0.7375 0.379375 0.760625 0.380625
1 0.568125 0.39 0.578125 0.39625 0.57625 0.40125 0.56875 0.404375 0.556875 0.403125 0.55 0.3975 0.555625 0.391875 0.5675 0.39
1 0.853125 0.52375 0.8625 0.526875 0.86375 0.5325 0.85625 0.53625 0.845 0.536875 0.83 0.5325 0.826875 0.52875 0.8275 0.525625 0.83375 0.523125 0.8525 0.52375
1 0.7 0.40875 0.706875 0.4125 0.708125 0.418125 0.6975 0.4225 0.68125 0.42125 0.675625 0.41875 0.67375 0.415 0.685625 0.408125 0.699375 0.40875
1 0.89875 0.411875 0.90375 0.41375 0.90625 0.419375 0.903125 0.4225 0.89375 0.424375 0.8775 0.42125 0.875 0.418125 0.875625 0.414375 0.881875 0.41125 0.898125 0.411875
1 0.325625 0.40875 0.324375 0.411875 0.330625 0.418125 0.3525 0.418125 0.350625 0.413125 0.3525 0.410625 0.345625 0.403125 0.330625 0.404375
1 0.371875 0.415625 0.37125 0.418125 0.374375 0.420625 0.391875 0.4225 0.41625 0.419375 0.42 0.41375 0.415625 0.40375 0.406875 0.401875 0.386875 0.405 0.383125 0.411875 0.375625 0.4125
1 0.760625 0.47125 0.7625 0.475625 0.76875 0.47625 0.771875 0.47375 0.77 0.469375
1 0.896875 0.548125 0.895625 0.550625 0.89875 0.5525 0.915 0.553125 0.916875 0.550625 0.910625 0.546875
1 0.561875 0.5075 0.560625 0.50875 0.570625 0.511875 0.5775 0.511875 0.581875 0.50875 0.575625 0.50625
1 0.575 0.461875 0.57375 0.463125 0.576875 0.46625 0.584375 0.46625 0.58625 0.46375 0.5825 0.46
1 0.3125 0.51125 0.311875 0.515 0.32 0.515 0.319375 0.51125
1 0.29875 0.384375 0.3 0.388125 0.315625 0.386875 0.310625 0.381875
1 0.239375 0.385625 0.240625 0.38875 0.248125 0.38875 0.259375 0.386875 0.261875 0.38375 0.24875 0.381875
1 0.066875 0.395625 0.065625 0.3975 0.069375 0.399375 0.075 0.3975 0.071875 0.395
