1 0.57125 0.2609375 0.023125 0.0525
1 0.585625 0.61125 0.015 0.05875
1 0.5103125 0.1625 0.01875 0.04625
1 0.574375 0.093125 0.021875 0.0425
1 0.4784375 0.5146875 0.019375 0.04875
1 0.5540625 0.1290625 0.019375 0.048125
1 0.5353125 0.030625 0.013125 0.028125
1 0.4709375 0.1540625 0.011875 0.035
1 0.5775 0.4315625 0.011875 0.035625
1 0.50625 0.0778125 0.0175 0.031875
1 0.5125 0.5734375 0.013125 0.030625
1 0.5625 0.91125 0.0225 0.06125
1 0.479375 0.200625 0.015 0.0325
1 0.548125 0.2546875 0.011875 0.02375
1 0.493125 0.2275 0.011875 0.023125
1 0.589375 0.69625 0.01 0.05
1 0.4803125 0.6675 0.010625 0.048125
1 0.5521875 0.471875 0.011875 0.026875
1 0.52 0.3871875 0.01125 0.03375
1 0.4990625 0.6975 0.0125 0.029375
1 0.536875 0.285625 0.010625 0.02375
1 0.564375 0.5278125 0.010625 0.030625
1 0.5721875 0.4621875 0.01125 0.0225
1 0.5603125 0.8053125 0.024375 0.060625
1 0.545625 0.70625 0.01125 0.028125
1 0.5565625 0.7003125 0.008125 0.023125
