1 0.389375 0.5884375 0.0575 0.0225
1 0.48625 0.466875 0.04875 0.023125
1 0.8390625 0.5025 0.048125 0.01875
1 0.426875 0.5053125 0.029375 0.015
1 0.3046875 0.5915625 0.05125 0.01375
1 0.5684375 0.5775 0.035625 0.014375
1 0.529375 0.5496875 0.024375 0.01375
1 0.73875 0.5709375 0.05875 0.029375
1 0.8484375 0.455625 0.0325 0.0175
1 0.9253125 0.49875 0.026875 0.019375
1 0.088125 0.5609375 0.06375 0.026875
1 0.7975 0.4684375 0.028125 0.016875
1 0.9721875 0.53125 0.028125 0.01625
1 0.47375 0.5628125 0.0325 0.0125
1 0.3021875 0.49 0.025625 0.013125
1 0.5390625 0.5715625 0.0225 0.0125
1 0.775 0.484375 0.02625 0.01625
1 0.7471875 0.5453125 0.023125 0.01375
1 0.7159375 0.533125 0.024375 0.01375
1 0.879375 0.5625 0.09875 0.049375
1 0.6125 0.5134375 0.029375 0.01375
1 0.3309375 0.47 0.048125 0.013125
1 0.2934375 0.539375 0.02625 0.014375
1 0.2990625 0.553125 0.023125 0.01125
1 0.588125 0.4534375 0.035 0.014375
1 0.87125 0.5496875 0.049375 0.023125
1 0.2959375 0.545625 0.0325 0.026875
1 0.1921875 0.56125 0.0625 0.023125
1 0.1903125 0.5521875 0.0675 0.04125
1 0.2415625 0.584375 0.04375 0.01625
