1 0.53125 0.6540625 0.070625 0.096875
1 0.598125 0.3571875 0.05 0.095625
1 0.470625 0.1321875 0.066875 0.1125
1 0.374375 0.78 0.046875 0.091875
1 0.394375 0.2590625 0.033125 0.0825
1 0.5875 0.0215625 0.034375 0.041875
1 0.5215625 0.8553125 0.085625 0.135625
1 0.4465625 0.395625 0.033125 0.08125
1 0.5384375 0.490625 0.0425 0.061875
1 0.4859375 0.230625 0.02375 0.05125
1 0.46125 0.303125 0.01875 0.03875
1 0.615 0.1540625 0.02375 0.0525
1 0.451875 0.993125 0.02125 0.01375
1 0.381875 0.5134375 0.0525 0.07625
1 0.405 0.1278125 0.01625 0.030625
1 0.375625 0.3503125 0.016875 0.029375
1 0.5409375 0.0509375 0.0125 0.015625
1 0.4875 0.0071875 0.013125 0.014375
