1 0.898125 0.5234375 0.06125 0.010625
1 0.385625 0.5075 0.08625 0.020625
1 0.55625 0.4553125 0.04875 0.01125
1 0.4584375 0.528125 0.07625 0.01125
1 0.22375 0.521875 0.07 0.01625
1 0.613125 0.534375 0.0575 0.0125
1 0.92625 0.48 0.0675 0.0125
1 0.854375 0.47375 0.04625 0.01125
1 0.3146875 0.4728125 0.043125 0.01
1 0.6371875 0.4753125 0.046875 0.0125
1 0.3278125 0.5240625 0.033125 0.009375
1 0.1371875 0.4540625 0.036875 0.0075
1 0.158125 0.5253125 0.038125 0.011875
1 0.5025 0.4584375 0.051875 0.01125
1 0.5328125 0.4765625 0.06 0.01375
1 0.818125 0.5115625 0.09125 0.0125
1 0.0653125 0.461875 0.036875 0.00875
1 0.6996875 0.4521875 0.0425 0.009375
1 0.0165625 0.505 0.0225 0.008125
1 0.6628125 0.50875 0.03125 0.00875
1 0.110625 0.4825 0.023125 0.00625
1 0.3459375 0.4446875 0.043125 0.008125
1 0.5403125 0.5175 0.048125 0.01375
1 0.714375 0.470625 0.031875 0.00875
1 0.4959375 0.5075 0.030625 0.006875
1 0.225 0.4759375 0.085625 0.01125
1 0.5921875 0.510625 0.058125 0.00625
1 0.24625 0.4765625 0.04375 0.01
1 0.6796875 0.4634375 0.04375 0.00875
1 0.198125 0.4753125 0.030625 0.00875
1 0.40875 0.4384375 0.046875 0.004375
1 0.8328125 0.4884375 0.0275 0.00625
