1 0.498125 0.093125 0.494375 0.08875 0.491875 0.0775 0.4925 0.065 0.494375 0.061875 0.496875 0.064375 0.499375 0.0825 0.498125 0.0925
1 0.588125 0.629375 0.591875 0.63 0.59625 0.645 0.595625 0.67 0.591875 0.67125 0.589375 0.668125 0.585625 0.6475 0.588125 0.63
1 0.51875 0.04375 0.525625 0.04625 0.53125 0.06375 0.530625 0.07625 0.525625 0.08125 0.518125 0.060625 0.51875 0.044375
1 0.536875 0.12125 0.543125 0.12875 0.54625 0.14875 0.54625 0.16 0.544375 0.165 0.54125 0.166875 0.53875 0.16625 0.535625 0.160625 0.531875 0.146875 0.5325 0.126875 0.53625 0.12125
1 0.55875 0.29875 0.5625 0.30625 0.565 0.32375 0.565 0.336875 0.56375 0.341875 0.56125 0.343125 0.55625 0.3375 0.553125 0.318125 0.553125 0.303125 0.555625 0.29875 0.558125 0.29875
1 0.556875 0.913125 0.56 0.9175 0.565625 0.938125 0.56375 0.955 0.56125 0.956875 0.55625 0.955 0.55375 0.921875 0.55625 0.91375
1 0.5725 0.844375 0.57625 0.848125 0.58 0.866875 0.579375 0.880625 0.574375 0.884375 0.570625 0.880625 0.566875 0.86375 0.5675 0.84875 0.571875 0.844375
1 0.570625 0.418125 0.575 0.421875 0.58 0.434375 0.58125 0.455625 0.57625 0.465625 0.570625 0.46375 0.56375 0.441875 0.56375 0.42125 0.56625 0.418125 0.57 0.418125
1 0.54 0.665 0.544375 0.67125 0.546875 0.68375 0.546875 0.699375 0.543125 0.705 0.53625 0.699375 0.533125 0.68625 0.534375 0.66875 0.539375 0.665
1 0.5796875 0.3015625 0.013125 0.040625
1 0.436875 0.504375 0.440625 0.51125 0.445625 0.549375 0.44625 0.564375 0.4425 0.583125 0.43 0.576875 0.4275 0.5675 0.4275 0.516875 0.43125 0.505 0.43625 0.504375
1 0.4809375 0.7828125 0.010625 0.040625
1 0.480625 0.969375 0.484375 0.979375 0.484375 0.988125 0.48125 0.99375 0.476875 0.993125 0.473125 0.98625 0.47375 0.974375 0.476875 0.97 0.48 0.969375
1 0.463125 0.1375 0.466875 0.141875 0.470625 0.155625 0.474375 0.193125 0.474375 0.225625 0.470625 0.24125 0.466875 0.24125 0.456875 0.196875 0.4575 0.14875 0.459375 0.14 0.4625 0.138125
1 0.564375 0.47125 0.571875 0.48625 0.57375 0.52 0.57125 0.526875 0.566875 0.52625 0.5625 0.521875 0.5575 0.504375 0.556875 0.476875 0.560625 0.47125 0.56375 0.47125
1 0.588125 0.918125 0.593125 0.93 0.591875 0.951875 0.5875 0.949375 0.583125 0.931875 0.585 0.920625 0.5875 0.91875
1 0.421875 0.35875 0.428125 0.36375 0.433125 0.385 0.433125 0.405625 0.4275 0.41875 0.42125 0.416875 0.4175 0.41125 0.41375 0.39 0.414375 0.365625 0.41625 0.360625 0.42125 0.35875
1 0.449375 0.736875 0.454375 0.7425 0.46125 0.776875 0.46 0.801875 0.454375 0.811875 0.449375 0.809375 0.445625 0.80125 0.43875 0.7725 0.44 0.750625 0.44375 0.740625 0.44875 0.736875
1 0.490625 0.154375 0.494375 0.155625 0.49875 0.169375 0.498125 0.18625 0.495 0.18875 0.4925 0.18625 0.488125 0.165625 0.490625 0.155
1 0.44 0.8275 0.4475 0.83625 0.445625 0.8575 0.4425 0.8625 0.436875 0.86 0.430625 0.844375 0.431875 0.828125 0.435 0.82625 0.439375 0.8275
1 0.535625 0.788125 0.54 0.793125 0.541875 0.801875 0.540625 0.813125 0.536875 0.815 0.53 0.811875 0.5275 0.803125 0.52875 0.79 0.535 0.788125
1 0.525625 0.72875 0.53625 0.736875 0.539375 0.7575 0.538125 0.7725 0.53375 0.774375 0.5275 0.771875 0.523125 0.74875 0.523125 0.735625 0.525625 0.729375
1 0.605625 0.605 0.61 0.61625 0.609375 0.693125 0.605 0.6675 0.6025 0.63 0.6025 0.608125 0.605 0.605
1 0.525625 0.33375 0.53125 0.34375 0.539375 0.35 0.54375 0.3625 0.54375 0.37625 0.53875 0.3875 0.53625 0.39 0.5325 0.38875 0.525 0.36625 0.523125 0.3575 0.525 0.334375
1 0.47625 0.573125 0.480625 0.579375 0.48375 0.591875 0.48625 0.616875 0.485 0.64 0.4875 0.64375 0.484375 0.65125 0.4775 0.658125 0.470625 0.65625 0.461875 0.64375 0.45625 0.6125 0.46 0.584375 0.47 0.571875 0.47375 0.57125 0.475625 0.573125
1 0.4425 0.0725 0.446875 0.075 0.450625 0.0875 0.4525 0.114375 0.45 0.13125 0.445625 0.130625 0.43875 0.118125 0.4375 0.088125 0.43875 0.0775 0.441875 0.073125
1 0.444375 0.656875 0.449375 0.675 0.4475 0.685625 0.44375 0.6875 0.43875 0.683125 0.436875 0.675625 0.438125 0.659375 0.44125 0.65625 0.44375 0.656875
1 0.54375 0.266875 0.54875 0.284375 0.548125 0.296875 0.54375 0.300625 0.53875 0.29375 0.5375 0.279375 0.53875 0.27125 0.543125 0.266875
1 0.4725 0.494375 0.476875 0.495 0.47875 0.5075 0.476875 0.516875 0.47375 0.516875 0.47 0.5125 0.46875 0.50375 0.4725 0.495
1 0.525625 0.433125 0.529375 0.4325 0.536875 0.4475 0.54 0.481875 0.539375 0.49 0.53625 0.49625 0.529375 0.495 0.525625 0.488125 0.5225 0.46125 0.525625 0.43375
1 0.47125 0.33625 0.015 0.0375
1 0.4696875 0.406875 0.015625 0.05625
1 0.4571875 0.46125 0.028125 0.0475
1 0.505625 0.34 0.00375 0.01
1 0.5096875 0.485 0.014375 0.02
1 0.56875 0.736875 0.0125 0.02375
1 0.5234375 0.8921875 0.011875 0.019375
1 0.491875 0.2153125 0.00875 0.015625
1 0.3659375 0.0215625 0.013125 0.023125
1 0.504375 0.0134375 0.00875 0.011875
1 0.4909375 0.2453125 0.008125 0.025625
