1 0.924791086350975 0.5833333333333334 0.924791086350975 0.5952380952380952 0.9220055710306406 0.6011904761904762 0.9220055710306406 0.6071428571428571 0.9080779944289693 0.6071428571428571 0.8997214484679665 0.5952380952380952 0.8997214484679665 0.5892857142857143 0.9052924791086351 0.5773809523809523 0.9192200557103064 0.5773809523809523 0.9220055710306406 0.5833333333333334
1 0.8133704735376045 0.2261904761904762 0.8133704735376045 0.20833333333333334 0.8161559888579387 0.20238095238095238 0.8356545961002786 0.20238095238095238 0.8384401114206128 0.20833333333333334 0.8384401114206128 0.22023809523809523 0.8328690807799443 0.23214285714285715 0.8189415041782729 0.23214285714285715 0.8161559888579387 0.2261904761904762
1 0.5710306406685237 0.26785714285714285 0.5738161559888579 0.27380952380952384 0.5766016713091922 0.27380952380952384 0.5766016713091922 0.27976190476190477 0.5793871866295265 0.2857142857142857 0.5793871866295265 0.30952380952380953 0.5766016713091922 0.30952380952380953 0.5738161559888579 0.31547619047619047 0.5654596100278552 0.31547619047619047 0.5626740947075209 0.30952380952380953 0.5515320334261838 0.30952380952380953 0.5459610027855153 0.2976190476190476 0.5403899721448467 0.2976190476190476 0.5376044568245125 0.2916666666666667 0.5348189415041783 0.2916666666666667 0.5348189415041783 0.27976190476190477 0.5431754874651811 0.27976190476190477 0.5459610027855153 0.27380952380952384 0.5515320334261838 0.27380952380952384 0.5543175487465181 0.26785714285714285 0.5682451253481894 0.26785714285714285
1 0.9220055710306406 0.10714285714285714 0.924791086350975 0.1130952380952381 0.924791086350975 0.125 0.9192200557103064 0.125 0.9164345403899722 0.13095238095238096 0.9136490250696379 0.125 0.9108635097493036 0.125 0.9080779944289693 0.11904761904761904 0.9080779944289693 0.1130952380952381 0.9108635097493036 0.10714285714285714 0.9192200557103064 0.10714285714285714
1 0.5905292479108635 0.5178571428571429 0.5933147632311978 0.5178571428571429 0.596100278551532 0.5119047619047619 0.6100278551532033 0.5119047619047619 0.6183844011142061 0.5238095238095238 0.6183844011142061 0.5416666666666666 0.6100278551532033 0.5535714285714286 0.5988857938718662 0.5535714285714286 0.596100278551532 0.5476190476190477 0.5933147632311978 0.5476190476190477 0.5877437325905293 0.5297619047619048 0.5905292479108635 0.5238095238095238
1 0.584958217270195 0.6785714285714286 0.5905292479108635 0.6904761904761905 0.5905292479108635 0.6964285714285714 0.5877437325905293 0.6964285714285714 0.584958217270195 0.7023809523809523 0.5793871866295265 0.7023809523809523 0.5766016713091922 0.6964285714285714 0.5738161559888579 0.6964285714285714 0.5738161559888579 0.6845238095238095 0.5821727019498607 0.6785714285714286
1 0.415041782729805 0.27976190476190477 0.027855153203342618 0.023809523809523808
1 0.6880222841225627 0.6904761904761905 0.6908077994428969 0.6964285714285714 0.6908077994428969 0.7023809523809523 0.6880222841225627 0.7083333333333334 0.6768802228412256 0.7083333333333334 0.6740947075208914 0.7023809523809523 0.6740947075208914 0.6964285714285714 0.6768802228412256 0.6904761904761905 0.6852367688022284 0.6904761904761905
1 0.5988857938718662 0.6130952380952381 0.6072423398328691 0.6071428571428571 0.6100278551532033 0.6130952380952381 0.6155988857938719 0.6130952380952381 0.6155988857938719 0.6190476190476191 0.6183844011142061 0.625 0.6128133704735376 0.6369047619047619 0.6044568245125348 0.6369047619047619 0.6016713091922006 0.6309523809523809 0.5988857938718662 0.6309523809523809 0.5988857938718662 0.6190476190476191
1 0.03899721448467967 0.8392857142857143 0.04456824512534819 0.8511904761904762 0.04456824512534819 0.8571428571428571 0.03899721448467967 0.8690476190476191 0.011142061281337047 0.8690476190476191 0.008356545961002786 0.8630952380952381 0.019498607242339833 0.8392857142857143 0.022284122562674095 0.8392857142857143 0.025069637883008356 0.8333333333333334 0.033426183844011144 0.8333333333333334 0.036211699164345405 0.8392857142857143
1 0.08913649025069638 0.5 0.09192200557103064 0.5059523809523809 0.09749303621169916 0.5059523809523809 0.09749303621169916 0.5238095238095238 0.0807799442896936 0.5238095238095238 0.07799442896935933 0.5178571428571429 0.07799442896935933 0.5119047619047619 0.0807799442896936 0.5059523809523809 0.08635097493036212 0.5059523809523809
1 0.5069637883008357 0.20833333333333334 0.5153203342618384 0.22023809523809523 0.5153203342618384 0.2261904761904762 0.5069637883008357 0.23809523809523808 0.4986072423398329 0.23809523809523808 0.49303621169916434 0.2261904761904762 0.49303621169916434 0.22023809523809523 0.4958217270194986 0.21428571428571427 0.5041782729805014 0.20833333333333334
1 0.7493036211699164 0.5773809523809523 0.7465181058495822 0.5595238095238095 0.7520891364902507 0.5476190476190477 0.766016713091922 0.5476190476190477 0.7715877437325905 0.5654761904761905 0.766016713091922 0.5773809523809523 0.7520891364902507 0.5773809523809523
1 0.13649025069637882 0.44047619047619047 0.1392757660167131 0.44047619047619047 0.14206128133704735 0.43452380952380953 0.15041782729805014 0.43452380952380953 0.1532033426183844 0.44047619047619047 0.1532033426183844 0.4523809523809524 0.14484679665738162 0.4642857142857143 0.13649025069637882 0.4583333333333333 0.13649025069637882 0.44642857142857145
1 0.8245125348189415 0.39285714285714285 0.8272980501392758 0.39880952380952384 0.83008356545961 0.39880952380952384 0.83008356545961 0.4166666666666667 0.8272980501392758 0.4226190476190476 0.8105849582172702 0.4226190476190476 0.807799442896936 0.4166666666666667 0.807799442896936 0.39880952380952384 0.8105849582172702 0.39880952380952384 0.8133704735376045 0.39285714285714285 0.8217270194986073 0.39285714285714285
1 0.49303621169916434 0.39285714285714285 0.4958217270194986 0.39880952380952384 0.4958217270194986 0.4166666666666667 0.49303621169916434 0.4226190476190476 0.4735376044568245 0.4226190476190476 0.47075208913649025 0.4166666666666667 0.47075208913649025 0.39880952380952384 0.4735376044568245 0.39880952380952384 0.4763231197771588 0.39285714285714285 0.49025069637883006 0.39285714285714285
1 0.3370473537604457 0.6607142857142857 0.3398328690807799 0.6666666666666666 0.34818941504178275 0.6666666666666666 0.35376044568245124 0.6785714285714286 0.35376044568245124 0.6845238095238095 0.34540389972144847 0.6964285714285714 0.32590529247910865 0.6964285714285714 0.3231197771587744 0.7023809523809523 0.31754874651810583 0.7023809523809523 0.3147632311977716 0.7083333333333334 0.30362116991643456 0.7083333333333334 0.3008356545961003 0.7142857142857143 0.28969359331476324 0.7142857142857143 0.28690807799442897 0.7202380952380952 0.27298050139275765 0.7202380952380952 0.27019498607242337 0.7261904761904762 0.2618384401114206 0.7261904761904762 0.2590529247910863 0.7321428571428571 0.24512534818941503 0.7380952380952381 0.23676880222841226 0.75 0.22562674094707522 0.75 0.22284122562674094 0.7559523809523809 0.17270194986072424 0.7559523809523809 0.16991643454038996 0.75 0.18384401114206128 0.7202380952380952 0.1894150417827298 0.7202380952380952 0.19220055710306408 0.7142857142857143 0.19498607242339833 0.7142857142857143 0.20334261838440112 0.7023809523809523 0.20891364902506965 0.7023809523809523 0.2116991643454039 0.6964285714285714 0.24233983286908078 0.6964285714285714 0.24512534818941503 0.6904761904761905 0.25069637883008355 0.6904761904761905 0.25348189415041783 0.6845238095238095 0.2646239554317549 0.6845238095238095 0.26740947075208915 0.6785714285714286 0.28133704735376047 0.6785714285714286 0.2841225626740947 0.6726190476190477 0.2924791086350975 0.6726190476190477 0.29526462395543174 0.6666666666666666 0.3342618384401114 0.6666666666666666
1 0.2562674094707521 0.40476190476190477 0.2590529247910863 0.4107142857142857 0.2590529247910863 0.42857142857142855 0.2562674094707521 0.43452380952380953 0.2479108635097493 0.43452380952380953 0.24512534818941503 0.44047619047619047 0.23676880222841226 0.44047619047619047 0.233983286908078 0.43452380952380953 0.22841225626740946 0.43452380952380953 0.22562674094707522 0.4166666666666667 0.233983286908078 0.40476190476190477 0.25348189415041783 0.40476190476190477
1 0.9888579387186629 0.09523809523809523 0.9972144846796658 0.10714285714285714 0.9972144846796658 0.125 0.9944289693593314 0.13095238095238096 0.9805013927576601 0.13095238095238096 0.9777158774373259 0.125 0.9777158774373259 0.11904761904761904 0.9749303621169917 0.1130952380952381 0.9832869080779945 0.09523809523809523 0.9860724233983287 0.09523809523809523
1 0.28969359331476324 0.2916666666666667 0.29526462395543174 0.30952380952380953 0.29526462395543174 0.31547619047619047 0.28969359331476324 0.3273809523809524 0.27298050139275765 0.3273809523809524 0.27019498607242337 0.32142857142857145 0.26740947075208915 0.32142857142857145 0.2618384401114206 0.30952380952380953 0.2562674094707521 0.30952380952380953 0.2562674094707521 0.2976190476190476 0.2590529247910863 0.2976190476190476 0.2618384401114206 0.2916666666666667 0.26740947075208915 0.2916666666666667 0.27019498607242337 0.2857142857142857 0.2841225626740947 0.2857142857142857 0.28690807799442897 0.2916666666666667
1 0.4011142061281337 0.5297619047619048 0.4011142061281337 0.5476190476190477 0.3983286908077994 0.5535714285714286 0.38440111420612816 0.5535714285714286 0.3816155988857939 0.5476190476190477 0.3816155988857939 0.5357142857142857 0.38440111420612816 0.5297619047619048 0.3983286908077994 0.5297619047619048
1 0.40947075208913647 0.32142857142857145 0.40947075208913647 0.34523809523809523 0.40668523676880225 0.34523809523809523 0.403899721448468 0.35119047619047616 0.3871866295264624 0.35119047619047616 0.38440111420612816 0.34523809523809523 0.3788300835654596 0.34523809523809523 0.37604456824512533 0.3392857142857143 0.37604456824512533 0.3273809523809524 0.3788300835654596 0.32142857142857145 0.3871866295264624 0.32142857142857145 0.38997214484679665 0.31547619047619047 0.403899721448468 0.31547619047619047 0.40668523676880225 0.32142857142857145
1 0.713091922005571 0.6785714285714286 0.7186629526462396 0.6904761904761905 0.7186629526462396 0.6964285714285714 0.713091922005571 0.7083333333333334 0.6991643454038997 0.7083333333333334 0.6963788300835655 0.7023809523809523 0.6963788300835655 0.6904761904761905 0.7019498607242339 0.6785714285714286 0.7103064066852368 0.6785714285714286
1 0.7938718662952646 0.20833333333333334 0.7938718662952646 0.2261904761904762 0.7910863509749304 0.23214285714285715 0.766016713091922 0.23214285714285715 0.7632311977715878 0.2261904761904762 0.7632311977715878 0.21428571428571427 0.766016713091922 0.20833333333333334 0.7715877437325905 0.20833333333333334 0.7743732590529248 0.20238095238095238 0.7883008356545961 0.20238095238095238 0.7910863509749304 0.20833333333333334
1 0.38440111420612816 0.7321428571428571 0.3871866295264624 0.7321428571428571 0.38440111420612816 0.7380952380952381 0.38440111420612816 0.7440476190476191 0.3816155988857939 0.7440476190476191 0.362116991643454 0.7678571428571429 0.34818941504178275 0.7678571428571429 0.34540389972144847 0.7619047619047619 0.3426183844011142 0.7619047619047619 0.35097493036211697 0.7440476190476191 0.35376044568245124 0.7440476190476191 0.362116991643454 0.7321428571428571 0.37047353760445684 0.7321428571428571 0.3732590529247911 0.7261904761904762 0.3816155988857939 0.7261904761904762
1 0.9011142061281338 0.6785714285714286 0.03064066852367688 0.03571428571428571
1 0.3328690807799443 0.3630952380952381 0.019498607242339833 0.03571428571428571
1 0.7688022284122563 0.7559523809523809 0.7688022284122563 0.7440476190476191 0.7743732590529248 0.7321428571428571 0.7827298050139275 0.7321428571428571 0.7883008356545961 0.7440476190476191 0.7883008356545961 0.7559523809523809 0.7855153203342619 0.7559523809523809 0.7827298050139275 0.7619047619047619 0.7743732590529248 0.7619047619047619 0.7715877437325905 0.7559523809523809
1 0 0.7619047619047619 0.005571030640668524 0.7619047619047619 0.008356545961002786 0.7678571428571429 0.016713091922005572 0.7678571428571429 0.019498607242339833 0.7738095238095238 0.025069637883008356 0.7738095238095238 0.027855153203342618 0.7797619047619048 0.027855153203342618 0.7916666666666666 0.019498607242339833 0.8035714285714286 0 0.8035714285714286 0 0.7678571428571429
1 0.7799442896935933 0.6845238095238095 0.7855153203342619 0.6726190476190477 0.7938718662952646 0.6726190476190477 0.7994428969359332 0.6845238095238095 0.7994428969359332 0.6904761904761905 0.7966573816155988 0.6964285714285714 0.7827298050139275 0.6964285714285714 0.7827298050139275 0.6904761904761905
1 0.8607242339832869 0.11904761904761904 0.8662952646239555 0.10714285714285714 0.8746518105849582 0.10714285714285714 0.8774373259052924 0.1130952380952381 0.8774373259052924 0.125 0.8746518105849582 0.125 0.871866295264624 0.13095238095238096 0.8662952646239555 0.13095238095238096 0.8635097493036211 0.125
1 0.5668523676880223 0.2113095238095238 0.025069637883008356 0.02976190476190476
1 0.4011142061281337 0.2261904761904762 0.403899721448468 0.2261904761904762 0.3983286908077994 0.23809523809523808 0.3871866295264624 0.23809523809523808 0.38440111420612816 0.24404761904761904 0.37604456824512533 0.24404761904761904 0.3732590529247911 0.23809523809523808 0.3649025069637883 0.23809523809523808 0.3649025069637883 0.23214285714285715 0.36768802228412256 0.2261904761904762 0.3983286908077994 0.2261904761904762
1 0.13649025069637882 0.6726190476190477 0.1392757660167131 0.6785714285714286 0.1392757660167131 0.6964285714285714 0.1309192200557103 0.7083333333333334 0.11142061281337047 0.7083333333333334 0.10584958217270195 0.6964285714285714 0.10584958217270195 0.6845238095238095 0.11420612813370473 0.6726190476190477 0.13370473537604458 0.6726190476190477
1 0 0.5119047619047619 0.011142061281337047 0.5119047619047619 0.011142061281337047 0.5178571428571429 0.013927576601671309 0.5238095238095238 0.013927576601671309 0.5297619047619048 0.011142061281337047 0.5357142857142857 0.002785515320334262 0.5357142857142857 0 0.5416666666666666 0 0.5178571428571429
1 0.3955431754874652 0.4583333333333333 0.3955431754874652 0.44642857142857145 0.3983286908077994 0.44047619047619047 0.41225626740947074 0.44047619047619047 0.41225626740947074 0.4523809523809524 0.40947075208913647 0.4583333333333333 0.3983286908077994 0.4583333333333333
1 0.883008356545961 0.6130952380952381 0.8857938718662952 0.6190476190476191 0.8857938718662952 0.6369047619047619 0.8774373259052924 0.6488095238095238 0.8579387186629527 0.6488095238095238 0.8551532033426184 0.6428571428571429 0.8440111420612814 0.6428571428571429 0.841225626740947 0.6369047619047619 0.8356545961002786 0.6369047619047619 0.8328690807799443 0.6309523809523809 0.8467966573816156 0.625 0.8551532033426184 0.6130952380952381 0.8802228412256268 0.6130952380952381
1 0.7938718662952646 0.26785714285714285 0.033426183844011144 0.03571428571428571
1 0.6768802228412256 0.48214285714285715 0.6796657381615598 0.4880952380952381 0.6824512534818942 0.4880952380952381 0.6824512534818942 0.49404761904761907 0.6852367688022284 0.5 0.6796657381615598 0.5178571428571429 0.6601671309192201 0.5178571428571429 0.6545961002785515 0.5059523809523809 0.6545961002785515 0.49404761904761907 0.6601671309192201 0.48214285714285715 0.6740947075208914 0.48214285714285715
1 0.6128133704735376 0.25595238095238093 0.6155988857938719 0.2619047619047619 0.6155988857938719 0.26785714285714285 0.6128133704735376 0.27380952380952384 0.6072423398328691 0.27380952380952384 0.6044568245125348 0.27976190476190477 0.6016713091922006 0.27380952380952384 0.5988857938718662 0.27380952380952384 0.5988857938718662 0.2619047619047619 0.6016713091922006 0.25595238095238093 0.6100278551532033 0.25595238095238093
1 0.6462395543175488 0.27380952380952384 0.6518105849582173 0.25595238095238093 0.6573816155988857 0.25595238095238093 0.6601671309192201 0.25 0.6629526462395543 0.25 0.6657381615598886 0.25595238095238093 0.6713091922005571 0.25595238095238093 0.6740947075208914 0.2619047619047619 0.6740947075208914 0.27380952380952384 0.6685236768802229 0.2857142857142857 0.6518105849582173 0.2857142857142857 0.649025069637883 0.27976190476190477
1 0.3147632311977716 0.5 0.31754874651810583 0.5 0.3203342618384401 0.49404761904761907 0.3286908077994429 0.49404761904761907 0.33147632311977715 0.5 0.33147632311977715 0.5059523809523809 0.3286908077994429 0.5119047619047619 0.31754874651810583 0.5119047619047619 0.3147632311977716 0.5059523809523809
1 0.6518105849582173 0.6666666666666666 0.6545961002785515 0.6726190476190477 0.6573816155988857 0.6726190476190477 0.6573816155988857 0.6845238095238095 0.6545961002785515 0.6904761904761905 0.6434540389972145 0.6904761904761905 0.6406685236768802 0.6845238095238095 0.6406685236768802 0.6785714285714286 0.6462395543175488 0.6666666666666666 0.649025069637883 0.6666666666666666
1 0.958217270194986 0.1130952380952381 0.958217270194986 0.13690476190476192 0.9554317548746518 0.14285714285714285 0.9415041782729805 0.14285714285714285 0.9387186629526463 0.13690476190476192 0.9387186629526463 0.11904761904761904 0.9415041782729805 0.1130952380952381 0.9554317548746518 0.1130952380952381
1 0.7367688022284122 0.16964285714285715 0.05013927576601671 0.047619047619047616
1 0.8147632311977716 0.08928571428571429 0.019498607242339833 0.02976190476190476
1 0.8495821727019499 0.07142857142857142 0.016713091922005572 0.023809523809523808
1 0.9512534818941504 0.07142857142857142 0.013927576601671309 0.03571428571428571
1 0.8969359331476323 0.17857142857142858 0.013927576601671309 0.02976190476190476
1 0.9484679665738162 0.22321428571428573 0.016713091922005572 0.041666666666666664
1 0.9721448467966574 0.21726190476190477 0.013927576601671309 0.02976190476190476
1 0.23119777158774374 0.8125 0.34818941504178275 0.13690476190476192
1 0.6406685236768802 0.7232142857142857 0.3983286908077994 0.11904761904761904
1 0.8022284122562674 0.7202380952380952 0.036211699164345405 0.03571428571428571
1 0.8189415041782729 0.75 0.022284122562674095 0.02976190476190476
1 0.8398328690807799 0.7440476190476191 0.019498607242339833 0.02976190476190476
1 0.8105849582172702 0.6875 0.019498607242339833 0.023809523809523808
1 0.4011142061281337 0.6458333333333334 0.019498607242339833 0.02976190476190476
1 0.2200557103064067 0.4880952380952381 0.036211699164345405 0.023809523809523808
1 0.07520891364902507 0.3601190476190476 0.04456824512534819 0.07142857142857142
