1 0.7725 0.4375 0.78125 0.43875 0.785625 0.4425 0.775 0.4475 0.750625 0.44625 0.74125 0.4425 0.74375 0.43875 0.771875 0.4375
1 0.125625 0.47375 0.138125 0.476875 0.143125 0.480625 0.139375 0.485625 0.128125 0.4875 0.064375 0.48625 0.055 0.484375 0.051875 0.48125 0.055625 0.476875 0.06375 0.475 0.083125 0.474375 0.099375 0.476875 0.125 0.47375
1 0.756875 0.50625 0.765625 0.508125 0.766875 0.510625 0.753125 0.514375 0.735 0.51375 0.72 0.51125 0.715 0.508125 0.73375 0.505625 0.75625 0.50625
1 0.46125 0.435625 0.480625 0.440625 0.4825 0.445 0.476875 0.448125 0.440625 0.445625 0.438125 0.4425 0.440625 0.439375 0.449375 0.43625 0.460625 0.435625
1 0.578125 0.535 0.589375 0.53625 0.595625 0.539375 0.5975 0.54375 0.589375 0.54625 0.549375 0.544375 0.549375 0.54 0.55375 0.5375 0.563125 0.535 0.5775 0.535
1 0.044375 0.431875 0.05125 0.435625 0.048125 0.439375 0.04 0.440625 0.020625 0.43875 0.015 0.435 0.025 0.43 0.039375 0.43 0.04375 0.431875
1 0.355 0.5225 0.365 0.525625 0.36625 0.529375 0.3625 0.531875 0.3525 0.533125 0.325 0.5325 0.3175 0.529375 0.324375 0.524375 0.338125 0.521875 0.354375 0.5225
1 0.27875 0.446875 0.2825 0.449375 0.2825 0.4525 0.273125 0.455 0.25125 0.454375 0.24875 0.453125 0.249375 0.449375 0.2575 0.445625 0.278125 0.446875
1 0.38 0.473125 0.3975 0.47625 0.400625 0.480625 0.38 0.48625 0.363125 0.485625 0.34625 0.47875 0.34625 0.476875 0.36125 0.473125 0.379375 0.473125
1 0.945 0.446875 0.95875 0.44875 0.964375 0.4525 0.960625 0.45625 0.949375 0.45875 0.931875 0.45875 0.925625 0.4575 0.921875 0.45375 0.925625 0.44875 0.944375 0.446875
1 0.356875 0.45375 0.360625 0.456875 0.36 0.461875 0.346875 0.46375 0.320625 0.46125 0.318125 0.45625 0.3275 0.4525 0.348125 0.451875 0.35625 0.45375
1 0.934375 0.4975 0.95 0.5 0.95125 0.501875 0.94625 0.503125 0.90375 0.50125 0.901875 0.498125 0.93375 0.4975
1 0.4375 0.50125 0.44375 0.505 0.439375 0.50875 0.431875 0.51 0.41125 0.509375 0.403125 0.504375 0.410625 0.500625 0.436875 0.50125
1 0.999375 0.54875 0.999375 0.563125 0.976875 0.560625 0.9675 0.555625 0.968125 0.5525 0.974375 0.55 0.99875 0.54875
1 0.189375 0.531875 0.19625 0.53375 0.198125 0.535625 0.196875 0.5375 0.17625 0.539375 0.16 0.5375 0.1575 0.53625 0.16 0.53375 0.17 0.53125 0.18875 0.531875
1 0.618125 0.43625 0.62 0.43875 0.6175 0.439375 0.588125 0.43875 0.595 0.435625 0.6175 0.43625
1 0.68875 0.453125 0.703125 0.455625 0.705 0.46 0.68625 0.465 0.666875 0.463125 0.661875 0.46 0.661875 0.45625 0.668125 0.45375 0.688125 0.453125
1 0.41125 0.456875 0.431875 0.4625 0.433125 0.4675 0.425 0.470625 0.395625 0.47 0.384375 0.466875 0.383125 0.4625 0.38875 0.459375 0.410625 0.456875
1 0.820625 0.54 0.82875 0.543125 0.83125 0.54625 0.824375 0.548125 0.804375 0.54625 0.79625 0.543125 0.808125 0.54 0.82 0.54
1 0.2075 0.489375 0.218125 0.490625 0.221875 0.494375 0.208125 0.498125 0.19625 0.498125 0.18625 0.494375 0.191875 0.490625 0.206875 0.489375
1 0.323125 0.51375 0.33625 0.51875 0.33375 0.5225 0.328125 0.524375 0.293125 0.52375 0.284375 0.519375 0.28625 0.51625 0.293125 0.514375 0.3225 0.51375
1 0.20125 0.435625 0.216875 0.43875 0.220625 0.4425 0.219375 0.445625 0.211875 0.448125 0.18125 0.4475 0.171875 0.4425 0.17375 0.439375 0.18 0.4375 0.200625 0.435625
1 0.249375 0.5275 0.250625 0.53 0.248125 0.53375 0.2275 0.53625 0.204375 0.534375 0.2025 0.52875 0.205625 0.52625 0.241875 0.525625 0.24875 0.5275
1 0.479375 0.529375 0.494375 0.5325 0.496875 0.53625 0.490625 0.54 0.47875 0.54125 0.4675 0.540625 0.45875 0.53625 0.459375 0.5325 0.461875 0.53125 0.47875 0.529375
1 0.11125 0.431875 0.113125 0.435625 0.109375 0.436875 0.093125 0.43625 0.09 0.434375 0.09 0.431875 0.110625 0.431875
1 0.2475 0.469375 0.25375 0.470625 0.255625 0.47375 0.24125 0.47875 0.20625 0.475625 0.20125 0.47375 0.201875 0.47 0.246875 0.469375
1 0.306875 0.484375 0.314375 0.4875 0.30125 0.489375 0.2775 0.4875 0.283125 0.484375 0.30625 0.484375
1 0.073125 0.475 0.085625 0.47625 0.095625 0.480625 0.095625 0.48375 0.09125 0.485625 0.075625 0.486875 0.056875 0.485 0.05125 0.480625 0.056875 0.47625 0.0725 0.475
1 0.854375 0.511875 0.91 0.510625 0.916875 0.511875 0.920625 0.515 0.891875 0.518125 0.865625 0.518125 0.855625 0.51625 0.854375 0.5125
1 0.230625 0.479375 0.2375 0.481875 0.238125 0.48625 0.22125 0.489375 0.20625 0.488125 0.203125 0.484375 0.20625 0.48125 0.214375 0.479375 0.23 0.479375
1 0.126875 0.47375 0.13875 0.476875 0.143125 0.480625 0.140625 0.485 0.1275 0.4875 0.11125 0.486875 0.098125 0.48375 0.095625 0.48125 0.096875 0.4775 0.103125 0.475625 0.12625 0.47375
1 0.13875 0.515625 0.1525 0.51125 0.185625 0.5125 0.18625 0.515 0.17875 0.52125 0.153125 0.52125 0.140625 0.51875 0.139375 0.51625
1 0.28625 0.531875 0.28875 0.533125 0.286875 0.53625 0.271875 0.535625 0.27 0.533125 0.285625 0.531875
1 0.318125 0.495 0.3225 0.498125 0.315625 0.5 0.295625 0.4975 0.303125 0.495 0.3175 0.495
1 0.793125 0.443125 0.818125 0.445 0.83125 0.449375 0.825625 0.45375 0.8175 0.455625 0.788125 0.455 0.77375 0.449375 0.781875 0.444375 0.7925 0.44375
1 0.513125 0.45625 0.519375 0.459375 0.51875 0.463125 0.505 0.4675 0.496875 0.466875 0.48375 0.459375 0.493125 0.45625 0.5125 0.45625
1 0.7275 0.439375 0.730625 0.443125 0.715625 0.4475 0.6825 0.444375 0.675625 0.4425 0.675 0.43875 0.7125 0.4375 0.726875 0.439375
1 0.190625 0.46375 0.201875 0.466875 0.205625 0.473125 0.1925 0.475 0.17375 0.47375 0.165625 0.47 0.1675 0.466875 0.17375 0.464375 0.19 0.46375
