1 0.510625 0 0.52 0 0.51875 0.020625 0.515625 0.02875 0.511875 0.02875 0.51 0.02375 0.510625 0.000625
1 0.574375 0.703125 0.57875 0.715625 0.575 0.73375 0.57125 0.7325 0.570625 0.715 0.574375 0.70375
1 0.5759375 0.5553125 0.013125 0.049375
1 0.490625 0.865 0.49375 0.866875 0.495625 0.8775 0.49375 0.9225 0.49125 0.92875 0.486875 0.925 0.485 0.901875 0.48625 0.88 0.490625 0.865625
1 0.574375 0.46875 0.5775 0.474375 0.578125 0.495 0.57375 0.524375 0.570625 0.526875 0.5675 0.524375 0.565 0.50875 0.56875 0.476875 0.57375 0.469375
1 0.5675 0.655625 0.57125 0.6575 0.570625 0.684375 0.5675 0.699375 0.56375 0.699375 0.5625 0.696875 0.563125 0.67125 0.5675 0.65625
1 0.54375 0.93625 0.01125 0.04875
1 0.55375 0.18375 0.55625 0.189375 0.55625 0.203125 0.55375 0.21125 0.55125 0.2125 0.546875 0.210625 0.545625 0.195625 0.548125 0.18625 0.553125 0.18375
1 0.51 0.4928125 0.0075 0.026875
1 0.553125 0.830625 0.5575 0.833125 0.55875 0.838125 0.556875 0.8675 0.55375 0.875625 0.55 0.87625 0.54875 0.849375 0.553125 0.83125
1 0.545625 0.661875 0.543125 0.653125 0.544375 0.631875 0.549375 0.611875 0.553125 0.60875 0.55625 0.620625 0.556875 0.63875 0.55125 0.656875 0.54625 0.661875
1 0.5225 0.81 0.525625 0.813125 0.5275 0.8225 0.525 0.84375 0.521875 0.845625 0.519375 0.834375 0.521875 0.810625
1 0.588125 0.050625 0.593125 0.06 0.5925 0.074375 0.59 0.08 0.588125 0.081875 0.585 0.079375 0.5825 0.069375 0.583125 0.06 0.5875 0.05125
1 0.553125 0.183125 0.555625 0.186875 0.55625 0.204375 0.554375 0.248125 0.550625 0.265 0.54625 0.266875 0.543125 0.261875 0.543125 0.236875 0.54625 0.2175 0.545625 0.1925 0.54875 0.185 0.5525 0.18375
1 0.588125 0.3225 0.5925 0.333125 0.590625 0.363125 0.588125 0.3675 0.585625 0.364375 0.584375 0.338125 0.588125 0.323125
1 0.4875 0.416875 0.490625 0.42875 0.490625 0.471875 0.48875 0.49125 0.48625 0.494375 0.480625 0.49375 0.47875 0.490625 0.478125 0.46625 0.47875 0.425 0.480625 0.41875 0.483125 0.41625 0.486875 0.416875
1 0.498125 0.188125 0.50125 0.2 0.501875 0.22875 0.498125 0.25125 0.495 0.259375 0.4925 0.260625 0.49 0.259375 0.48625 0.24875 0.485625 0.225 0.490625 0.1975 0.49375 0.18875 0.4975 0.188125
1 0.508125 0.33875 0.5125 0.3375 0.515625 0.340625 0.519375 0.3725 0.51625 0.410625 0.5125 0.42625 0.508125 0.429375 0.50125 0.418125 0.498125 0.4025 0.4975 0.369375 0.500625 0.351875 0.508125 0.339375
1 0.574375 0.24875 0.57625 0.256875 0.574375 0.271875 0.57125 0.2725 0.57 0.264375 0.570625 0.25125 0.57375 0.249375
1 0.553125 0.22125 0.55375 0.255 0.55125 0.264375 0.5475 0.2675 0.543125 0.261875 0.543125 0.2375 0.546875 0.2225 0.5525 0.22125
1 0.601875 0.308125 0.59875 0.404375 0.596875 0.426875 0.595625 0.429375 0.594375 0.428125 0.598125 0.31875 0.59875 0.3125 0.601875 0.30875
1 0.47375 0.644375 0.47 0.6325 0.47 0.59875 0.47375 0.583125 0.47625 0.580625 0.480625 0.583125 0.483125 0.594375 0.480625 0.633125 0.474375 0.64375
1 0.504375 0.813125 0.01375 0.1025
1 0.515 0.235 0.511875 0.2325 0.510625 0.22625 0.51 0.210625 0.5125 0.19875 0.515625 0.19625 0.51875 0.201875 0.519375 0.22 0.515625 0.234375
1 0.5359375 0.834375 0.006875 0.02875
1 0.556875 0.73 0.55375 0.7275 0.55125 0.715 0.55375 0.696875 0.5575 0.69375 0.56125 0.703125 0.5575 0.729375
1 0.58125 0.6775 0.58375 0.678125 0.5825 0.708125 0.58125 0.715 0.576875 0.706875 0.58125 0.678125
1 0.490625 0.30875 0.495 0.32375 0.495 0.333125 0.491875 0.341875 0.4875 0.3425 0.48375 0.32875 0.485625 0.31375 0.4875 0.309375 0.49 0.309375
1 0.4875 0.135625 0.490625 0.1375 0.495 0.15 0.495 0.16125 0.489375 0.175 0.486875 0.176875 0.483125 0.17375 0.48125 0.1625 0.4825 0.1425 0.48375 0.138125 0.486875 0.13625
1 0.54875 0.498125 0.55125 0.498125 0.555 0.51 0.55375 0.543125 0.550625 0.5625 0.54625 0.56875 0.543125 0.564375 0.54125 0.54 0.5425 0.513125 0.54875 0.49875
1 0.58125 0.6775 0.58375 0.680625 0.58125 0.718125 0.574375 0.733125 0.57125 0.72875 0.571875 0.71 0.58125 0.678125
1 0.494375 0.513125 0.498125 0.51125 0.50375 0.53125 0.5025 0.560625 0.50125 0.561875 0.49625 0.556875 0.49125 0.53125 0.494375 0.51375
1 0.525625 0.90625 0.5275 0.91125 0.52625 0.935 0.5225 0.935 0.521875 0.928125 0.5225 0.914375 0.525625 0.906875
1 0.5078125 0.6640625 0.009375 0.029375
1 0.578125 0.118125 0.58125 0.124375 0.580625 0.145 0.578125 0.154375 0.574375 0.15375 0.5725 0.146875 0.5725 0.126875 0.574375 0.120625 0.5775 0.118125
1 0.543125 0.098125 0.545625 0.1075 0.543125 0.123125 0.539375 0.12125 0.538125 0.115 0.53875 0.10125 0.5425 0.09875
1 0.556875 0.29125 0.560625 0.309375 0.558125 0.329375 0.554375 0.334375 0.55 0.330625 0.548125 0.315 0.553125 0.2925 0.55625 0.29125
1 0.57 0.045625 0.5725 0.058125 0.571875 0.071875 0.5675 0.083125 0.56375 0.079375 0.563125 0.06 0.56625 0.04625 0.5675 0.044375 0.569375 0.045625
1 0.536875 0.3640625 0.01625 0.035625
1 0.509375 0.5784375 0.02375 0.094375
1 0.5221875 0.7546875 0.013125 0.024375
1 0.5228125 0.7846875 0.011875 0.023125
1 0.53125 0.659375 0.01 0.03125
1 0.586875 0.3990625 0.00875 0.025625
1 0.5765625 0.436875 0.013125 0.02125
1 0.573125 0.4028125 0.00625 0.023125
