1 0.78875 0.574375 0.795 0.578125 0.793125 0.588125 0.78375 0.595 0.775625 0.5975 0.76875 0.5975 0.766875 0.595 0.765 0.584375 0.766875 0.5775 0.773125 0.575 0.788125 0.574375
1 0.713125 0.59 0.71875 0.5925 0.723125 0.599375 0.72125 0.60875 0.713125 0.613125 0.705625 0.613125 0.69625 0.609375 0.69375 0.603125 0.695 0.595625 0.698125 0.591875 0.7125 0.59
1 0.59125 0.6425 0.621875 0.6475 0.625 0.650625 0.625 0.654375 0.60625 0.655625 0.55375 0.654375 0.55375 0.650625 0.556875 0.6475 0.56625 0.64375 0.590625 0.6425
1 0.473125 0.63 0.519375 0.6325 0.523125 0.63375 0.5225 0.63875 0.515 0.64375 0.481875 0.646875 0.459375 0.641875 0.45 0.63625 0.44875 0.633125 0.451875 0.63125 0.4725 0.630625
1 0.316875 0.470625 0.33625 0.475625 0.33875 0.483125 0.33125 0.49375 0.315625 0.499375 0.303125 0.499375 0.285625 0.494375 0.275625 0.48125 0.275 0.47375 0.28875 0.47 0.31625 0.470625
1 0.761875 0.5825 0.766875 0.589375 0.766875 0.598125 0.75 0.60625 0.735625 0.605625 0.730625 0.595 0.731875 0.58875 0.745 0.58375 0.76125 0.583125
1 0.201875 0.575 0.2075 0.57875 0.20625 0.58125 0.20125 0.5825 0.191875 0.58125 0.19 0.578125 0.19375 0.575 0.20125 0.575
1 0.79 0.574375 0.795 0.5775 0.795625 0.5825 0.789375 0.5925 0.778125 0.59875 0.7475 0.606875 0.73625 0.60625 0.733125 0.60375 0.73 0.595625 0.733125 0.586875 0.750625 0.580625 0.761875 0.58 0.77375 0.574375 0.789375 0.574375
1 0.30375 0.546875 0.32375 0.55375 0.33125 0.56 0.33125 0.56375 0.315 0.575625 0.29375 0.578125 0.2725 0.5775 0.27125 0.558125 0.2825 0.550625 0.303125 0.546875
1 0.106875 0.6325 0.114375 0.635 0.12 0.64 0.12125 0.6475 0.116875 0.65375 0.10625 0.655625 0.04875 0.654375 0.04375 0.6525 0.03875 0.644375 0.04 0.6375 0.04875 0.6325 0.10625 0.6325
1 0.856875 0.5675 0.868125 0.576875 0.868125 0.58125 0.865625 0.583125 0.853125 0.58375 0.838125 0.58125 0.835 0.5775 0.841875 0.5675 0.85625 0.5675
1 0.97125 0.578125 0.975625 0.58 0.978125 0.585 0.97125 0.595 0.963125 0.59875 0.950625 0.59875 0.93125 0.59375 0.929375 0.58125 0.93625 0.578125 0.970625 0.578125
1 0.125 0.48875 0.13375 0.4925 0.1375 0.498125 0.121875 0.505625 0.10375 0.503125 0.0975 0.496875 0.09875 0.49375 0.105625 0.49 0.124375 0.48875
1 0.411875 0.494375 0.42 0.498125 0.42125 0.505 0.416875 0.509375 0.408125 0.5125 0.39625 0.51 0.3925 0.50125 0.396875 0.495625 0.41125 0.494375
1 0.590625 0.505 0.62375 0.510625 0.666875 0.51 0.684375 0.515 0.689375 0.518125 0.690625 0.52625 0.695625 0.533125 0.694375 0.536875 0.685 0.54125 0.651875 0.54 0.638125 0.534375 0.616875 0.53125 0.57 0.53375 0.54 0.52875 0.531875 0.5225 0.5125 0.5175 0.510625 0.511875 0.515 0.508125 0.548125 0.505 0.59 0.505
1 0.163125 0.5175 0.17125 0.520625 0.175625 0.525 0.1775 0.53375 0.16625 0.54125 0.155 0.54375 0.140625 0.541875 0.131875 0.538125 0.1275 0.53375 0.12625 0.528125 0.12875 0.52375 0.1375 0.52 0.15 0.516875 0.1625 0.5175
1 0.0825 0.5225 0.086875 0.525625 0.088125 0.53375 0.08125 0.538125 0.070625 0.540625 0.0575 0.540625 0.05375 0.53875 0.048125 0.5325 0.048125 0.525625 0.056875 0.520625 0.07625 0.520625 0.081875 0.5225
1 0.5825 0.5475 0.59 0.553125 0.589375 0.565625 0.583125 0.56875 0.55375 0.573125 0.5375 0.5725 0.526875 0.56875 0.524375 0.565 0.524375 0.558125 0.52875 0.55 0.559375 0.546875 0.581875 0.5475
1 0.065625 0.49 0.0675 0.49125 0.066875 0.494375 0.059375 0.5 0.03375 0.50375 0.008125 0.501875 0.005625 0.498125 0.0075 0.49375 0.045625 0.48875 0.065 0.49
1 0.45375 0.553125 0.46125 0.558125 0.46375 0.5725 0.451875 0.590625 0.446875 0.595 0.439375 0.596875 0.42 0.595625 0.39375 0.585625 0.388125 0.580625 0.388125 0.573125 0.390625 0.5675 0.3975 0.56125 0.416875 0.551875 0.436875 0.549375 0.453125 0.553125
