1 0.769375 0.05375 0.77625 0.0675 0.773125 0.07375 0.76875 0.07625 0.765 0.075625 0.756875 0.064375 0.758125 0.056875 0.761875 0.053125 0.76875 0.05375
1 0.7409375 0.130625 0.016875 0.02625
1 0.67625 0.185 0.679375 0.18875 0.680625 0.196875 0.67875 0.205 0.67375 0.211875 0.669375 0.21 0.666875 0.19125 0.670625 0.185 0.675625 0.185
1 0.676875 0.2709375 0.0125 0.019375
1 0.66125 0.17625 0.675 0.183125 0.679375 0.18875 0.68 0.199375 0.675625 0.209375 0.67125 0.21125 0.668125 0.206875 0.6575 0.1825 0.6575 0.1775 0.660625 0.176875
1 0.628125 0.304375 0.63375 0.309375 0.635625 0.319375 0.621875 0.335625 0.613125 0.34 0.608125 0.334375 0.60875 0.320625 0.62 0.305 0.6275 0.304375
1 0.30375 0.74 0.306875 0.7475 0.305 0.756875 0.289375 0.785 0.275 0.80625 0.26875 0.81125 0.265625 0.810625 0.264375 0.80375 0.268125 0.790625 0.29125 0.748125 0.3 0.74 0.303125 0.74
1 0.661875 0.228125 0.665625 0.231875 0.6675 0.24125 0.664375 0.2475 0.6575 0.25 0.649375 0.246875 0.64875 0.2375 0.65375 0.229375 0.66125 0.228125
1 0.471875 0.585 0.475625 0.59 0.47375 0.60625 0.465 0.6225 0.454375 0.63 0.449375 0.62875 0.446875 0.625625 0.4475 0.614375 0.458125 0.59375 0.46375 0.588125 0.47125 0.585
1 0.755 0.07375 0.76125 0.09125 0.7575 0.09875 0.748125 0.10375 0.743125 0.099375 0.743125 0.088125 0.74875 0.07625 0.751875 0.073125 0.754375 0.07375
1 0.823125 0 0.863125 0 0.863125 0.00625 0.855 0.02625 0.849375 0.031875 0.840625 0.034375 0.83125 0.033125 0.821875 0.021875 0.819375 0.009375 0.823125 0.000625
