1 0.410625 0.315625 0.415 0.315 0.4175 0.318125 0.4225 0.335 0.4225 0.34875 0.419375 0.35875 0.414375 0.36 0.410625 0.355625 0.40625 0.34375 0.406875 0.324375 0.410625 0.31625
1 0.366875 0.216875 0.370625 0.22 0.371875 0.2275 0.371875 0.23375 0.369375 0.238125 0.365 0.230625 0.364375 0.219375 0.36625 0.216875
1 0.51875 0.78875 0.523125 0.793125 0.52625 0.805625 0.525625 0.815625 0.520625 0.823125 0.515 0.818125 0.513125 0.804375 0.514375 0.791875 0.518125 0.78875
1 0.449375 0.419375 0.454375 0.435 0.458125 0.465625 0.4575 0.476875 0.455625 0.4775 0.453125 0.471875 0.45 0.453125 0.446875 0.425 0.44875 0.42
1 0.546875 0.971875 0.550625 0.9775 0.55125 0.999375 0.544375 0.999375 0.541875 0.994375 0.5425 0.980625 0.54625 0.9725
1 0.39 0.326875 0.39375 0.32875 0.404375 0.393125 0.404375 0.40375 0.40125 0.403125 0.3925 0.376875 0.3875 0.346875 0.39 0.3275
1 0.49125 0.6925 0.495 0.693125 0.498125 0.713125 0.498125 0.725 0.494375 0.725 0.49125 0.693125
1 0.383125 0.275 0.38625 0.283125 0.384375 0.295 0.381875 0.294375 0.379375 0.28625 0.379375 0.276875 0.3825 0.275
1 0.38 0.216875 0.38375 0.219375 0.386875 0.23 0.385 0.24625 0.383125 0.248125 0.37875 0.246875 0.375625 0.23625 0.375625 0.226875 0.379375 0.2175
1 0.4875 0.674375 0.4825 0.66375 0.476875 0.624375 0.47875 0.614375 0.481875 0.615 0.483125 0.619375 0.48875 0.666875 0.4875 0.67375
