1 0.630625 0.9696875 0.02 0.04125
1 0.5846875 0.308125 0.015 0.035
1 0.59125 0.7053125 0.018125 0.03875
1 0.4703125 0.1540625 0.01375 0.0375
1 0.45 0.456875 0.0175 0.04
1 0.45375 0.8478125 0.013125 0.0425
1 0.5690625 0.191875 0.0125 0.033125
1 0.4634375 0.7921875 0.015 0.0375
1 0.535 0.339375 0.013125 0.030625
1 0.538125 0.8740625 0.011875 0.03375
1 0.6253125 0.6478125 0.0125 0.03
1 0.591875 0.40625 0.016875 0.0325
1 0.5815625 0.1096875 0.013125 0.031875
1 0.6025 0.435625 0.014375 0.029375
1 0.546875 0.1015625 0.013125 0.03125
1 0.4846875 0.3540625 0.01125 0.031875
1 0.6146875 0.253125 0.01125 0.0325
1 0.4590625 0.0096875 0.011875 0.01875
1 0.5890625 0.6565625 0.016875 0.04
1 0.403125 0.3109375 0.0125 0.030625
1 0.38125 0.1065625 0.011875 0.028125
1 0.5259375 0.20125 0.01875 0.039375
1 0.520625 0.525625 0.009375 0.025625
1 0.545625 0.0375 0.008125 0.023125
1 0.426875 0.750625 0.00875 0.024375
1 0.6515625 0.5815625 0.00875 0.023125
1 0.528125 0.151875 0.01625 0.03625
1 0.4271875 0.49875 0.01 0.02
1 0.5875 0.46625 0.0125 0.025625
1 0.490625 0.4278125 0.008125 0.0225
1 0.5640625 0.3478125 0.00875 0.015
1 0.4290625 0.695 0.00875 0.031875
1 0.526875 0.23375 0.009375 0.01625
1 0.535625 0.419375 0.0075 0.0125
1 0.4496875 0.0940625 0.0075 0.021875
1 0.614375 0.749375 0.00875 0.025625
1 0.574375 0.4771875 0.009375 0.02
1 0.58875 0.591875 0.01875 0.025
1 0.614375 0.6915625 0.0075 0.019375
1 0.58375 0.6128125 0.01125 0.03
1 0.6153125 0.5525 0.00625 0.01375
1 0.4421875 0.0525 0.009375 0.019375
1 0.5878125 0.6046875 0.02 0.049375
1 0.428125 0.4646875 0.0075 0.019375
1 0.6025 0.9290625 0.00625 0.011875
1 0.48625 0.683125 0.00625 0.01
