1 0.48125 0.3125 0.04625 0.078125
1 0.586875 0.706875 0.035625 0.1225
1 0.6365625 0.6646875 0.021875 0.094375
1 0.4078125 0.5953125 0.029375 0.04875
1 0.5390625 0.2525 0.0175 0.045
1 0.5675 0.8225 0.0225 0.0525
1 0.566875 0.1475 0.020625 0.144375
1 0.5321875 0.029375 0.018125 0.058125
1 0.6309375 0.8859375 0.0175 0.080625
1 0.3809375 0.479375 0.020625 0.05625
1 0.429375 0.4625 0.016875 0.03875
1 0.626875 0.5325 0.041875 0.135625
1 0.46125 0.5659375 0.075625 0.134375
1 0.5615625 0.596875 0.013125 0.02
1 0.4359375 0.1078125 0.074375 0.18875
1 0.594375 0.435 0.016875 0.034375
1 0.41625 0.7559375 0.01875 0.031875
1 0.411875 0.9403125 0.01625 0.03875
1 0.590625 0.274375 0.021875 0.123125
1 0.526875 0.4590625 0.01375 0.04375
1 0.5875 0.9459375 0.011875 0.025
1 0.4540625 0.475 0.01625 0.033125
1 0.5046875 0.839375 0.030625 0.115
1 0.473125 0.368125 0.01625 0.03125
1 0.54125 0.3384375 0.011875 0.02625
1 0.47875 0.980625 0.015 0.024375
1 0.44375 0.313125 0.00875 0.035625
1 0.563125 0.016875 0.014375 0.03375
1 0.406875 0.3665625 0.01125 0.019375
1 0.61125 0.4253125 0.011875 0.02375
1 0.403125 0.22 0.058125 0.204375
1 0.5459375 0.7375 0.013125 0.02375
1 0.534375 0.585 0.014375 0.045
