1 0.0796875 0.1346875 0.050625 0.07
1 0.3040625 0.8390625 0.0775 0.069375
1 0.1746875 0.1159375 0.043125 0.06375
1 0.674375 0.865 0.078125 0.065
1 0.2465625 0.21375 0.04 0.064375
1 0.03125 0.809375 0.0525 0.0725
1 0.1134375 0.6175 0.023125 0.065625
1 0.6871875 0.1484375 0.034375 0.05875
1 0.7196875 0.6353125 0.0225 0.07375
1 0.5325 0.775625 0.041875 0.069375
1 0.700625 0.9765625 0.034375 0.046875
1 0.9821875 0.5590625 0.023125 0.063125
1 0.4984375 0.2021875 0.019375 0.0525
1 0.5803125 0.3521875 0.02625 0.073125
1 0.8759375 0.7025 0.0475 0.095
1 0.9371875 0.201875 0.025625 0.076875
1 0.435625 0.39 0.021875 0.0575
1 0.6859375 0.7359375 0.014375 0.06
1 0.716875 0.1128125 0.048125 0.0625
1 0.8728125 0.6528125 0.02125 0.073125
1 0.8309375 0.36 0.021875 0.07
1 0.686875 0.6478125 0.02 0.063125
1 0.7021875 0.6809375 0.016875 0.06
1 0.93875 0.6140625 0.02 0.069375
1 0.385625 0.938125 0.01625 0.04
1 0.1503125 0.221875 0.02 0.055625
1 0.1934375 0.67125 0.018125 0.056875
1 0.4465625 0.2859375 0.019375 0.046875
1 0.973125 0.3896875 0.023125 0.07625
1 0.98 0.12125 0.03875 0.08
1 0.4196875 0.071875 0.021875 0.055625
1 0.6146875 0.1434375 0.024375 0.059375
1 0.413125 0.633125 0.01625 0.0575
1 0.3671875 0.1471875 0.021875 0.05875
1 0.066875 0.9034375 0.0125 0.043125
1 0.8071875 0.15375 0.021875 0.071875
1 0.7715625 0.2184375 0.018125 0.054375
1 0.255625 0.960625 0.033125 0.04
1 0.58125 0.9909375 0.03125 0.018125
1 0.994375 0.469375 0.010625 0.050625
1 0.94 0.79375 0.019375 0.06375
