1 0.25625 0.63875 0.264375 0.640625 0.26625 0.644375 0.2625 0.6475 0.2525 0.65 0.24125 0.64875 0.24 0.645 0.245625 0.64 0.255625 0.63875
1 0.564375 0.649375 0.578125 0.654375 0.5525 0.655 0.55375 0.6525 0.56375 0.65
1 0.635 0.518125 0.646875 0.52 0.655 0.525 0.6575 0.529375 0.650625 0.539375 0.644375 0.54125 0.615625 0.540625 0.61125 0.53875 0.606875 0.5325 0.608125 0.5275 0.614375 0.5225 0.624375 0.51875 0.634375 0.518125
1 0.764375 0.493125 0.76875 0.501875 0.7675 0.505 0.7625 0.506875 0.750625 0.504375 0.748125 0.498125 0.756875 0.491875 0.76375 0.493125
1 0.310625 0.64 0.315625 0.641875 0.3175 0.645625 0.3075 0.649375 0.300625 0.648125 0.3 0.64375 0.31 0.64
1 0.569375 0.484375 0.57875 0.486875 0.580625 0.491875 0.5775 0.496875 0.566875 0.5 0.555625 0.498125 0.55125 0.494375 0.55125 0.49125 0.55625 0.48625 0.56875 0.484375
1 0.47125 0.56125 0.479375 0.566875 0.481875 0.574375 0.478125 0.57875 0.469375 0.581875 0.45625 0.58125 0.446875 0.574375 0.445625 0.57 0.453125 0.561875 0.46 0.56 0.470625 0.56125
1 0.59875 0.58625 0.610625 0.588125 0.61375 0.59125 0.613125 0.595 0.605625 0.596875 0.5875 0.595625 0.585 0.591875 0.5875 0.588125 0.598125 0.586875
1 0.758125 0.638125 0.7625 0.640625 0.7625 0.64625 0.755 0.650625 0.745 0.651875 0.734375 0.64875 0.73125 0.64375 0.7325 0.640625 0.738125 0.638125 0.7575 0.638125
1 0.9940625 0.529375 0.011875 0.01
1 0.56875 0.579375 0.574375 0.585 0.564375 0.590625 0.551875 0.59 0.54375 0.584375 0.54625 0.58 0.55375 0.576875 0.568125 0.579375
1 0.876875 0.48625 0.87875 0.49125 0.874375 0.495 0.866875 0.49375 0.864375 0.490625 0.865 0.4875 0.869375 0.485 0.87625 0.48625
1 0.67125 0.47875 0.67375 0.480625 0.67375 0.484375 0.669375 0.4875 0.66125 0.48875 0.64 0.4875 0.636875 0.484375 0.6375 0.480625 0.648125 0.478125 0.670625 0.47875
1 0.67625 0.524375 0.6775 0.529375 0.674375 0.5325 0.66875 0.5325 0.66625 0.526875 0.669375 0.52375 0.675625 0.524375
1 0.395 0.5675 0.404375 0.570625 0.408125 0.575 0.404375 0.5825 0.3975 0.585 0.381875 0.584375 0.37375 0.58125 0.37125 0.578125 0.371875 0.57375 0.376875 0.569375 0.394375 0.5675
1 0.546875 0.510625 0.551875 0.511875 0.55375 0.515625 0.550625 0.518125 0.540625 0.519375 0.534375 0.51875 0.53125 0.515 0.53625 0.51125 0.54625 0.510625
1 0.06 0.54625 0.06125 0.55 0.05875 0.551875 0.05375 0.551875 0.05125 0.549375 0.054375 0.545625 0.059375 0.54625
1 0.368125 0.496875 0.374375 0.501875 0.36625 0.506875 0.35625 0.505625 0.35375 0.500625 0.360625 0.495625 0.3675 0.496875
1 0.040625 0.614375 0.048125 0.62 0.051875 0.629375 0.0475 0.634375 0.033125 0.6375 0.016875 0.63375 0.014375 0.62625 0.02125 0.615625 0.04 0.614375
1 0.3625 0.625625 0.3675 0.629375 0.366875 0.6325 0.358125 0.638125 0.344375 0.6375 0.340625 0.635 0.34 0.63 0.346875 0.625 0.361875 0.625625
1 0.999375 0.56 0.999375 0.571875 0.994375 0.571875 0.988125 0.5675 0.990625 0.561875 0.99875 0.56
1 0.008125 0.51 0.01875 0.5125 0.0225 0.5175 0.019375 0.525625 0.011875 0.52875 0 0.52875 0 0.51125 0.0075 0.51
1 0.23375 0.49875 0.245625 0.50125 0.248125 0.504375 0.244375 0.508125 0.23625 0.51 0.21875 0.509375 0.214375 0.505 0.22 0.500625 0.233125 0.49875
1 0.148125 0.495625 0.154375 0.4975 0.155 0.50125 0.14125 0.50375 0.131875 0.503125 0.129375 0.50125 0.130625 0.49875 0.1475 0.495625
1 0.460625 0.6025 0.463125 0.605625 0.46125 0.60875 0.453125 0.60875 0.4525 0.606875 0.45375 0.603125 0.46 0.6025
1 0.26125 0.541875 0.266875 0.545625 0.268125 0.551875 0.265625 0.555 0.255625 0.55875 0.23 0.556875 0.225625 0.55375 0.224375 0.548125 0.228125 0.543125 0.24125 0.539375 0.253125 0.539375 0.260625 0.541875
1 0.0575 0.586875 0.061875 0.588125 0.063125 0.591875 0.05375 0.595 0.046875 0.594375 0.0425 0.590625 0.045 0.588125 0.056875 0.586875
1 0.425625 0.595625 0.430625 0.59875 0.43 0.6025 0.425625 0.604375 0.41 0.6025 0.41 0.59875 0.413125 0.596875 0.425 0.595625
1 0.710625 0.55625 0.72 0.56 0.724375 0.56625 0.7225 0.573125 0.710625 0.5775 0.6925 0.575625 0.6875 0.5725 0.685625 0.5675 0.688125 0.56 0.69375 0.556875 0.71 0.55625
1 0.4425 0.646875 0.441875 0.643125 0.444375 0.640625 0.45125 0.640625 0.453125 0.645 0.449375 0.6475 0.443125 0.646875
1 0.935625 0.465625 0.944375 0.47 0.9475 0.47625 0.94375 0.480625 0.931875 0.484375 0.915625 0.48125 0.911875 0.475625 0.915 0.470625 0.923125 0.46625 0.935 0.465625
