1 0.74625 0.514375 0.753125 0.5175 0.751875 0.5225 0.72 0.525 0.711875 0.5275 0.67875 0.525625 0.67 0.52125 0.670625 0.515625 0.705 0.5125 0.745625 0.514375
1 0.089375 0.41 0.123125 0.41125 0.124375 0.414375 0.119375 0.4175 0.10375 0.419375 0.09125 0.419375 0.08 0.41625 0.078125 0.41125 0.08875 0.41
1 0.455 0.54 0.455625 0.54375 0.445625 0.5475 0.425 0.54625 0.42125 0.543125 0.423125 0.539375 0.44125 0.536875 0.454375 0.54
1 0.161875 0.518125 0.164375 0.52125 0.1625 0.52375 0.1475 0.525625 0.130625 0.523125 0.12875 0.521875 0.13 0.51875 0.16125 0.518125
1 0.52625 0.504375 0.543125 0.506875 0.55 0.51125 0.55875 0.528125 0.565625 0.535625 0.5625 0.539375 0.54 0.54125 0.529375 0.54625 0.505 0.541875 0.5025 0.53 0.503125 0.509375 0.5125 0.504375 0.525625 0.504375
1 0.95625 0.47375 0.999375 0.475625 0.999375 0.485 0.94875 0.48 0.94125 0.476875 0.955625 0.474375
1 0.6375 0.45 0.65875 0.45125 0.68625 0.459375 0.7025 0.466875 0.701875 0.47 0.6925 0.471875 0.685625 0.47 0.669375 0.471875 0.601875 0.47 0.594375 0.46375 0.598125 0.45625 0.636875 0.45
1 0.329375 0.44625 0.363125 0.44875 0.3925 0.460625 0.394375 0.466875 0.39 0.470625 0.368125 0.4725 0.31625 0.47 0.304375 0.46625 0.286875 0.4525 0.286875 0.4475 0.296875 0.445 0.32875 0.44625
1 0.110625 0.484375 0.135 0.4875 0.135625 0.494375 0.125 0.498125 0.075625 0.498125 0.05875 0.495625 0.05875 0.489375 0.06375 0.486875 0.11 0.484375
1 0.124375 0.435625 0.14125 0.436875 0.154375 0.44125 0.158125 0.445625 0.158125 0.449375 0.1475 0.4525 0.08375 0.44875 0.081875 0.44375 0.084375 0.44125 0.12375 0.435625
1 0.349375 0.42 0.39625 0.421875 0.43125 0.420625 0.470625 0.429375 0.473125 0.431875 0.466875 0.435 0.33375 0.43 0.32375 0.428125 0.32125 0.425 0.323125 0.423125 0.340625 0.4225 0.34875 0.42
1 0.2975 0.5175 0.30125 0.5225 0.294375 0.525 0.26875 0.52375 0.26625 0.51875 0.269375 0.516875 0.296875 0.5175
1 0.28125 0.493125 0.300625 0.49375 0.318125 0.49875 0.321875 0.50125 0.323125 0.505625 0.32125 0.50875 0.315625 0.510625 0.26375 0.51 0.26 0.505 0.26125 0.499375 0.275 0.493125 0.280625 0.493125
1 0.26625 0.533125 0.28 0.535625 0.2825 0.54 0.279375 0.545 0.26375 0.5475 0.2225 0.545 0.219375 0.543125 0.21875 0.539375 0.226875 0.534375 0.265625 0.533125
1 0.010625 0.515 0.059375 0.51875 0.06125 0.5225 0.0575 0.52375 0.029375 0.52625 0 0.52625 0 0.516875 0.01 0.515
1 0.631875 0.543125 0.64625 0.545625 0.65125 0.55 0.639375 0.555 0.621875 0.555 0.615 0.55125 0.614375 0.54625 0.61625 0.54375 0.63125 0.543125
1 0.905625 0.539375 0.935625 0.541875 0.9825 0.541875 0.988125 0.54625 0.974375 0.55 0.894375 0.548125 0.889375 0.54625 0.890625 0.54125 0.905 0.539375
1 0 0.434375 0.019375 0.435625 0.024375 0.44125 0.021875 0.445625 0.018125 0.446875 0 0.446875 0 0.435
1 0.17 0.428125 0.173125 0.430625 0.17375 0.435625 0.16375 0.438125 0.11375 0.435 0.10875 0.431875 0.13 0.425625 0.169375 0.428125
1 0.400625 0.520625 0.41 0.525625 0.41125 0.529375 0.40875 0.533125 0.39875 0.53625 0.379375 0.534375 0.375 0.530625 0.37375 0.525625 0.380625 0.521875 0.4 0.520625
1 0.19375 0.42125 0.23875 0.425 0.254375 0.42875 0.255 0.431875 0.24625 0.43375 0.213125 0.43375 0.205625 0.43125 0.203125 0.435 0.19625 0.435 0.1925 0.430625 0.174375 0.431875 0.166875 0.425625 0.17125 0.42125 0.193125 0.42125
1 0.2 0.44875 0.210625 0.4525 0.210625 0.45625 0.2 0.45875 0.17 0.456875 0.15875 0.4525 0.17 0.4475 0.199375 0.44875
1 0 0.46125 0.036875 0.461875 0.04 0.464375 0.04 0.4675 0.03625 0.47 0 0.471875 0 0.461875
1 0.74625 0.53125 0.790625 0.5325 0.806875 0.535625 0.81375 0.53875 0.814375 0.543125 0.805 0.545625 0.715 0.540625 0.710625 0.5375 0.71375 0.53375 0.745625 0.53125
1 0.728125 0.429375 0.749375 0.43125 0.75625 0.435625 0.758125 0.445 0.745625 0.449375 0.71125 0.44875 0.670625 0.445625 0.65625 0.4425 0.6575 0.438125 0.688125 0.43625 0.72 0.42875 0.7275 0.429375
1 0.946875 0.4425 0.999375 0.448125 0.999375 0.4625 0.9525 0.46 0.9225 0.454375 0.915625 0.449375 0.915625 0.445625 0.929375 0.4425 0.94625 0.4425
