1 0.38625 0.9215625 0.02125 0.05125
1 0.6071875 0.6971875 0.02125 0.079375
1 0.3803125 0.82625 0.019375 0.043125
1 0.5971875 0.9703125 0.023125 0.055625
1 0.41125 0.754375 0.020625 0.04125
1 0.615 0.3271875 0.020625 0.08125
1 0.390625 0.3140625 0.01875 0.035
1 0.5865625 0.468125 0.020625 0.0425
1 0.5371875 0.8875 0.02125 0.02375
1 0.45625 0.1696875 0.021875 0.023125
1 0.4659375 0.5653125 0.0175 0.020625
1 0.4653125 0.0275 0.023125 0.024375
1 0.4071875 0.0640625 0.02375 0.026875
1 0.38 0.284375 0.021875 0.05125
1 0.408125 0.5025 0.018125 0.019375
1 0.650625 0.3 0.0125 0.035
1 0.543125 0.2803125 0.02375 0.0225
1 0.38 0.0253125 0.0275 0.050625
1 0.5178125 0.019375 0.020625 0.025625
1 0.55375 0.80625 0.018125 0.01875
1 0.45375 0.42 0.021875 0.026875
1 0.4140625 0.8509375 0.015625 0.01875
1 0.535625 0.0628125 0.021875 0.021875
1 0.6371875 0.615 0.013125 0.016875
1 0.546875 0.315625 0.02 0.018125
1 0.389375 0.6353125 0.01625 0.01875
1 0.55625 0.1246875 0.040625 0.048125
1 0.5734375 0.315 0.016875 0.01375
1 0.62625 0.9334375 0.01375 0.011875
1 0.5559375 0.2990625 0.019375 0.018125
1 0.649375 0.981875 0.01375 0.035625
1 0.541875 0.5871875 0.015625 0.01375
1 0.366875 0.5803125 0.015625 0.016875
1 0.3934375 0.1946875 0.0225 0.0225
1 0.4340625 0.5546875 0.014375 0.019375
1 0.38875 0.3853125 0.020625 0.029375
1 0.5628125 0.124375 0.02875 0.048125
1 0.4125 0.22875 0.0175 0.01875
1 0.59125 0.060625 0.021875 0.021875
