1 0.58875 0.39 0.02125 0.05875
1 0.57125 0.739375 0.02625 0.055
1 0.468125 0.485 0.021875 0.05
1 0.550625 0.8725 0.02125 0.049375
1 0.5028125 0.8396875 0.019375 0.046875
1 0.5771875 0.569375 0.013125 0.036875
1 0.5053125 0.4275 0.01375 0.02875
1 0.4709375 0.3303125 0.011875 0.049375
1 0.5921875 0.3059375 0.0125 0.0525
1 0.49875 0.9246875 0.01875 0.03375
1 0.5303125 0.971875 0.01375 0.025625
1 0.5628125 0.4740625 0.01125 0.03
1 0.5740625 0.9103125 0.023125 0.03875
1 0.490625 0.3021875 0.0125 0.0275
1 0.4565625 0.8471875 0.015 0.035
1 0.4696875 0.7965625 0.015 0.026875
1 0.5409375 0.2940625 0.011875 0.026875
1 0.5446875 0.7471875 0.01125 0.0225
1 0.485 0.7728125 0.014375 0.024375
1 0.57125 0.5384375 0.0125 0.0225
1 0.513125 0.611875 0.01375 0.03125
1 0.55375 0.2990625 0.01 0.023125
1 0.5496875 0.5309375 0.013125 0.026875
1 0.5328125 0.715625 0.013125 0.028125
1 0.5578125 0.191875 0.025625 0.065625
1 0.5803125 0.2525 0.009375 0.01875
1 0.5603125 0.0903125 0.02375 0.06
