1 0.5359375 0.409375 0.015 0.051875
1 0.5578125 0.1965625 0.0125 0.050625
1 0.540625 0.6840625 0.0125 0.04625
1 0.565 0.03375 0.01125 0.03625
1 0.4653125 0.4775 0.0125 0.039375
1 0.5415625 0.3409375 0.01125 0.044375
1 0.4821875 0.3103125 0.009375 0.053125
1 0.47 0.22625 0.010625 0.050625
1 0.4440625 0.9821875 0.01375 0.035625
1 0.5490625 0.266875 0.010625 0.03375
1 0.5575 0.4609375 0.0125 0.0475
1 0.5384375 0.5025 0.013125 0.038125
1 0.4725 0.3415625 0.011875 0.05125
1 0.530625 0.185625 0.010625 0.039375
1 0.546875 0.9440625 0.013125 0.043125
1 0.484375 0.16625 0.01125 0.054375
1 0.52 0.374375 0.014375 0.0575
1 0.4590625 0.5734375 0.0125 0.051875
1 0.55 0.8025 0.0125 0.05875
1 0.5190625 0.073125 0.011875 0.045
1 0.5575 0.70375 0.010625 0.056875
1 0.4853125 0.8865625 0.0075 0.0675
1 0.5046875 0.2025 0.00875 0.03375
1 0.499375 0.925 0.00625 0.051875
1 0.465 0.1775 0.006875 0.044375
1 0.5121875 0.29625 0.00625 0.038125
1 0.455625 0.813125 0.01 0.03875
1 0.4953125 0.4234375 0.010625 0.041875
1 0.56625 0.1015625 0.0075 0.026875
1 0.515 0.2196875 0.010625 0.039375
1 0.5571875 0.764375 0.00875 0.043125
1 0.5253125 0.2275 0.010625 0.05875
1 0.51875 0.123125 0.011875 0.04125
1 0.5015625 0.310625 0.005 0.031875
1 0.490625 0.740625 0.009375 0.055
1 0.4675 0.279375 0.00375 0.021875
