1 0.664375 0.4175 0.665625 0.421875 0.663125 0.426875 0.655 0.435625 0.649375 0.435 0.64875 0.42875 0.655625 0.42 0.66375 0.4175
1 0.5325 0.625625 0.533125 0.63 0.52625 0.63875 0.523125 0.6375 0.523125 0.630625 0.52875 0.625625 0.531875 0.625625
1 0.63 0.431875 0.63125 0.435625 0.6175 0.4525 0.605625 0.480625 0.595 0.48875 0.5825 0.493125 0.58 0.49125 0.580625 0.480625 0.588125 0.4675 0.595625 0.459375 0.610625 0.45125 0.629375 0.4325
1 0.574375 0.504375 0.57625 0.5125 0.570625 0.51875 0.5675 0.51875 0.565625 0.51375 0.568125 0.508125 0.57375 0.504375
1 0.355625 0.754375 0.355625 0.76125 0.34875 0.7675 0.344375 0.765 0.345 0.75875 0.35125 0.75375 0.355 0.754375
1 0.58625 0.4390625 0.03125 0.036875
1 0.31 0.89 0.333125 0.87 0.3375 0.858125 0.340625 0.855625 0.344375 0.859375 0.331875 0.88375 0.288125 0.94 0.276875 0.948125 0.271875 0.94875 0.270625 0.946875 0.271875 0.940625 0.28625 0.918125 0.31 0.890625
1 0.5025 0.661875 0.50625 0.664375 0.505 0.6675 0.494375 0.679375 0.49125 0.67875 0.49 0.67125 0.495625 0.66375 0.501875 0.661875
1 0.365625 0.82125 0.3675 0.823125 0.366875 0.828125 0.3625 0.8325 0.358125 0.829375 0.35875 0.825625 0.365 0.821875
1 0.428125 0.72875 0.02125 0.025
1 0.53625 0.546875 0.53875 0.55375 0.535 0.56125 0.53 0.565 0.525 0.565 0.52375 0.56 0.5275 0.55375 0.535625 0.5475
