1 0.625 0.943125 0.02 0.07
1 0.45 0.2775 0.01625 0.06875
1 0.4515625 0.1721875 0.013125 0.046875
1 0.495 0.3215625 0.013125 0.039375
1 0.5828125 0.3634375 0.01125 0.03625
1 0.398125 0.02375 0.013125 0.0475
1 0.625625 0.415625 0.01375 0.051875
1 0.6240625 0.0559375 0.013125 0.035
1 0.4590625 0.0890625 0.01125 0.03
1 0.5871875 0.72375 0.01125 0.04
1 0.4846875 0.25125 0.01125 0.028125
1 0.574375 0.26875 0.01 0.028125
1 0.425625 0.2715625 0.010625 0.035625
1 0.628125 0.58125 0.009375 0.02875
1 0.4234375 0.323125 0.019375 0.060625
1 0.3925 0.1059375 0.01 0.031875
1 0.536875 0.49375 0.021875 0.065625
1 0.605 0.1253125 0.010625 0.0275
1 0.41 0.184375 0.011875 0.035
1 0.4003125 0.1403125 0.00875 0.028125
1 0.5290625 0.3265625 0.01625 0.05
1 0.398125 0.1809375 0.01 0.02875
1 0.6271875 0.29125 0.013125 0.02125
1 0.549375 0.713125 0.015 0.04375
1 0.62875 0.6321875 0.00875 0.02125
1 0.4765625 0.0275 0.021875 0.055
1 0.5559375 0.4884375 0.01125 0.025625
1 0.478125 0.431875 0.011875 0.049375
1 0.6115625 0.256875 0.01 0.053125
1 0.626875 0.7746875 0.010625 0.023125
1 0.6196875 0.335625 0.01375 0.0275
1 0.6165625 0.13875 0.008125 0.020625
1 0.620625 0.361875 0.011875 0.025625
1 0.6309375 0.2378125 0.0125 0.034375
1 0.5240625 0.370625 0.0175 0.055625
1 0.51375 0.4075 0.01 0.01875
1 0.4209375 0.054375 0.00875 0.0175
1 0.5334375 0.5725 0.01375 0.041875
1 0.634375 0.5290625 0.009375 0.02125
1 0.4559375 0.44 0.0275 0.12875
1 0.50375 0.60875 0.01625 0.043125
1 0.5078125 0.21375 0.0175 0.035
1 0.6296875 0.1746875 0.008125 0.021875
1 0.50625 0.6496875 0.009375 0.02875
1 0.595625 0.1509375 0.008125 0.0225
1 0.5628125 0.7125 0.010625 0.059375
1 0.49375 0.4540625 0.008125 0.02
1 0.5390625 0.419375 0.009375 0.0275
1 0.4221875 0.220625 0.008125 0.02
1 0.624375 0.4825 0.020625 0.0825
1 0.515 0.2746875 0.0125 0.035625
1 0.563125 0.7840625 0.00875 0.02625
