1 0.5684375 0.2378125 0.015625 0.110625
1 0.5140625 0.90375 0.015625 0.084375
1 0.545625 0.2890625 0.014375 0.086875
1 0.5484375 0.9684375 0.011875 0.063125
1 0.5753125 0.06 0.01125 0.100625
1 0.4546875 0.98625 0.013125 0.026875
1 0.57 0.746875 0.013125 0.065
1 0.4409375 0.600625 0.016875 0.1525
1 0.5278125 0.70625 0.018125 0.064375
1 0.4815625 0.3471875 0.02125 0.109375
1 0.425625 0.894375 0.010625 0.045625
1 0.5803125 0.36375 0.0125 0.0425
1 0.4609375 0.8775 0.01625 0.079375
1 0.500625 0.0290625 0.013125 0.058125
1 0.4696875 0.809375 0.011875 0.053125
1 0.44625 0.856875 0.01 0.068125
1 0.561875 0.4615625 0.018125 0.06125
1 0.4771875 0.6590625 0.030625 0.114375
1 0.538125 0.4721875 0.015 0.05
1 0.4565625 0.3103125 0.018125 0.141875
1 0.485 0.9778125 0.01375 0.04375
1 0.468125 0.04125 0.02 0.0825
1 0.5478125 0.85125 0.00875 0.03875
1 0.5565625 0.6028125 0.01625 0.0425
1 0.4403125 0.788125 0.014375 0.094375
1 0.5475 0.7109375 0.009375 0.05
1 0.518125 0.04 0.01375 0.076875
