1 0.029375 0.856875 0.0375 0.041875
1 0.3653125 0.7509375 0.046875 0.04625
1 0.1259375 0.69375 0.039375 0.04875
1 0.278125 0.3115625 0.04 0.048125
1 0.01625 0.785625 0.0325 0.04375
1 0.3953125 0.3365625 0.036875 0.0375
1 0.9015625 0.680625 0.0325 0.03625
1 0.6715625 0.50375 0.031875 0.043125
1 0.8615625 0.635 0.056875 0.045625
1 0.3871875 0.23625 0.0425 0.021875
1 0.8209375 0.4128125 0.029375 0.040625
1 0.4153125 0.281875 0.03 0.029375
1 0.399375 0.6521875 0.023125 0.04125
1 0.4853125 0.4128125 0.03125 0.038125
1 0.709375 0.6978125 0.02375 0.036875
1 0.605625 0.5359375 0.031875 0.045
1 0.7946875 0.269375 0.030625 0.036875
1 0.5596875 0.295 0.0475 0.055
1 0.333125 0.36625 0.023125 0.034375
1 0.760625 0.5659375 0.025 0.038125
1 0.245 0.4246875 0.035625 0.039375
1 0.089375 0.51875 0.024375 0.03125
1 0.609375 0.6265625 0.02125 0.031875
1 0.914375 0.5971875 0.0275 0.0375
1 0.826875 0.22125 0.023125 0.036875
1 0.3940625 0.544375 0.02625 0.036875
1 0.1471875 0.4521875 0.021875 0.03625
1 0.95125 0.1328125 0.024375 0.038125
1 0.5065625 0.228125 0.02375 0.033125
1 0.40625 0.45125 0.021875 0.0275
1 0.5675 0.2121875 0.024375 0.035625
1 0.6615625 0.273125 0.03 0.03875
1 0.608125 0.27 0.02 0.030625
1 0.500625 0.6846875 0.031875 0.03375
1 0.3253125 0.508125 0.01875 0.025625
1 0.068125 0.3640625 0.02375 0.024375
1 0.685625 0.7034375 0.019375 0.02875
1 0.6528125 0.6825 0.02 0.029375
1 0.008125 0.529375 0.01625 0.029375
1 0.5840625 0.6940625 0.01875 0.026875
1 0.7925 0.688125 0.02125 0.033125
1 0.335625 0.3134375 0.0175 0.02625
1 0.988125 0.1146875 0.023125 0.0425
1 0.598125 0.6540625 0.01875 0.02625
1 0.9753125 0.2153125 0.02 0.03375
1 0.8721875 0.1225 0.01875 0.02625
1 0.9184375 0.120625 0.01875 0.030625
1 0.780625 0.2215625 0.03125 0.0325
1 0.2146875 0.49 0.02 0.02625
1 0.9521875 0.0740625 0.02125 0.0325
1 0.9128125 0.154375 0.01875 0.02875
1 0.0878125 0.37875 0.018125 0.0225
1 0.2021875 0.8040625 0.02875 0.035
1 0.8521875 0.0778125 0.018125 0.03
1 0.5421875 0.704375 0.019375 0.02875
1 0.2621875 0.7165625 0.183125 0.105625
1 0.735625 0.1709375 0.03875 0.03875
1 0.39 0.785 0.02125 0.026875
1 0.799375 0.7284375 0.02125 0.0325
1 0.770625 0.700625 0.01375 0.024375
1 0.8140625 0.0915625 0.019375 0.031875
1 0.9684375 0.6725 0.015625 0.028125
1 0.8390625 0.745 0.0175 0.025625
1 0.9475 0.2246875 0.019375 0.02875
1 0.2303125 0.3221875 0.02 0.015
