1 0.510625 0 0.519375 0 0.51875 0.016875 0.515625 0.02875 0.511875 0.02875 0.51 0.023125 0.510625 0.000625
1 0.490625 0.865 0.49375 0.8675 0.495625 0.8775 0.49375 0.921875 0.49125 0.92875 0.4875 0.926875 0.485 0.90125 0.48625 0.88 0.490625 0.865625
1 0.574375 0.468125 0.578125 0.4775 0.574375 0.524375 0.570625 0.52625 0.566875 0.521875 0.565625 0.515625 0.5675 0.4825 0.570625 0.47125 0.57375 0.46875
1 0.5675 0.655625 0.57125 0.658125 0.570625 0.685 0.5675 0.7 0.564375 0.7 0.5625 0.696875 0.563125 0.671875 0.5675 0.65625
1 0.5434375 0.9375 0.011875 0.05
1 0.55375 0.18375 0.555625 0.18625 0.55625 0.201875 0.551875 0.2125 0.546875 0.21 0.545625 0.195 0.5475 0.186875 0.553125 0.18375
1 0.555625 0.83125 0.55875 0.838125 0.55875 0.851875 0.556875 0.868125 0.55375 0.87625 0.55 0.87625 0.54875 0.873125 0.54875 0.85 0.550625 0.83625 0.5525 0.831875 0.555 0.83125
1 0.5421875 0.1109375 0.008125 0.025625
1 0.55375 0.60875 0.556875 0.636875 0.55125 0.656875 0.546875 0.6625 0.54375 0.658125 0.54375 0.636875 0.55 0.610625 0.553125 0.60875
1 0.55375 0.183125 0.55625 0.1925 0.554375 0.24875 0.55125 0.26375 0.5475 0.266875 0.543125 0.260625 0.543125 0.236875 0.54625 0.219375 0.545 0.19625 0.5475 0.18625 0.553125 0.183125
1 0.588125 0.32375 0.5925 0.331875 0.590625 0.3625 0.588125 0.366875 0.586875 0.365625 0.584375 0.356875 0.584375 0.34 0.588125 0.324375
1 0.4875 0.41625 0.490625 0.430625 0.490625 0.4575 0.489375 0.486875 0.485625 0.494375 0.48 0.493125 0.478125 0.485 0.47875 0.425 0.480625 0.41875 0.484375 0.415625 0.486875 0.41625
1 0.5225 0.810625 0.525625 0.81375 0.5275 0.82375 0.524375 0.845 0.521875 0.845625 0.52 0.84 0.521875 0.81125
1 0.498125 0.18875 0.50125 0.20125 0.501875 0.2275 0.498125 0.25125 0.494375 0.25875 0.49125 0.25875 0.4875 0.251875 0.485625 0.233125 0.486875 0.213125 0.490625 0.198125 0.49375 0.189375 0.4975 0.18875
1 0.5084375 0.3840625 0.021875 0.091875
1 0.55 0.21875 0.553125 0.22 0.554375 0.229375 0.553125 0.25875 0.550625 0.26625 0.54625 0.2675 0.5425 0.255625 0.543125 0.236875 0.54625 0.224375 0.55 0.219375
1 0.4771875 0.6128125 0.014375 0.064375
1 0.508125 0.763125 0.510625 0.78625 0.50875 0.839375 0.505625 0.859375 0.501875 0.86375 0.498125 0.855625 0.4975 0.806875 0.500625 0.78 0.505 0.76375 0.5075 0.763125
1 0.515625 0.19625 0.51875 0.2025 0.519375 0.22 0.515 0.23375 0.511875 0.231875 0.51 0.22125 0.510625 0.205625 0.511875 0.199375 0.515 0.19625
1 0.534375 0.846875 0.5325 0.82625 0.535625 0.82 0.53875 0.8325 0.536875 0.845625 0.535 0.846875
1 0.556875 0.730625 0.553125 0.726875 0.55125 0.714375 0.55375 0.6975 0.5575 0.694375 0.560625 0.70125 0.560625 0.715625 0.5575 0.73
1 0.4875 0.309375 0.491875 0.31 0.495 0.32625 0.49125 0.3425 0.48625 0.340625 0.484375 0.321875 0.4875 0.31
1 0.488125 0.135625 0.49125 0.13875 0.495 0.15 0.495 0.160625 0.4875 0.175625 0.48375 0.17375 0.481875 0.16875 0.4825 0.1425 0.48375 0.138125 0.4875 0.135625
1 0.55 0.496875 0.555 0.508125 0.555 0.529375 0.55375 0.545625 0.54875 0.56625 0.545625 0.568125 0.543125 0.564375 0.54125 0.53875 0.5425 0.513125 0.54625 0.500625 0.549375 0.4975
1 0.525625 0.90625 0.5275 0.91 0.52625 0.935625 0.5225 0.934375 0.521875 0.925 0.5225 0.914375 0.525625 0.906875
1 0.509375 0.649375 0.511875 0.653125 0.511875 0.67125 0.50875 0.67875 0.505 0.676875 0.503125 0.670625 0.50375 0.656875 0.50875 0.649375
1 0.601875 0.3075 0.601875 0.340625 0.59625 0.42875 0.594375 0.426875 0.594375 0.3925 0.598125 0.318125 0.60125 0.308125
1 0.575625 0.11875 0.578125 0.1175 0.58125 0.125625 0.579375 0.150625 0.5775 0.155 0.574375 0.154375 0.5725 0.128125 0.575625 0.119375
1 0.57875 0.530625 0.5825 0.5425 0.581875 0.56375 0.57875 0.575625 0.575 0.58 0.57125 0.579375 0.57 0.576875 0.57 0.555625 0.573125 0.53625 0.578125 0.530625
1 0.554375 0.3128125 0.0125 0.045625
1 0.5675 0.04375 0.570625 0.04625 0.571875 0.0525 0.570625 0.0775 0.5675 0.08375 0.564375 0.081875 0.56375 0.055625 0.5675 0.044375
1 0.571875 0.7025 0.57125 0.7275 0.575 0.738125 0.578125 0.73625 0.5775 0.730625 0.58125 0.724375 0.585 0.68875 0.584375 0.67 0.57375 0.691875
1 0.573125 0.2609375 0.01375 0.031875
1 0.5096875 0.4878125 0.014375 0.030625
1 0.4959375 0.535625 0.011875 0.04125
1 0.5096875 0.5940625 0.013125 0.075625
