1 0.610625 0.411875 0.05625 0.02125
1 0.1615625 0.4971875 0.04625 0.020625
1 0.5146875 0.533125 0.05 0.021875
1 0.2596875 0.4303125 0.05125 0.024375
1 0.6959375 0.4090625 0.05125 0.0125
1 0.128125 0.45 0.048125 0.0225
1 0.57375 0.495625 0.028125 0.014375
1 0.4321875 0.4228125 0.034375 0.01375
1 0.4715625 0.450625 0.02375 0.01375
1 0.029375 0.4709375 0.0275 0.014375
1 0.2025 0.5315625 0.026875 0.01625
1 0.07625 0.5025 0.026875 0.016875
1 0.153125 0.5440625 0.034375 0.01625
1 0.5278125 0.4375 0.030625 0.0125
1 0.226875 0.515625 0.02375 0.013125
1 0.2540625 0.455 0.021875 0.01375
1 0.4625 0.42875 0.021875 0.013125
1 0.285625 0.4678125 0.025625 0.0125
1 0.69875 0.510625 0.0275 0.014375
1 0.3890625 0.4875 0.026875 0.013125
1 0.669375 0.5303125 0.045 0.011875
1 0.706875 0.459375 0.026875 0.01375
1 0.70125 0.445625 0.023125 0.01
1 0.81125 0.443125 0.069375 0.02875
1 0.7478125 0.4196875 0.01875 0.009375
1 0.939375 0.4403125 0.11625 0.0275
1 0.0915625 0.4265625 0.04125 0.025
1 0.7590625 0.416875 0.044375 0.015625
1 0.7034375 0.453125 0.033125 0.02625
