1 0.370625 0.9696875 0.020625 0.04
1 0.5378125 0.791875 0.015 0.0375
1 0.4096875 0.7046875 0.01875 0.039375
1 0.530625 0.154375 0.01375 0.03625
1 0.4315625 0.1915625 0.0125 0.034375
1 0.4165625 0.308125 0.015 0.033125
1 0.411875 0.6553125 0.016875 0.039375
1 0.375625 0.6475 0.0125 0.029375
1 0.46625 0.339375 0.0125 0.030625
1 0.5509375 0.4575 0.018125 0.038125
1 0.5471875 0.8475 0.013125 0.04125
1 0.45375 0.1015625 0.013125 0.0325
1 0.419375 0.109375 0.01375 0.03125
1 0.398125 0.4353125 0.014375 0.029375
1 0.409375 0.4059375 0.01625 0.03375
1 0.5415625 0.0096875 0.011875 0.019375
1 0.51625 0.3546875 0.011875 0.0325
1 0.463125 0.873125 0.0125 0.033125
1 0.38625 0.2528125 0.01125 0.031875
1 0.59375 0.1628125 0.01125 0.031875
1 0.4746875 0.2015625 0.01875 0.04
1 0.4728125 0.1515625 0.01625 0.03625
1 0.6196875 0.106875 0.0125 0.028125
1 0.5975 0.3115625 0.011875 0.03
1 0.3496875 0.581875 0.008125 0.023125
1 0.4546875 0.0371875 0.008125 0.023125
1 0.4125 0.5915625 0.01875 0.025
1 0.4803125 0.5246875 0.009375 0.025625
1 0.414375 0.4671875 0.013125 0.024375
1 0.5734375 0.750625 0.00875 0.02375
1 0.574375 0.4990625 0.01 0.019375
1 0.436875 0.3478125 0.008125 0.015
1 0.4175 0.6134375 0.011875 0.028125
1 0.4271875 0.478125 0.008125 0.023125
1 0.4734375 0.233125 0.00875 0.015625
1 0.51 0.4290625 0.006875 0.02125
1 0.5509375 0.0953125 0.0075 0.020625
1 0.5578125 0.053125 0.00875 0.0175
1 0.465 0.419375 0.006875 0.0125
1 0.571875 0.4653125 0.00625 0.01875
1 0.57125 0.69625 0.00875 0.03125
1 0.3865625 0.693125 0.008125 0.0175
