1 0.735 0.378125 0.758125 0.379375 0.770625 0.3825 0.77875 0.388125 0.780625 0.396875 0.778125 0.40125 0.77125 0.40625 0.75875 0.41 0.729375 0.41 0.709375 0.405625 0.703125 0.400625 0.701875 0.395 0.708125 0.385 0.72125 0.379375 0.734375 0.378125
1 0.653125 0.366875 0.660625 0.37 0.663125 0.37625 0.660625 0.38 0.650625 0.3825 0.640625 0.381875 0.635 0.375 0.63875 0.36625 0.6525 0.366875
1 0.786875 0.475 0.7925 0.476875 0.789375 0.4875 0.773125 0.498125 0.765625 0.498125 0.755 0.4925 0.746875 0.485625 0.745 0.480625 0.76625 0.475 0.78625 0.475
1 0.65625 0.5725 0.664375 0.574375 0.68 0.584375 0.685 0.59 0.690625 0.6025 0.69 0.609375 0.686875 0.613125 0.67125 0.621875 0.61125 0.615 0.60375 0.61 0.598125 0.598125 0.5975 0.588125 0.60875 0.580625 0.635 0.573125 0.655625 0.5725
1 0.99125 0.479375 0.995 0.480625 0.99625 0.48375 0.995625 0.489375 0.993125 0.491875 0.986875 0.49125 0.984375 0.4875 0.985625 0.480625 0.990625 0.479375
1 0.488125 0.3575 0.51875 0.36375 0.523125 0.369375 0.523125 0.3775 0.519375 0.386875 0.520625 0.400625 0.508125 0.40625 0.49 0.405 0.46625 0.395625 0.455 0.386875 0.44875 0.378125 0.44875 0.37125 0.4525 0.365 0.4775 0.356875 0.4875 0.3575
1 0.881875 0.39625 0.885625 0.400625 0.886875 0.408125 0.880625 0.41125 0.8625 0.41125 0.856875 0.4075 0.859375 0.40125 0.86625 0.39625 0.88125 0.39625
1 0.249375 0.351875 0.26 0.355 0.263125 0.359375 0.264375 0.3775 0.2625 0.38375 0.256875 0.388125 0.22 0.3975 0.185625 0.39125 0.1775 0.385625 0.175625 0.376875 0.181875 0.3575 0.19125 0.35375 0.24875 0.351875
1 0.881875 0.435625 0.908125 0.44125 0.920625 0.446875 0.923125 0.449375 0.9225 0.453125 0.91375 0.4625 0.906875 0.4775 0.89 0.48625 0.88125 0.49875 0.864375 0.5025 0.8525 0.501875 0.83375 0.496875 0.834375 0.4875 0.8225 0.4725 0.81375 0.466875 0.81375 0.46375 0.819375 0.456875 0.815625 0.44625 0.824375 0.444375 0.83375 0.43875 0.856875 0.435625 0.88125 0.435625
1 0.854375 0.601875 0.86375 0.605 0.868125 0.609375 0.87125 0.620625 0.8625 0.6275 0.850625 0.628125 0.828125 0.624375 0.824375 0.621875 0.82375 0.615625 0.829375 0.608125 0.85375 0.601875
1 0.1975 0.481875 0.21 0.489375 0.20625 0.501875 0.21125 0.51625 0.21125 0.52375 0.208125 0.535 0.196875 0.55375 0.19125 0.5575 0.14125 0.56125 0.119375 0.5575 0.10875 0.54875 0.094375 0.543125 0.090625 0.5325 0.090625 0.525 0.099375 0.505 0.095625 0.500625 0.08375 0.494375 0.0825 0.490625 0.093125 0.488125 0.095 0.484375 0.099375 0.485625 0.104375 0.48375 0.1125 0.48875 0.17875 0.48875 0.18625 0.483125 0.196875 0.481875
1 0.948125 0.535 0.95375 0.54 0.953125 0.545625 0.95 0.546875 0.944375 0.545 0.941875 0.54125 0.9425 0.53625 0.9475 0.535
1 0.994375 0.57 0.999375 0.57125 0.999375 0.6025 0.970625 0.60125 0.96125 0.595 0.95875 0.58875 0.961875 0.5775 0.98375 0.57125 0.99375 0.570625
1 0.6825 0.479375 0.688125 0.48375 0.6875 0.4875 0.683125 0.49 0.6725 0.4875 0.674375 0.48 0.681875 0.479375
1 0.615625 0.4275 0.633125 0.4325 0.64375 0.43875 0.6425 0.449375 0.63875 0.45625 0.62875 0.460625 0.615625 0.4625 0.595625 0.461875 0.57875 0.4575 0.570625 0.450625 0.564375 0.44 0.565625 0.435625 0.57 0.43375 0.58625 0.433125 0.615 0.4275
1 0.52125 0.5175 0.526875 0.520625 0.5375 0.5325 0.54 0.538125 0.539375 0.5425 0.53375 0.550625 0.528125 0.55375 0.511875 0.555 0.501875 0.558125 0.4925 0.554375 0.483125 0.546875 0.47875 0.53625 0.479375 0.53 0.484375 0.5225 0.493125 0.518125 0.520625 0.5175
1 0.338125 0.498125 0.3525 0.50125 0.380625 0.51375 0.386875 0.5175 0.389375 0.5225 0.394375 0.541875 0.39375 0.55 0.379375 0.55625 0.37 0.563125 0.356875 0.565625 0.32375 0.561875 0.303125 0.550625 0.299375 0.543125 0.300625 0.535625 0.305625 0.526875 0.305625 0.509375 0.308125 0.50375 0.320625 0.496875 0.3375 0.498125
1 0 0.44 0.00875 0.441875 0.013125 0.44875 0.01125 0.46125 0 0.46125 0 0.440625
1 0.69375 0.450625 0.708125 0.454375 0.71375 0.45875 0.714375 0.46625 0.71 0.46875 0.686875 0.4675 0.678125 0.463125 0.678125 0.45625 0.68125 0.4525 0.685625 0.45 0.693125 0.450625
