1 0.7471875 0.881875 0.01875 0.031875
1 0.28875 0.075625 0.02 0.03375
1 0.3734375 0.32375 0.0175 0.0225
1 0.3153125 0.1746875 0.013125 0.02
1 0.23125 0.054375 0.011875 0.01875
1 0.3271875 0.2709375 0.010625 0.015625
1 0.564375 0.619375 0.01125 0.01625
1 0.72875 0.8365625 0.010625 0.024375
1 0.4321875 0.3628125 0.01 0.01375
1 0.4953125 0.57 0.0075 0.009375
1 0.679375 0.8 0.006875 0.011875
1 0.6403125 0.814375 0.01 0.01375
1 0.3078125 0.236875 0.0075 0.015
1 0.2746875 0.1015625 0.023125 0.034375
1 0.269375 0.0953125 0.04 0.070625
