1 0.34875 0.59 0.36625 0.59375 0.375 0.6025 0.37 0.61 0.355625 0.611875 0.328125 0.609375 0.321875 0.60375 0.32125 0.59875 0.324375 0.593125 0.348125 0.59
1 0.999375 0.44 0.999375 0.4625 0.991875 0.46375 0.97375 0.461875 0.969375 0.45625 0.97 0.449375 0.97375 0.444375 0.98 0.44125 0.99875 0.44
1 0.159375 0.478125 0.16625 0.480625 0.169375 0.484375 0.17 0.490625 0.166875 0.495 0.151875 0.5 0.125 0.50125 0.086875 0.5 0.081875 0.494375 0.08125 0.490625 0.08375 0.4875 0.121875 0.479375 0.15875 0.478125
1 0.2703125 0.4403125 0.091875 0.024375
1 0.358125 0.476875 0.36875 0.48 0.3725 0.484375 0.373125 0.49125 0.37 0.495625 0.3625 0.49875 0.3325 0.500625 0.278125 0.49875 0.271875 0.491875 0.271875 0.486875 0.274375 0.48375 0.313125 0.4775 0.3575 0.476875
1 0.74375 0.5225 0.755625 0.525625 0.76125 0.531875 0.76125 0.535625 0.758125 0.539375 0.74625 0.541875 0.71125 0.545 0.594375 0.546875 0.53125 0.550625 0.5075 0.55 0.49125 0.546875 0.488125 0.544375 0.48625 0.54 0.488125 0.53625 0.515 0.52875 0.559375 0.525 0.704375 0.520625 0.743125 0.5225
1 0.183125 0.540625 0.22 0.5425 0.244375 0.55 0.24625 0.558125 0.24125 0.56375 0.209375 0.566875 0.12125 0.565625 0.109375 0.564375 0.1025 0.56125 0.10125 0.555 0.103125 0.550625 0.11 0.545625 0.11875 0.543125 0.1825 0.540625
1 0.585625 0.581875 0.651875 0.5825 0.67875 0.585 0.68875 0.586875 0.694375 0.595 0.69375 0.59875 0.666875 0.601875 0.576875 0.6025 0.5525 0.6075 0.529375 0.609375 0.515625 0.60875 0.50875 0.605 0.505625 0.601875 0.505625 0.595625 0.51125 0.591875 0.531875 0.58625 0.585 0.581875
1 0.436875 0.538125 0.44375 0.541875 0.445625 0.553125 0.439375 0.560625 0.43375 0.561875 0.418125 0.55875 0.415625 0.5475 0.4225 0.539375 0.43625 0.538125
1 0.2125 0.47625 0.219375 0.480625 0.220625 0.49 0.2175 0.49375 0.20875 0.49625 0.1875 0.495625 0.181875 0.49125 0.18 0.484375 0.183125 0.480625 0.1925 0.47625 0.211875 0.47625
1 0.47875 0.4525 0.49875 0.45625 0.506875 0.463125 0.5075 0.47 0.505 0.47625 0.499375 0.480625 0.491875 0.484375 0.478125 0.485625 0.4625 0.484375 0.45125 0.478125 0.446875 0.470625 0.4475 0.4625 0.451875 0.4575 0.460625 0.45375 0.478125 0.4525
1 0.85375 0.585625 0.9275 0.586875 0.939375 0.591875 0.940625 0.6 0.936875 0.605625 0.905 0.609375 0.824375 0.60875 0.79375 0.6125 0.775625 0.6125 0.745625 0.606875 0.73125 0.601875 0.735 0.595 0.761875 0.589375 0.79625 0.585625 0.853125 0.585625
1 0.0475 0.48375 0.054375 0.485625 0.05875 0.490625 0.058125 0.4975 0.054375 0.5025 0.043125 0.506875 0.018125 0.50875 0.008125 0.508125 0.00375 0.503125 0.003125 0.49375 0.00625 0.484375 0.046875 0.48375
