1 0.8614379084967321 0.5633423180592992 0.8725490196078431 0.5822102425876011 0.8738562091503268 0.601078167115903 0.8718954248366013 0.6118598382749326 0.8509803921568627 0.633423180592992 0.8313725490196079 0.6253369272237197 0.8248366013071895 0.6118598382749326 0.8215686274509804 0.5956873315363881 0.8241830065359477 0.5795148247978437 0.8326797385620915 0.5633423180592992 0.8607843137254902 0.5633423180592992
1 0.7202614379084967 0.40431266846361186 0.7254901960784313 0.42318059299191374 0.7169934640522876 0.477088948787062 0.7065359477124183 0.49326145552560646 0.6993464052287581 0.49595687331536387 0.6803921568627451 0.49595687331536387 0.6679738562091503 0.48247978436657685 0.6601307189542484 0.4609164420485175 0.6588235294117647 0.42587601078167114 0.6607843137254902 0.41778975741239893 0.6705882352941176 0.4123989218328841 0.7196078431372549 0.40431266846361186
1 0.8823529411764706 0.4636118598382749 0.8986928104575164 0.4716981132075472 0.9052287581699346 0.49056603773584906 0.9006535947712418 0.5094339622641509 0.8901960784313725 0.5175202156334232 0.8758169934640523 0.5175202156334232 0.8647058823529412 0.5067385444743935 0.8607843137254902 0.49326145552560646 0.8633986928104576 0.477088948787062 0.8673202614379085 0.46900269541778977 0.8816993464052287 0.4636118598382749
1 0.6058823529411764 0.49056603773584906 0.6091503267973856 0.5067385444743935 0.6084967320261437 0.5202156334231806 0.6058823529411764 0.5309973045822103 0.5993464052287582 0.5390835579514824 0.5777777777777777 0.5336927223719676 0.5738562091503268 0.522911051212938 0.5725490196078431 0.5040431266846361 0.5751633986928104 0.49056603773584906 0.5816993464052288 0.48247978436657685 0.5980392156862745 0.48247978436657685 0.6052287581699346 0.49056603773584906
1 0.8098039215686275 0.7466307277628033 0.8104575163398693 0.7547169811320755 0.803921568627451 0.7628032345013477 0.7941176470588235 0.7601078167115903 0.792156862745098 0.7547169811320755 0.7928104575163398 0.7493261455525606 0.8026143790849674 0.738544474393531 0.8091503267973856 0.7466307277628033
1 0.7091503267973857 0.6495956873315364 0.7196078431372549 0.6576819407008087 0.730718954248366 0.6846361185983828 0.7300653594771241 0.7358490566037735 0.7261437908496732 0.7520215633423181 0.6843137254901961 0.7466307277628033 0.6803921568627451 0.7331536388140162 0.6679738562091503 0.7115902964959568 0.6673202614379085 0.692722371967655 0.6751633986928105 0.6684636118598383 0.6888888888888889 0.6522911051212938 0.7084967320261438 0.6495956873315364
1 0.5816993464052288 0.6630727762803235 0.6058823529411764 0.7035040431266847 0.6130718954248366 0.7331536388140162 0.6091503267973856 0.7681940700808625 0.5908496732026144 0.8005390835579514 0.5823529411764706 0.8086253369272237 0.5535947712418301 0.8059299191374663 0.5483660130718955 0.7951482479784366 0.5424836601307189 0.77088948787062 0.5418300653594771 0.7601078167115903 0.5359477124183006 0.7439353099730458 0.5326797385620915 0.7196765498652291 0.534640522875817 0.7008086253369272 0.5437908496732026 0.6684636118598383 0.5568627450980392 0.6576819407008087 0.581045751633987 0.6630727762803235
1 0.4647058823529412 0.5175202156334232 0.4823529411764706 0.5202156334231806 0.4888888888888889 0.5336927223719676 0.4895424836601307 0.5498652291105122 0.48366013071895425 0.5606469002695418 0.469281045751634 0.568733153638814 0.4620915032679739 0.5902964959568733 0.45751633986928103 0.5956873315363881 0.42810457516339867 0.6091644204851752 0.3869281045751634 0.5956873315363881 0.36405228758169933 0.6064690026954178 0.34183006535947713 0.628032345013477 0.3150326797385621 0.6307277628032345 0.307843137254902 0.6226415094339622 0.3032679738562091 0.6091644204851752 0.3111111111111111 0.5822102425876011 0.3104575163398693 0.5606469002695418 0.3261437908496732 0.5363881401617251 0.38562091503267976 0.5309973045822103 0.4091503267973856 0.5148247978436657 0.46405228758169936 0.5175202156334232
1 0.22745098039215686 0.738544474393531 0.23660130718954248 0.7520215633423181 0.2522875816993464 0.7601078167115903 0.2673202614379085 0.7816711590296496 0.27058823529411763 0.8032345013477089 0.2673202614379085 0.8274932614555256 0.26209150326797387 0.8382749326145552 0.2457516339869281 0.8355795148247979 0.238562091503268 0.8221024258760108 0.21830065359477124 0.8086253369272237 0.20980392156862746 0.7924528301886793 0.20392156862745098 0.77088948787062 0.20326797385620915 0.7520215633423181 0.2045751633986928 0.7439353099730458 0.20784313725490197 0.738544474393531 0.22679738562091503 0.738544474393531
1 0.3 0.7897574123989218 0.30392156862745096 0.7978436657681941 0.3065359477124183 0.816711590296496 0.3045751633986928 0.8436657681940701 0.2973856209150327 0.8598382749326146 0.2830065359477124 0.8598382749326146 0.2797385620915033 0.8544474393530997 0.27712418300653596 0.8355795148247979 0.27712418300653596 0.8086253369272237 0.2784313725490196 0.8005390835579514 0.2875816993464052 0.7870619946091644 0.29934640522875816 0.7897574123989218
1 0.06209150326797386 0.7493261455525606 0.06928104575163399 0.7574123989218329 0.06993464052287582 0.7978436657681941 0.06535947712418301 0.8086253369272237 0.05163398692810457 0.8140161725067385 0.03529411764705882 0.8140161725067385 0.028104575163398694 0.8059299191374663 0.021568627450980392 0.7816711590296496 0.022222222222222223 0.7574123989218329 0.032679738562091505 0.7466307277628033 0.06143790849673202 0.7493261455525606
1 0.9294117647058824 0.5579514824797843 0.9424836601307189 0.5579514824797843 0.9568627450980393 0.5849056603773585 0.9568627450980393 0.5929919137466307 0.9516339869281045 0.6145552560646901 0.9392156862745098 0.633423180592992 0.9241830065359478 0.633423180592992 0.9084967320261438 0.6064690026954178 0.9091503267973856 0.5849056603773585 0.9117647058823529 0.5741239892183289 0.9196078431372549 0.5606469002695418 0.9287581699346406 0.5579514824797843
1 0.5483660130718955 0.921832884097035 0.5516339869281046 0.9299191374663073 0.5509803921568628 0.9353099730458221 0.5437908496732026 0.9514824797843666 0.5163398692810458 0.967654986522911 0.4843137254901961 0.9595687331536388 0.4764705882352941 0.9407008086253369 0.4745098039215686 0.9326145552560647 0.47581699346405226 0.9272237196765498 0.5254901960784314 0.9191374663072777 0.5477124183006536 0.921832884097035
1 0.46339869281045754 0.6495956873315364 0.47320261437908495 0.660377358490566 0.47581699346405226 0.6819407008086253 0.47516339869281043 0.7142857142857143 0.46862745098039216 0.7277628032345014 0.45294117647058824 0.7331536388140162 0.42287581699346405 0.7250673854447439 0.40980392156862744 0.7142857142857143 0.4065359477124183 0.706199460916442 0.40784313725490196 0.6711590296495957 0.41045751633986927 0.6549865229110512 0.4169934640522876 0.6495956873315364 0.434640522875817 0.6495956873315364 0.43856209150326797 0.6442048517520216 0.4627450980392157 0.6495956873315364
1 0.15359477124183007 0.7142857142857143 0.1588235294117647 0.7169811320754716 0.15947712418300652 0.7331536388140162 0.16470588235294117 0.7520215633423181 0.15751633986928104 0.7654986522911051 0.15098039215686274 0.7681940700808625 0.13333333333333333 0.7654986522911051 0.13071895424836602 0.7520215633423181 0.13725490196078433 0.7331536388140162 0.1392156862745098 0.7196765498652291 0.15294117647058825 0.7142857142857143
1 0.9339869281045752 0.9191374663072777 0.9529411764705882 0.9272237196765498 0.9575163398692811 0.9353099730458221 0.9601307189542484 0.9487870619946092 0.9601307189542484 0.9703504043126685 0.9437908496732026 0.9973045822102425 0.8915032679738563 0.9973045822102425 0.8823529411764706 0.9919137466307277 0.8777777777777778 0.9730458221024259 0.8771241830065359 0.9487870619946092 0.8823529411764706 0.9326145552560647 0.9065359477124183 0.9191374663072777 0.9333333333333333 0.9191374663072777
1 0.9660130718954248 0.46900269541778977 0.9941176470588236 0.48247978436657685 0.9954248366013072 0.48787061994609165 0.9941176470588236 0.5040431266846361 0.9836601307189542 0.5121293800539084 0.9490196078431372 0.5094339622641509 0.9320261437908497 0.48787061994609165 0.930718954248366 0.4743935309973046 0.9366013071895425 0.46630727762803237 0.965359477124183 0.46900269541778977
1 0.16470588235294117 0.5768194070080862 0.16666666666666666 0.5929919137466307 0.16339869281045752 0.601078167115903 0.15359477124183007 0.601078167115903 0.15163398692810456 0.5849056603773585 0.15751633986928104 0.5741239892183289 0.16405228758169935 0.5768194070080862
1 0.8764705882352941 0.5363881401617251 0.8836601307189542 0.5471698113207547 0.8915032679738563 0.5768194070080862 0.8895424836601307 0.5902964959568733 0.8823529411764706 0.5956873315363881 0.8830065359477124 0.6037735849056604 0.8810457516339869 0.6118598382749326 0.8849673202614379 0.6145552560646901 0.8849673202614379 0.6253369272237197 0.8830065359477124 0.633423180592992 0.8784313725490196 0.633423180592992 0.8738562091503268 0.6469002695417789 0.8620915032679739 0.6522911051212938 0.8352941176470589 0.6522911051212938 0.8235294117647058 0.6442048517520216 0.8032679738562092 0.6064690026954178 0.8 0.5956873315363881 0.8 0.5849056603773585 0.8071895424836601 0.5633423180592992 0.8261437908496732 0.5390835579514824 0.8594771241830066 0.5309973045822103 0.8758169934640523 0.5363881401617251
1 0.43071895424836604 0.9622641509433962 0.44640522875816996 0.9811320754716981 0.4477124183006536 0.9946091644204852 0.44575163398692813 0.9973045822102425 0.37254901960784315 0.9946091644204852 0.3738562091503268 0.9757412398921833 0.3810457516339869 0.967654986522911 0.4300653594771242 0.9622641509433962
