1 0.573125 0.6796875 0.06375 0.108125
1 0.5990625 0.8565625 0.059375 0.0775
1 0.4778125 0.1621875 0.046875 0.0775
1 0.4171875 0.91875 0.038125 0.060625
1 0.4009375 0.5228125 0.04375 0.148125
1 0.570625 0.44125 0.063125 0.1175
1 0.4140625 0.8475 0.03125 0.0525
1 0.4071875 0.04 0.081875 0.078125
1 0.574375 0.179375 0.03875 0.081875
1 0.3571875 0.61 0.02625 0.075
1 0.3715625 0.7140625 0.0275 0.029375
1 0.460625 0.98125 0.0175 0.03
1 0.5353125 0.0553125 0.01625 0.02125
1 0.51875 0.7296875 0.011875 0.015625
1 0.3509375 0.0915625 0.0125 0.064375
1 0.4884375 0.6865625 0.010625 0.020625
