1 0.341875 0.5253125 0.115 0.031875
1 0.0996875 0.4865625 0.07875 0.016875
1 0.2528125 0.43 0.065 0.01375
1 0.761875 0.4321875 0.1075 0.015625
1 0.536875 0.4465625 0.065 0.045625
1 0.713125 0.4546875 0.081875 0.01875
1 0.030625 0.451875 0.06125 0.015
1 0.973125 0.4990625 0.05375 0.014375
1 0.9409375 0.4253125 0.096875 0.013125
1 0.6509375 0.5203125 0.105625 0.023125
1 0.9590625 0.5321875 0.080625 0.023125
1 0.29375 0.4740625 0.061875 0.02125
1 0.0140625 0.545 0.028125 0.01625
1 0.6353125 0.42 0.038125 0.014375
1 0.1034375 0.575 0.041875 0.011875
1 0.3965625 0.4453125 0.038125 0.0175
1 0.1496875 0.5396875 0.126875 0.029375
1 0.1490625 0.4525 0.0325 0.009375
1 0.2875 0.4521875 0.0375 0.01125
1 0.711875 0.545625 0.096875 0.02125
1 0.0215625 0.5175 0.043125 0.011875
1 0.4440625 0.4275 0.039375 0.011875
