1 0.36125 0.588125 0.359375 0.59625 0.335 0.6 0.324375 0.605625 0.315625 0.605625 0.308125 0.601875 0.304375 0.595625 0.306875 0.59125 0.360625 0.588125
1 0.5675 0.540625 0.606875 0.5425 0.614375 0.5475 0.61625 0.56125 0.605625 0.56875 0.565625 0.57625 0.558125 0.605 0.551875 0.609375 0.539375 0.606875 0.524375 0.591875 0.516875 0.579375 0.505625 0.57125 0.503125 0.56375 0.50375 0.553125 0.5075 0.54875 0.5275 0.540625 0.566875 0.540625
1 0.985625 0.368125 0.999375 0.37 0.999375 0.445 0.995 0.44625 0.943125 0.44375 0.9275 0.426875 0.9225 0.415 0.9275 0.39875 0.94 0.38375 0.953125 0.375625 0.985 0.368125
1 0.15125 0.396875 0.175 0.408125 0.1775 0.41125 0.1775 0.419375 0.1725 0.423125 0.14375 0.426875 0.13 0.425625 0.125625 0.418125 0.12625 0.41 0.130625 0.404375 0.13875 0.399375 0.14375 0.396875 0.150625 0.396875
1 0.294375 0.36 0.298125 0.365625 0.299375 0.378125 0.2975 0.3825 0.290625 0.386875 0.275625 0.383125 0.271875 0.379375 0.27125 0.37 0.28125 0.35875 0.290625 0.358125 0.29375 0.36
1 0.865625 0.45625 0.873125 0.461875 0.876875 0.47125 0.87375 0.485625 0.866875 0.495625 0.81375 0.499375 0.80375 0.49875 0.79875 0.491875 0.805625 0.469375 0.809375 0.464375 0.830625 0.459375 0.843125 0.46 0.854375 0.455 0.865 0.45625
1 0.316875 0.48125 0.321875 0.4875 0.315 0.4925 0.30625 0.491875 0.303125 0.4875 0.31 0.480625 0.31625 0.48125
1 0.4225 0.344375 0.425 0.345625 0.4225 0.35 0.39625 0.359375 0.37625 0.37 0.369375 0.368125 0.358125 0.36 0.3525 0.34875 0.35375 0.345 0.421875 0.344375
1 0.155 0.568125 0.1625 0.57 0.169375 0.57625 0.17625 0.588125 0.1775 0.598125 0.183125 0.6075 0.1825 0.61625 0.17875 0.623125 0.164375 0.6275 0.14875 0.6275 0.136875 0.624375 0.1125 0.624375 0.109375 0.62375 0.10625 0.619375 0.106875 0.60875 0.120625 0.600625 0.133125 0.575 0.140625 0.57 0.154375 0.568125
1 0.935625 0.34375 0.944375 0.345625 0.93375 0.3525 0.905 0.35375 0.891875 0.353125 0.8825 0.349375 0.87875 0.345 0.935 0.34375
1 0.9475 0.525625 0.953125 0.5275 0.955 0.533125 0.9525 0.538125 0.945625 0.543125 0.9375 0.539375 0.935 0.531875 0.9375 0.5275 0.946875 0.525625
1 0.840625 0.5525 0.85625 0.5575 0.86125 0.565 0.860625 0.5725 0.845625 0.575625 0.841875 0.578125 0.841875 0.58125 0.834375 0.585625 0.81375 0.59 0.79375 0.59125 0.789375 0.588125 0.803125 0.5825 0.805625 0.57875 0.805625 0.56625 0.81125 0.559375 0.825625 0.553125 0.84 0.5525
1 0.543125 0.38125 0.55 0.385 0.55125 0.3975 0.546875 0.40375 0.526875 0.415 0.505625 0.419375 0.4475 0.42 0.4425 0.421875 0.41625 0.42125 0.408125 0.41875 0.403125 0.398125 0.4025 0.389375 0.404375 0.386875 0.5425 0.38125
1 0.31625 0.543125 0.365 0.545625 0.371875 0.550625 0.374375 0.556875 0.373125 0.56875 0.35875 0.59125 0.3475 0.591875 0.350625 0.595 0.33125 0.5925 0.306875 0.594375 0.30125 0.586875 0.278125 0.58 0.268125 0.571875 0.266875 0.55875 0.26875 0.55375 0.295625 0.548125 0.306875 0.5425 0.315625 0.543125
1 0.0203125 0.460625 0.030625 0.0175
1 0.2725 0.511875 0.275625 0.514375 0.27625 0.51875 0.269375 0.524375 0.265 0.523125 0.263125 0.518125 0.265625 0.5125 0.271875 0.511875
1 0.0675 0.39875 0.0775 0.400625 0.101875 0.398125 0.11125 0.408125 0.108125 0.41875 0.099375 0.42625 0.0775 0.435 0.068125 0.435625 0.06 0.433125 0.05125 0.425 0.049375 0.410625 0.05375 0.40375 0.066875 0.399375
