1 0.14625 0.455 0.158125 0.46 0.175 0.46 0.18875 0.46375 0.1925 0.466875 0.2 0.493125 0.19625 0.498125 0.189375 0.499375 0.13625 0.496875 0.130625 0.494375 0.123125 0.479375 0.1225 0.47 0.125625 0.4625 0.131875 0.456875 0.139375 0.454375 0.145625 0.455
1 0.71375 0.3575 0.720625 0.360625 0.728125 0.371875 0.726875 0.38 0.720625 0.385625 0.715 0.3875 0.7025 0.384375 0.7 0.378125 0.7025 0.3625 0.708125 0.358125 0.713125 0.3575
1 0.8575 0.3975 0.870625 0.405625 0.873125 0.41 0.8725 0.421875 0.865625 0.426875 0.83125 0.424375 0.824375 0.4225 0.821875 0.41875 0.821875 0.411875 0.8275 0.40625 0.846875 0.3975 0.856875 0.3975
1 0.643125 0.344375 0.64625 0.345 0.646875 0.349375 0.6425 0.359375 0.62625 0.3675 0.589375 0.355625 0.576875 0.349375 0.575625 0.345 0.6425 0.344375
1 0.73125 0.511875 0.73625 0.515625 0.736875 0.51875 0.735 0.5225 0.730625 0.524375 0.72375 0.519375 0.72375 0.515 0.730625 0.511875
1 0.445 0.539375 0.47625 0.54125 0.491875 0.54875 0.495625 0.555 0.495625 0.565 0.49125 0.57375 0.484375 0.57625 0.475 0.591875 0.459375 0.60625 0.453125 0.60875 0.4425 0.606875 0.43375 0.57625 0.395 0.56875 0.386875 0.565 0.383125 0.560625 0.38375 0.55 0.39 0.543125 0.444375 0.539375
1 0.463125 0.380625 0.483125 0.38375 0.525 0.383125 0.5925 0.38625 0.595625 0.388125 0.5975 0.393125 0.5925 0.4175 0.58625 0.420625 0.555625 0.421875 0.4925 0.41875 0.4775 0.41625 0.453125 0.404375 0.448125 0.398125 0.45 0.385 0.4625 0.38125
1 0.70125 0.54625 0.73 0.553125 0.7325 0.5575 0.7325 0.5675 0.730625 0.5725 0.72375 0.578125 0.6975 0.58625 0.68875 0.59875 0.6875 0.594375 0.666875 0.59375 0.649375 0.59625 0.640625 0.594375 0.638125 0.585 0.625625 0.5675 0.625625 0.55625 0.630625 0.54875 0.64 0.545 0.675625 0.545 0.690625 0.5425 0.700625 0.54625
1 0.988125 0.453125 0.994375 0.45625 0.99375 0.463125 0.98875 0.466875 0.98 0.46875 0.970625 0.4675 0.96625 0.463125 0.965 0.455 0.974375 0.451875 0.9875 0.453125
1 0.168125 0.551875 0.181875 0.55625 0.1925 0.56375 0.195625 0.580625 0.21 0.588125 0.204375 0.591875 0.175 0.58875 0.15625 0.58125 0.15625 0.576875 0.139375 0.5725 0.13875 0.5625 0.14375 0.556875 0.1675 0.551875
1 0.645625 0.5875 0.66375 0.590625 0.691875 0.590625 0.694375 0.594375 0.6925 0.6 0.6825 0.605625 0.665625 0.6 0.640625 0.59625 0.638125 0.593125 0.638125 0.588125 0.645 0.5875
1 0.04625 0.526875 0.05625 0.525625 0.06375 0.531875 0.061875 0.539375 0.055 0.543125 0.04625 0.5375 0.044375 0.5325 0.04625 0.5275
1 0.056875 0.345 0.118125 0.345 0.113125 0.350625 0.105 0.35375 0.066875 0.3525 0.056875 0.345625
1 0.856875 0.569375 0.865625 0.574375 0.8775 0.599375 0.890625 0.606875 0.891875 0.62 0.889375 0.623125 0.835 0.626875 0.820625 0.6225 0.816875 0.61375 0.816875 0.605 0.821875 0.599375 0.8275 0.579375 0.835 0.57125 0.844375 0.568125 0.85625 0.569375
1 0.023125 0.368125 0.046875 0.374375 0.055 0.379375 0.068125 0.393125 0.075625 0.41 0.07625 0.415 0.06125 0.443125 0.0575 0.44625 0.045 0.4475 0.015 0.446875 0 0.44375 0 0.37125 0.0225 0.368125
1 0.69 0.48125 0.69625 0.488125 0.695 0.49125 0.689375 0.493125 0.68125 0.491875 0.6775 0.488125 0.68125 0.481875 0.689375 0.48125
1 0.9075 0.398125 0.91875 0.400625 0.933125 0.399375 0.945 0.405625 0.94875 0.415625 0.948125 0.42375 0.943125 0.430625 0.933125 0.435 0.9175 0.433125 0.89875 0.425 0.889375 0.416875 0.88875 0.4075 0.89375 0.400625 0.89875 0.398125 0.906875 0.398125
