1 0.24125 0.6375 0.269375 0.640625 0.28 0.644375 0.28125 0.649375 0.279375 0.651875 0.25375 0.655625 0.195 0.654375 0.181875 0.64875 0.185625 0.64375 0.199375 0.64 0.240625 0.6375
1 0.7525 0.385 0.756875 0.38625 0.760625 0.390625 0.759375 0.39625 0.7525 0.4 0.744375 0.399375 0.738125 0.394375 0.738125 0.390625 0.74125 0.386875 0.751875 0.385
1 0.49375 0.383125 0.505625 0.386875 0.506875 0.393125 0.50125 0.398125 0.488125 0.4025 0.4675 0.400625 0.463125 0.396875 0.4625 0.3925 0.469375 0.385625 0.493125 0.383125
1 0.45375 0.5525 0.465625 0.55625 0.468125 0.559375 0.468125 0.564375 0.4625 0.57125 0.453125 0.574375 0.439375 0.5725 0.435 0.56875 0.4325 0.56125 0.43375 0.5575 0.44 0.553125 0.453125 0.5525
1 0.650625 0.588125 0.664375 0.59375 0.699375 0.591875 0.7025 0.595625 0.699375 0.601875 0.671875 0.606875 0.655625 0.6125 0.59375 0.6175 0.580625 0.6175 0.5725 0.6125 0.57375 0.60375 0.580625 0.5975 0.611875 0.59 0.65 0.588125
1 0.336875 0.38625 0.3475 0.389375 0.35 0.39625 0.345 0.400625 0.335 0.403125 0.31875 0.4025 0.3125 0.39625 0.313125 0.393125 0.31875 0.38875 0.33625 0.38625
1 0.66375 0.345 0.66375 0.34875 0.658125 0.3525 0.634375 0.354375 0.58125 0.351875 0.566875 0.349375 0.56375 0.345 0.663125 0.345
1 0.091875 0.60625 0.135625 0.610625 0.14125 0.6125 0.14375 0.615 0.143125 0.6175 0.13125 0.6225 0.113125 0.625625 0.071875 0.626875 0.031875 0.62125 0.0275 0.619375 0.026875 0.615625 0.0325 0.611875 0.05625 0.606875 0.09125 0.60625
1 0.5475 0.6375 0.550625 0.64 0.550625 0.645 0.5425 0.6525 0.515 0.655625 0.498125 0.65375 0.498125 0.650625 0.504375 0.643125 0.525625 0.638125 0.546875 0.6375
1 0.31375 0.62125 0.321875 0.626875 0.321875 0.634375 0.318125 0.63875 0.308125 0.641875 0.29875 0.64 0.295625 0.63625 0.295625 0.630625 0.30125 0.623125 0.313125 0.62125
1 0.888125 0.555 0.891875 0.556875 0.8925 0.563125 0.885625 0.56875 0.874375 0.5675 0.871875 0.564375 0.871875 0.559375 0.88 0.554375 0.8875 0.555
1 0 0.579375 0.015 0.58 0.02125 0.5875 0.02 0.59375 0.015 0.59875 0 0.6 0 0.58
1 0.218125 0.361875 0.2225 0.36375 0.22625 0.369375 0.22625 0.373125 0.219375 0.376875 0.211875 0.37625 0.206875 0.370625 0.209375 0.36375 0.2175 0.361875
1 0.7975 0.591875 0.805625 0.595 0.808125 0.598125 0.80875 0.609375 0.806875 0.61125 0.781875 0.615625 0.75 0.6175 0.729375 0.6175 0.725625 0.615625 0.72625 0.6125 0.7675 0.604375 0.78875 0.591875 0.796875 0.591875
1 0.389375 0.555 0.398125 0.559375 0.39875 0.565 0.393125 0.574375 0.38375 0.5775 0.373125 0.574375 0.369375 0.568125 0.369375 0.563125 0.375625 0.555625 0.38875 0.555
1 0.26125 0.579375 0.266875 0.583125 0.2675 0.589375 0.2625 0.59625 0.258125 0.598125 0.24875 0.598125 0.2425 0.595625 0.239375 0.591875 0.239375 0.586875 0.246875 0.58 0.260625 0.579375
1 0.356875 0.5825 0.36625 0.584375 0.3775 0.59125 0.375625 0.596875 0.35875 0.60125 0.34875 0.600625 0.343125 0.59625 0.344375 0.588125 0.348125 0.584375 0.35625 0.5825
1 0.209375 0.573125 0.215 0.575 0.219375 0.581875 0.215625 0.59 0.2075 0.593125 0.198125 0.591875 0.195 0.58875 0.194375 0.581875 0.19875 0.575625 0.20875 0.573125
1 0.0325 0.395625 0.050625 0.4 0.054375 0.404375 0.054375 0.40875 0.04875 0.413125 0.030625 0.416875 0.013125 0.41625 0 0.41125 0 0.4 0.0125 0.39625 0.031875 0.395625
1 0.66125 0.375625 0.670625 0.379375 0.673125 0.386875 0.67 0.39125 0.658125 0.39375 0.633125 0.39125 0.628125 0.3875 0.628125 0.3825 0.6325 0.378125 0.64625 0.373125 0.660625 0.375625
1 0.846875 0.414375 0.85375 0.418125 0.855625 0.425 0.850625 0.433125 0.840625 0.4375 0.8275 0.43625 0.821875 0.431875 0.819375 0.425 0.821875 0.41875 0.828125 0.414375 0.84625 0.414375
1 0.43 0.424375 0.430625 0.428125 0.435625 0.431875 0.4425 0.43125 0.448125 0.425625 0.4425 0.420625 0.435625 0.420625
1 0.109375 0.430625 0.1125 0.435625 0.12125 0.435625 0.125625 0.434375 0.12875 0.42875 0.12375 0.42625 0.115 0.42625
1 0.3275 0.426875 0.326875 0.431875 0.33375 0.434375 0.34 0.43375 0.344375 0.429375 0.34375 0.42625 0.339375 0.424375
