1 0.63875 0.423125 0.64625 0.424375 0.65 0.431875 0.6475 0.45 0.640625 0.45875 0.636875 0.456875 0.629375 0.445625 0.625 0.4325 0.629375 0.425 0.638125 0.423125
1 0.8175 0.7075 0.820625 0.713125 0.818125 0.721875 0.814375 0.72125 0.8125 0.716875 0.813125 0.710625 0.816875 0.7075
1 0.503125 0.395625 0.505 0.3975 0.505 0.41375 0.5025 0.425 0.4975 0.43 0.48875 0.43375 0.480625 0.431875 0.471875 0.424375 0.469375 0.419375 0.469375 0.41125 0.47375 0.406875 0.486875 0.403125 0.498125 0.395625 0.5025 0.395625
1 0.291875 0.33875 0.296875 0.34125 0.298125 0.345625 0.296875 0.359375 0.2925 0.364375 0.276875 0.369375 0.27 0.369375 0.265625 0.365625 0.266875 0.34875 0.275625 0.3375 0.29125 0.33875
1 0.880625 0.485625 0.899375 0.49375 0.90125 0.50375 0.891875 0.52 0.8825 0.5275 0.878125 0.535625 0.87375 0.536875 0.86 0.53625 0.85625 0.526875 0.83625 0.525625 0.833125 0.52125 0.831875 0.50875 0.836875 0.4975 0.844375 0.49125 0.87 0.485 0.88 0.485625
1 0.371875 0.59375 0.38125 0.59875 0.38875 0.611875 0.386875 0.616875 0.35375 0.618125 0.343125 0.620625 0.33375 0.61875 0.3325 0.611875 0.335 0.605 0.35375 0.595 0.37125 0.59375
1 0.393125 0.63625 0.398125 0.648125 0.396875 0.65375 0.393125 0.65625 0.375 0.655 0.37 0.646875 0.37 0.64 0.3725 0.63625 0.3925 0.63625
1 0.925625 0.708125 0.930625 0.7125 0.93125 0.72 0.925 0.730625 0.92 0.728125 0.9175 0.72 0.920625 0.709375 0.925 0.708125
1 0.4 0.5425 0.40625 0.54625 0.408125 0.560625 0.418125 0.559375 0.426875 0.553125 0.435 0.553125 0.45625 0.56375 0.459375 0.575 0.453125 0.59125 0.45 0.594375 0.445 0.591875 0.429375 0.591875 0.42 0.599375 0.40875 0.59625 0.389375 0.596875 0.385625 0.60125 0.390625 0.611875 0.388125 0.61625 0.351875 0.618125 0.343125 0.620625 0.334375 0.619375 0.334375 0.60625 0.350625 0.59625 0.365625 0.593125 0.36875 0.58625 0.366875 0.574375 0.371875 0.56 0.38375 0.545 0.399375 0.5425
1 0.075625 0.370625 0.08125 0.37375 0.084375 0.380625 0.085 0.395625 0.081875 0.398125 0.0575 0.400625 0.05 0.4 0.046875 0.396875 0.04625 0.385 0.04875 0.375625 0.061875 0.369375 0.075 0.370625
