1 0.18857513794222655 0.6945373467112598 0.18922427783187276 0.7023411371237458 0.186952288218111 0.7068004459308808 0.1830574488802337 0.705685618729097 0.18143459915611815 0.6989966555183946 0.18403115871470302 0.6923076923076923 0.18825056799740345 0.6945373467112598
1 0.6530347289840961 0.7168338907469343 0.6536838688737423 0.7212931995540691 0.6507627393703344 0.725752508361204 0.6471924699772801 0.7246376811594203 0.6462187601428108 0.7168338907469343 0.652710159039273 0.7168338907469343
1 0.48523206751054854 0.6488294314381271 0.4878286270691334 0.6544035674470458 0.4878286270691334 0.6633221850613155 0.4803635183382019 0.6688963210702341 0.46186303148328467 0.6688963210702341 0.45731905225576114 0.6644370122630993 0.45731905225576114 0.6577480490523969 0.4608893216488153 0.6488294314381271 0.46997728010386236 0.6432552954292085 0.4800389483933788 0.6432552954292085 0.48490749756572543 0.6488294314381271
1 0.44109055501460565 0.7112597547380156 0.4462836741317754 0.7157190635451505 0.4430379746835443 0.7224080267558528 0.4294060370009737 0.7190635451505016 0.4323271665043817 0.7123745819397993 0.44076598506978254 0.7112597547380156
1 0.5793573515092503 0.6688963210702341 0.5952612788055825 0.673355629877369 0.5968841285296982 0.6789297658862876 0.5939629990262901 0.68561872909699 0.5751379422265498 0.6822742474916388 0.5722168127231418 0.673355629877369 0.5790327815644272 0.6688963210702341
1 0.9438493995456021 0.46265328874024525 0.9490425186627718 0.4693422519509476 0.9457968192145407 0.47714604236343366 0.9360597208698475 0.47268673355629875 0.9370334307043168 0.4659977703455964 0.943524829600779 0.46265328874024525
1 0.5131450827653359 0.6343366778149386 0.5137942226549822 0.6410256410256411 0.5121713729308666 0.6454849498327759 0.5092502434274586 0.6443701226309922 0.5089256734826355 0.6387959866220736 0.5128205128205128 0.6343366778149386
1 0.08406361570918533 0.6053511705685619 0.08763388510223953 0.6131549609810479 0.0834144758195391 0.620958751393534 0.0727036676403765 0.6198439241917503 0.07075624797143784 0.6120401337792643 0.07400194741966894 0.6053511705685619 0.08373904576436222 0.6053511705685619
1 0.3083414475819539 0.43478260869565216 0.3141837065887699 0.443701226309922 0.3190522557611165 0.46711259754738016 0.314508276533593 0.48272017837235226 0.3050957481337228 0.48606465997770343 0.287893541058098 0.483835005574136 0.28270042194092826 0.4693422519509476 0.28172671210645894 0.45707915273132665 0.28334956183057447 0.4459308807134894 0.287893541058098 0.43812709030100333 0.3080168776371308 0.43478260869565216
1 0.28334956183057447 0.633221850613155 0.28594612138915937 0.6220735785953178 0.2934112301200909 0.6243032329988851 0.2940603700097371 0.6321070234113713 0.2901655306718598 0.6376811594202898 0.2836741317753976 0.633221850613155
1 0.8519961051606622 0.0189520624303233 0.851671535215839 0.02564102564102564 0.8422590068159689 0.043478260869565216 0.8396624472573839 0.03901895206243032 0.848750405712431 0.020066889632107024 0.851671535215839 0.020066889632107024
1 0.5699448231093801 0.5875139353400223 0.5683219733852646 0.5964325529542921 0.5634534242129179 0.5953177257525084 0.5624797143784486 0.5886287625418061 0.5650762739370334 0.5841694537346711 0.569620253164557 0.5875139353400223
1 0.501460564751704 0.5819397993311036 0.5060045439792276 0.5841694537346711 0.5082765335929893 0.5930880713489409 0.49691658552418044 0.5953177257525084 0.49659201557935734 0.5863991081382386 0.5011359948068809 0.5830546265328874
1 0.4784160986692632 0.5128205128205128 0.4813372281726712 0.5217391304347826 0.4810126582278481 0.5273132664437012 0.47517039922103216 0.5328874024526199 0.4706264199935086 0.5295429208472687 0.46932814021421615 0.5195094760312151 0.47289840960727036 0.5117056856187291 0.4780915287244401 0.5128205128205128
