1 0.633125 0.5978125 0.051875 0.0775
1 0.0334375 0.9028125 0.039375 0.073125
1 0.46375 0.728125 0.0375 0.07125
1 0.3909375 0.745625 0.0375 0.0575
1 0.70625 0.718125 0.03875 0.06625
1 0.246875 0.65875 0.044375 0.0625
1 0.655625 0.4490625 0.0375 0.034375
1 0.5675 0.4778125 0.02875 0.046875
1 0.0115625 0.5671875 0.023125 0.0575
1 0.93 0.4209375 0.0325 0.05625
1 0.3546875 0.9225 0.029375 0.044375
1 0.5590625 0.7715625 0.030625 0.04625
1 0.7484375 0.9634375 0.031875 0.040625
1 0.231875 0.5175 0.033125 0.036875
1 0.9940625 0.7121875 0.011875 0.039375
1 0.5996875 0.7953125 0.03 0.033125
1 0.5659375 0.9915625 0.02625 0.016875
1 0.8725 0.47125 0.014375 0.02875
1 0.7603125 0.5003125 0.01875 0.04125
1 0.05375 0.7928125 0.02125 0.025625
1 0.42125 0.823125 0.020625 0.031875
1 0.364375 0.5090625 0.02125 0.031875
1 0.3096875 0.964375 0.01875 0.029375
1 0.9946875 0.5959375 0.010625 0.0275
1 0.144375 0.5009375 0.0275 0.0225
1 0.5434375 0.5490625 0.0225 0.030625
1 0.6728125 0.593125 0.01125 0.025
1 0.2540625 0.9646875 0.024375 0.030625
1 0.0575 0.6578125 0.010625 0.02
1 0.4490625 0.9603125 0.011875 0.023125
1 0.7196875 0.898125 0.01 0.025
1 0.5378125 0.63875 0.01 0.019375
1 0.458125 0.839375 0.009375 0.01875
1 0.32 0.4775 0.00875 0.01375
