1 0.2875689711132749 0.451505016722408 0.290814670561506 0.4604236343366778 0.2862706913339825 0.47045707915273133 0.27913015254787404 0.46711259754738016 0.2768581629341123 0.4559643255295429 0.2872444011684518 0.451505016722408
1 0.6809477442388835 0.6967670011148273 0.6874391431353457 0.7012263099219621 0.6890619928594612 0.705685618729097 0.6877637130801688 0.7101449275362319 0.6669912366114897 0.7157190635451505 0.6604998377150276 0.7146042363433668 0.6595261278805583 0.7101449275362319 0.6611489776046738 0.705685618729097 0.6806231742940604 0.6967670011148273
1 0.5300227198961376 0.68561872909699 0.5394352482960078 0.6956521739130435 0.5404089581304771 0.705685618729097 0.5387861084063615 0.7157190635451505 0.5157416423239208 0.7246376811594203 0.5053554040895814 0.7235228539576366 0.5053554040895814 0.7157190635451505 0.5180136319376826 0.6900780379041248 0.5296981499513145 0.68561872909699
1 0.7552742616033755 0.7123745819397993 0.7575462512171373 0.7168338907469343 0.7539759818240831 0.7201783723522854 0.7471600129827978 0.7157190635451505 0.7549496916585524 0.7123745819397993
1 0.943524829600779 0.4035674470457079 0.9480688088283025 0.4013377926421405 0.949691658552418 0.4057971014492754 0.9493670886075949 0.4158305462653289 0.9451476793248945 0.4180602006688963 0.9432002596559559 0.4124860646599777 0.943524829600779 0.40468227424749165
1 0.022719896137617657 0.6911928651059086 0.02693930542031808 0.6978818283166109 0.02661473547549497 0.705685618729097 0.024342745861733205 0.7101449275362319 0.019474196689386564 0.7101449275362319 0.0172022070756248 0.7034559643255296 0.017851346965271016 0.6956521739130435 0.022395326192794548 0.6911928651059086
1 0.06426484907497566 0.6432552954292085 0.0694579681921454 0.653288740245262 0.06815968841285297 0.6633221850613155 0.06458941901979877 0.6677814938684504 0.05679974034404414 0.6677814938684504 0.05322947095098994 0.6588628762541806 0.056150600454397924 0.6477146042363434 0.06394027913015254 0.6432552954292085
1 0.2622525154170724 0.5005574136008919 0.2625770853618955 0.5083612040133779 0.2590068159688413 0.5128205128205128 0.25543654657578707 0.5094760312151616 0.25511197663096397 0.5016722408026756 0.2619279454722493 0.5005574136008919
1 0.7951963648166179 0.5462653288740246 0.7984420642648491 0.5529542920847269 0.798117494320026 0.5574136008918618 0.7874066861408634 0.5629877369007804 0.7750730282375852 0.5607580824972129 0.7734501785134696 0.5540691192865106 0.774423888347939 0.5496098104793757 0.7792924375202857 0.5451505016722408 0.7948717948717948 0.5462653288740246
1 0.3222979552093476 0.4136008918617614 0.32716650438169426 0.4169453734671126 0.3281402142161636 0.42251950947603123 0.3216488153197014 0.43032329988851725 0.30996429730606945 0.43032329988851725 0.3050957481337228 0.4236343366778149 0.31126257708536187 0.41471571906354515 0.3219733852645245 0.4136008918617614
1 0.9542356377799416 0.6610925306577481 0.9571567672833495 0.6688963210702341 0.9539110678351185 0.6767001114827201 0.9490425186627718 0.6688963210702341 0.9503407984420643 0.6622073578595318 0.9539110678351185 0.6610925306577481
1 0.8422590068159689 0.11371237458193979 0.8490749756572541 0.11928651059085842 0.8510223953261928 0.12597547380156077 0.8506978253813697 0.13377926421404682 0.8468029860434924 0.13712374581939799 0.8380395975332684 0.12374581939799331 0.8383641674780915 0.11705685618729098 0.8419344368711458 0.11371237458193979
1 0.5777345017851347 0.4899665551839465 0.024667315806556313 0.021181716833890748
1 0.516390782213567 0.5919732441471572 0.5228821811100293 0.5975473801560758 0.5241804608893217 0.6031215161649944 0.5228821811100293 0.6098104793756968 0.5021097046413502 0.6153846153846154 0.4946445959104187 0.6120401337792643 0.4943200259655956 0.6053511705685619 0.49756572541382665 0.5975473801560758 0.5160662122687439 0.5919732441471572
1 0 0.6465997770345596 0.0038948393378773127 0.6521739130434783 0.0019474196689386564 0.6644370122630993 0 0.6644370122630993 0 0.6477146042363434
1 0.605322947095099 0.4983277591973244 0.6040246673158065 0.5072463768115942 0.6011035378123986 0.5072463768115942 0.5998052580331061 0.5005574136008919 0.6049983771502759 0.4983277591973244
1 0.7444011684518014 0.3249721293199554 0.006815968841285297 0.016722408026755852
