1 0.44875 0.4625 0.4525 0.4725 0.453125 0.485 0.45 0.50875 0.445625 0.513125 0.438125 0.509375 0.4375 0.48375 0.439375 0.471875 0.44375 0.46375 0.448125 0.4625
1 0.518125 0.5421875 0.00875 0.023125
1 0.5325 0.281875 0.535 0.293125 0.535 0.331875 0.533125 0.336875 0.529375 0.330625 0.5275 0.318125 0.528125 0.29125 0.531875 0.2825
1 0.43875 0.8509375 0.01 0.034375
1 0.50875 0.195625 0.02 0.0625
1 0.4990625 0.7509375 0.009375 0.021875
1 0.471875 0.819375 0.47625 0.826875 0.476875 0.846875 0.475 0.86125 0.470625 0.865 0.46625 0.8625 0.465 0.85875 0.463125 0.835625 0.465 0.824375 0.468125 0.82 0.47125 0.819375
1 0.461875 0.29 0.465 0.29875 0.465 0.314375 0.461875 0.319375 0.459375 0.319375 0.455625 0.31375 0.45625 0.29625 0.458125 0.29125 0.46125 0.29
1 0.5025 0.518125 0.50625 0.524375 0.50625 0.54 0.505 0.544375 0.501875 0.545625 0.498125 0.54125 0.496875 0.533125 0.4975 0.525625 0.501875 0.518125
1 0.51875 0.71375 0.5225 0.716875 0.52625 0.72875 0.525625 0.765625 0.520625 0.769375 0.511875 0.768125 0.5075 0.75625 0.508125 0.728125 0.51125 0.719375 0.515625 0.714375 0.518125 0.714375
1 0.490625 0.96125 0.494375 0.968125 0.495 0.978125 0.48875 0.988125 0.485 0.98375 0.484375 0.964375 0.486875 0.96125 0.49 0.96125
1 0.4875 0.705 0.49125 0.704375 0.495 0.710625 0.495 0.72375 0.49125 0.731875 0.488125 0.73125 0.48625 0.72375 0.4875 0.705625
1 0.521875 0.5725 0.00875 0.035
1 0.511875 0.49 0.508125 0.4875 0.5075 0.484375 0.50875 0.4625 0.5125 0.46125 0.515625 0.47 0.515625 0.479375 0.5125 0.489375
1 0.510625 0.091875 0.01875 0.06375
1 0.4725 0.415 0.476875 0.42625 0.476875 0.435625 0.47375 0.444375 0.47 0.444375 0.466875 0.4375 0.466875 0.42125 0.46875 0.41625 0.471875 0.415
1 0.5225 0.89125 0.528125 0.9 0.52875 0.91125 0.525625 0.923125 0.51875 0.931875 0.515 0.93 0.51125 0.920625 0.51 0.901875 0.51625 0.891875 0.51875 0.89 0.521875 0.89125
1 0.445625 0.78375 0.450625 0.789375 0.4525 0.800625 0.449375 0.8175 0.446875 0.819375 0.444375 0.818125 0.44125 0.808125 0.44125 0.793125 0.445625 0.784375
1 0.503125 0.850625 0.508125 0.855625 0.509375 0.860625 0.50875 0.894375 0.505625 0.899375 0.4975 0.89625 0.495 0.881875 0.49625 0.855625 0.498125 0.851875 0.5025 0.850625
1 0.456875 0.764375 0.46 0.765625 0.4625 0.771875 0.46 0.79125 0.456875 0.793125 0.45125 0.7825 0.4525 0.768125 0.45625 0.764375
1 0.4775 0.6175 0.00875 0.0375
1 0.53 0.3625 0.53375 0.36625 0.535 0.373125 0.53625 0.416875 0.533125 0.420625 0.529375 0.420625 0.525625 0.416875 0.5225 0.40375 0.5225 0.375625 0.525 0.365 0.529375 0.3625
1 0.498125 0.2825 0.5025 0.291875 0.498125 0.311875 0.494375 0.311875 0.49125 0.301875 0.4925 0.285625 0.494375 0.2825 0.4975 0.2825
1 0.445625 0.31375 0.45 0.315625 0.45125 0.330625 0.449375 0.355 0.445625 0.358125 0.443125 0.33625 0.443125 0.321875 0.445625 0.314375
1 0.5059375 0.3025 0.006875 0.02375
1 0.4675 0.92875 0.01375 0.0325
