1 0.605625 0.20125 0.021875 0.049375
1 0.57875 0.344375 0.02 0.044375
1 0.568125 0.4128125 0.024375 0.05125
1 0.605 0.4653125 0.02125 0.045
1 0.4740625 0.315 0.016875 0.051875
1 0.5925 0.8078125 0.020625 0.056875
1 0.4578125 0.3465625 0.018125 0.050625
1 0.445625 0.4828125 0.019375 0.039375
1 0.576875 0.6890625 0.019375 0.045625
1 0.41125 0.985625 0.02125 0.02875
1 0.4975 0.428125 0.016875 0.04125
1 0.478125 0.169375 0.0175 0.0525
1 0.54125 0.3784375 0.023125 0.0575
1 0.5915625 0.2709375 0.01625 0.03375
1 0.6184375 0.0390625 0.01875 0.03875
1 0.4896875 0.745 0.015 0.058125
1 0.453125 0.230625 0.0175 0.05
1 0.586875 0.9484375 0.020625 0.04375
1 0.550625 0.2321875 0.016875 0.05625
1 0.5315625 0.2240625 0.014375 0.04
1 0.5153125 0.2078125 0.01375 0.036875
1 0.435625 0.5784375 0.02 0.05125
1 0.6053125 0.70625 0.018125 0.055625
1 0.5728125 0.5071875 0.02 0.03625
1 0.5596875 0.1890625 0.01875 0.039375
1 0.6203125 0.10625 0.010625 0.023125
1 0.6059375 0.7675 0.015625 0.044375
1 0.430625 0.8178125 0.013125 0.034375
1 0.4465625 0.1825 0.0125 0.0425
1 0.53875 0.076875 0.01875 0.04375
1 0.5046875 0.9309375 0.00875 0.05125
1 0.5278125 0.300625 0.008125 0.03375
1 0.5090625 0.3140625 0.006875 0.029375
1 0.483125 0.91 0.00875 0.031875
1 0.48 0.8775 0.010625 0.039375
1 0.448125 0.2840625 0.00625 0.019375
1 0.5390625 0.1246875 0.020625 0.04625
1 0.4603125 0.776875 0.0075 0.02625
1 0.6125 0.6078125 0.006875 0.030625
