1 0.624375 0.3496875 0.016875 0.02625
1 0.605625 0.2571875 0.039375 0.0825
1 0.5546875 0.3921875 0.040625 0.08625
1 0.54 0.301875 0.023125 0.03875
1 0.4034375 0.3553125 0.053125 0.096875
1 0.595625 0.1278125 0.018125 0.033125
1 0.624375 0.77875 0.045 0.085
1 0.61875 0.49 0.058125 0.129375
1 0.51375 0.230625 0.021875 0.051875
1 0.53125 0.1325 0.06375 0.1075
1 0.5140625 0.3178125 0.010625 0.01625
1 0.4590625 0.051875 0.01125 0.0125
1 0.476875 0.8490625 0.074375 0.121875
1 0.3853125 0.1503125 0.025 0.0475
1 0.4634375 0.4884375 0.041875 0.05875
1 0.3734375 0.215625 0.011875 0.03875
1 0.4125 0.020625 0.033125 0.040625
1 0.4675 0.654375 0.075 0.1
1 0.5540625 0.2390625 0.020625 0.049375
1 0.59625 0.8271875 0.015625 0.031875
1 0.515625 0.79875 0.016875 0.031875
1 0.513125 0.008125 0.013125 0.013125
1 0.5990625 0.445625 0.016875 0.03625
1 0.57125 0.8378125 0.011875 0.015625
1 0.54875 0.9946875 0.020625 0.010625
1 0.5103125 0.1421875 0.030625 0.08125
1 0.5878125 0.8565625 0.02625 0.033125
1 0.495625 0.1440625 0.013125 0.04375
