1 0.4765625 0.3865625 0.01375 0.06375
1 0.505 0.185625 0.01375 0.095
1 0.485625 0.5425 0.01375 0.078125
1 0.4915625 0.1028125 0.011875 0.06375
1 0.55375 0.145625 0.0125 0.04875
1 0.5090625 0.6165625 0.023125 0.091875
1 0.57625 0.4428125 0.014375 0.05
1 0.55125 0.36375 0.014375 0.054375
1 0.555 0.6865625 0.01125 0.0425
1 0.5484375 0.4659375 0.015 0.069375
1 0.4946875 0.775 0.018125 0.07375
1 0.54375 0.0709375 0.013125 0.070625
1 0.576875 0.863125 0.009375 0.0375
1 0.5565625 0.28625 0.01 0.03625
1 0.55 0.7740625 0.01375 0.088125
1 0.4896875 0.671875 0.01125 0.038125
1 0.514375 0.9853125 0.010625 0.02875
1 0.5675 0.935625 0.01 0.040625
1 0.57875 0.295625 0.01125 0.05375
1 0.51375 0.7828125 0.009375 0.039375
1 0.571875 0.5015625 0.01375 0.06125
1 0.59875 0.6309375 0.006875 0.125
1 0.5665625 0.3209375 0.010625 0.05
1 0.58875 0.65375 0.009375 0.045625
1 0.508125 0.3371875 0.009375 0.0325
1 0.5421875 0.8890625 0.008125 0.025625
1 0.5346875 0.1678125 0.0075 0.026875
1 0.4990625 0.461875 0.013125 0.0425
1 0.52375 0.1703125 0.00875 0.031875
