1 0.5715625 0.7396875 0.023125 0.051875
1 0.585625 0.3896875 0.015625 0.060625
1 0.5103125 0.83875 0.01875 0.048125
1 0.478125 0.4840625 0.019375 0.05
1 0.480625 0.331875 0.01125 0.04875
1 0.5125 0.4278125 0.013125 0.030625
1 0.553125 0.8709375 0.02 0.050625
1 0.5775 0.56875 0.011875 0.036875
1 0.470625 0.8471875 0.01125 0.0325
1 0.4796875 0.7959375 0.013125 0.02875
1 0.50625 0.924375 0.0175 0.033125
1 0.574375 0.9090625 0.02125 0.04125
1 0.589375 0.3046875 0.01 0.05
1 0.4990625 0.3028125 0.0125 0.030625
1 0.5353125 0.970625 0.013125 0.026875
1 0.49375 0.7728125 0.01125 0.025625
1 0.5484375 0.74625 0.01125 0.02375
1 0.5453125 0.2946875 0.010625 0.03
1 0.5721875 0.5378125 0.01125 0.023125
1 0.5375 0.714375 0.01125 0.028125
1 0.5646875 0.474375 0.010625 0.029375
1 0.52 0.61375 0.011875 0.036875
1 0.5559375 0.2990625 0.009375 0.02375
1 0.551875 0.53 0.0125 0.028125
1 0.56 0.1940625 0.024375 0.061875
1 0.563125 0.0884375 0.0225 0.065
