1 0.30625 0.48625 0.320625 0.489375 0.32375 0.494375 0.3225 0.496875 0.31375 0.501875 0.29375 0.505625 0.279375 0.505 0.265625 0.50125 0.261875 0.49875 0.261875 0.49 0.305625 0.48625
1 0.81 0.453125 0.815 0.45625 0.815 0.459375 0.806875 0.46375 0.78875 0.466875 0.74 0.468125 0.708125 0.466875 0.705625 0.46375 0.70625 0.46 0.714375 0.456875 0.809375 0.453125
1 0.6375 0.4425 0.65 0.445625 0.65375 0.449375 0.64875 0.453125 0.63 0.456875 0.6225 0.456875 0.615 0.45375 0.61375 0.445625 0.623125 0.441875 0.636875 0.4425
1 0.694375 0.529375 0.688125 0.5375 0.655625 0.548125 0.62625 0.548125 0.60125 0.54375 0.595625 0.54 0.594375 0.5325 0.59875 0.52875 0.615625 0.52625 0.66125 0.52625 0.69375 0.52875
1 0.1125 0.580625 0.12 0.58375 0.120625 0.5875 0.110625 0.589375 0.07875 0.58875 0.0775 0.58625 0.080625 0.5825 0.08875 0.579375 0.111875 0.580625
1 0.109375 0.5 0.13 0.50125 0.135 0.50375 0.13625 0.508125 0.134375 0.511875 0.13 0.513125 0.105625 0.515 0.06375 0.5125 0.056875 0.508125 0.056875 0.505 0.065 0.500625 0.10875 0.5
1 0.28125 0.455625 0.281875 0.46 0.279375 0.461875 0.255 0.464375 0.223125 0.463125 0.21875 0.46 0.218125 0.45625 0.221875 0.45375 0.270625 0.451875 0.280625 0.455625
1 0.70125 0.471875 0.738125 0.473125 0.75125 0.4775 0.75125 0.4825 0.741875 0.485 0.710625 0.486875 0.685 0.485625 0.67 0.480625 0.67 0.476875 0.67625 0.473125 0.700625 0.471875
1 0.405625 0.464375 0.41 0.46625 0.4125 0.470625 0.41 0.47375 0.4 0.4775 0.379375 0.475625 0.374375 0.47375 0.3725 0.47 0.375625 0.46625 0.383125 0.463125 0.405 0.464375
1 0.29625 0.473125 0.3 0.47375 0.301875 0.4775 0.295 0.481875 0.26875 0.48125 0.26625 0.47625 0.273125 0.4725 0.295625 0.473125
1 0.950625 0.518125 0.999375 0.5125 0.999375 0.523125 0.97375 0.524375 0.949375 0.524375 0.943125 0.521875 0.95 0.518125
1 0.994375 0.536875 0.999375 0.538125 0.999375 0.55 0.94625 0.5575 0.91625 0.55375 0.914375 0.55 0.92125 0.545625 0.945625 0.54 0.99375 0.536875
1 0 0.47125 0.049375 0.47375 0.06125 0.476875 0.05875 0.480625 0.040625 0.48375 0 0.48375 0 0.471875
1 0.161875 0.474375 0.164375 0.476875 0.1625 0.48 0.1475 0.481875 0.1325 0.480625 0.130625 0.476875 0.13375 0.474375 0.16125 0.474375
1 0.714375 0.549375 0.746875 0.549375 0.755625 0.553125 0.758125 0.556875 0.75625 0.56375 0.75 0.5675 0.721875 0.570625 0.70625 0.56875 0.684375 0.560625 0.67125 0.56125 0.669375 0.55875 0.67125 0.55375 0.69625 0.553125 0.71375 0.549375
1 0 0.5525 0.0175 0.553125 0.024375 0.55625 0.02375 0.56 0.02 0.5625 0 0.564375 0 0.553125
1 0.52875 0.451875 0.565625 0.460625 0.56625 0.46375 0.55375 0.484375 0.5425 0.490625 0.520625 0.493125 0.50875 0.4925 0.50125 0.4875 0.5025 0.463125 0.4975 0.45875 0.4975 0.45625 0.51375 0.4525 0.528125 0.4525
1 0.36375 0.525625 0.391875 0.528125 0.395 0.531875 0.394375 0.53625 0.386875 0.540625 0.3725 0.544375 0.36375 0.550625 0.328125 0.554375 0.290625 0.553125 0.28375 0.55 0.285625 0.545625 0.3025 0.5325 0.31 0.529375 0.363125 0.525625
1 0.144375 0.54625 0.154375 0.548125 0.15875 0.553125 0.158125 0.55625 0.1475 0.56125 0.134375 0.5625 0.111875 0.5625 0.08625 0.558125 0.080625 0.555 0.080625 0.550625 0.12125 0.545625 0.14375 0.54625
1 0 0.5275 0.0275 0.5275 0.03625 0.52875 0.040625 0.531875 0.04 0.53625 0.034375 0.538125 0 0.53875 0 0.528125
1 0.458125 0.45125 0.465 0.45625 0.44625 0.46125 0.423125 0.459375 0.42 0.45625 0.4225 0.453125 0.43375 0.450625 0.4575 0.45125
1 0.20625 0.5425 0.208125 0.543125 0.206875 0.54625 0.2 0.550625 0.175 0.553125 0.168125 0.5575 0.165 0.556875 0.16125 0.560625 0.17125 0.564375 0.154375 0.564375 0.149375 0.56625 0.14125 0.564375 0.1175 0.565 0.105 0.560625 0.084375 0.5575 0.080625 0.55375 0.081875 0.55 0.1775 0.541875 0.205625 0.5425
1 0.95625 0.448125 0.98125 0.44875 0.98875 0.4525 0.981875 0.45625 0.964375 0.45875 0.89875 0.459375 0.89 0.4575 0.8875 0.453125 0.894375 0.45 0.955625 0.44875
