1 0.6903125 0.1578125 0.016875 0.02625
1 0.558125 0.319375 0.01375 0.0175
1 0.34 0.808125 0.01625 0.026875
1 0.1896875 0.9909375 0.021875 0.018125
1 0.6315625 0.21875 0.01125 0.015
1 0.3634375 0.775625 0.011875 0.015
1 0.436875 0.5696875 0.009375 0.011875
1 0.556875 0.3753125 0.00875 0.01
1 0.5778125 0.2640625 0.008125 0.0125
1 0.665 0.1615625 0.014375 0.02375
1 0.6821875 0.11125 0.009375 0.015625
1 0.4446875 0.503125 0.0075 0.00875
1 0.265 0.905625 0.006875 0.0075
1 0.244375 0.909375 0.009375 0.01375
1 0.6503125 0.18375 0.01 0.01125
1 0.3646875 0.72375 0.006875 0.0075
1 0.7375 0.07625 0.008125 0.01
