1 0.771101573676681 0.7309644670050761 0.7725321888412017 0.7461928934010152 0.7682403433476395 0.7563451776649747 0.7610872675250357 0.7563451776649747 0.7553648068669528 0.7360406091370558 0.7610872675250357 0.7258883248730964 0.7682403433476395 0.7258883248730964 0.7696709585121603 0.7309644670050761
1 0.6580829756795422 0.16751269035532995 0.6595135908440629 0.17258883248730963 0.6580829756795422 0.17766497461928935 0.6494992846924177 0.18781725888324874 0.642346208869814 0.18781725888324874 0.6266094420600858 0.20304568527918782 0.6108726752503576 0.20304568527918782 0.6094420600858369 0.20812182741116753 0.580829756795422 0.20812182741116753 0.580829756795422 0.20304568527918782 0.5908440629470673 0.19289340101522842 0.6151645207439199 0.18274111675126903 0.6165951359084406 0.17766497461928935 0.6566523605150214 0.16751269035532995
1 0.48783977110157367 0.45685279187817257 0.49356223175965663 0.467005076142132 0.49356223175965663 0.48223350253807107 0.4949928469241774 0.4873096446700508 0.49356223175965663 0.49238578680203043 0.49642346208869814 0.5177664974619289 0.49356223175965663 0.5279187817258884 0.4892703862660944 0.5279187817258884 0.48354792560801146 0.5431472081218274 0.47639484978540775 0.5431472081218274 0.474964234620887 0.5482233502538071 0.45064377682403434 0.5431472081218274 0.4492131616595136 0.5380710659898477 0.4406294706723891 0.5380710659898477 0.43919885550786836 0.5329949238578681 0.4220314735336195 0.5329949238578681 0.4206008583690987 0.5279187817258884 0.41917024320457796 0.5329949238578681 0.4105865522174535 0.5329949238578681 0.4034334763948498 0.5228426395939086 0.3977110157367668 0.5228426395939086 0.39341917024320455 0.5126903553299492 0.39341917024320455 0.5025380710659898 0.40486409155937053 0.49238578680203043 0.40915593705293274 0.47715736040609136 0.4105865522174535 0.4619289340101523 0.413447782546495 0.45685279187817257 0.4864091559370529 0.45685279187817257
1 0.06580829756795423 0.3756345177664975 0.06723891273247497 0.38071065989847713 0.07868383404864092 0.38578680203045684 0.07868383404864092 0.40609137055837563 0.0715307582260372 0.41624365482233505 0.05007153075822604 0.41624365482233505 0.04148783977110158 0.40609137055837563 0.04005722460658083 0.39593908629441626 0.04148783977110158 0.38071065989847713 0.045779685264663805 0.3756345177664975 0.06437768240343347 0.3756345177664975
1 0.28469241773962806 0.2436548223350254 0.2861230329041488 0.24873096446700507 0.290414878397711 0.24873096446700507 0.2918454935622318 0.25888324873096447 0.28898426323319026 0.27918781725888325 0.27753934191702434 0.27918781725888325 0.2675250357653791 0.2639593908629442 0.26609442060085836 0.25380710659898476 0.2675250357653791 0.2436548223350254 0.2832618025751073 0.2436548223350254
1 0.2875536480686695 0.4416243654822335 0.290414878397711 0.4365482233502538 0.29756795422031473 0.4416243654822335 0.29756795422031473 0.4720812182741117 0.2989985693848355 0.47715736040609136 0.29756795422031473 0.49238578680203043 0.2932761087267525 0.49238578680203043 0.290414878397711 0.48223350253807107 0.2918454935622318 0.467005076142132 0.2875536480686695 0.4467005076142132
1 0.547925608011445 0.8375634517766497 0.6323319027181689 0.8426395939086294 0.6337625178826896 0.8477157360406091 0.6466380543633763 0.8477157360406091 0.6437768240343348 0.8527918781725888 0.5722460658082976 0.8527918781725888 0.5650929899856938 0.8426395939086294 0.5493562231759657 0.8375634517766497
1 0.9399141630901288 0.48223350253807107 0.9427753934191703 0.49238578680203043 0.9384835479256081 0.5025380710659898 0.894134477825465 0.5025380710659898 0.8884120171673819 0.49238578680203043 0.8912732474964234 0.48223350253807107 0.9012875536480687 0.48223350253807107 0.9027181688125894 0.4873096446700508 0.9070100143061517 0.4873096446700508 0.9084406294706724 0.48223350253807107 0.9384835479256081 0.48223350253807107
1 0.8583690987124464 0.5279187817258884 0.8597997138769671 0.5329949238578681 0.8726752503576538 0.5380710659898477 0.8798283261802575 0.5583756345177665 0.8798283261802575 0.5685279187817259 0.8755364806866953 0.583756345177665 0.8626609442060086 0.5989847715736041 0.8397711015736766 0.5939086294416244 0.8226037195994278 0.5736040609137056 0.8154506437768241 0.5482233502538071 0.8183118741058655 0.5329949238578681 0.8569384835479256 0.5279187817258884
1 0.8655221745350501 0.06598984771573604 0.8726752503576538 0.07614213197969544 0.8741058655221745 0.09137055837563451 0.871244635193133 0.10152284263959391 0.8526466380543634 0.10152284263959391 0.8469241773962805 0.09137055837563451 0.8526466380543634 0.07106598984771574 0.8640915593705293 0.06598984771573604
