1 0.25875 0.6025 0.260625 0.606875 0.25875 0.616875 0.255 0.615625 0.255 0.60375 0.258125 0.6025
1 0.588125 0.695 0.59 0.6975 0.58875 0.706875 0.584375 0.706875 0.5825 0.70375 0.583125 0.69625 0.5875 0.695
1 0.4125 0.47375 0.416875 0.484375 0.41625 0.490625 0.411875 0.495 0.4075 0.493125 0.405625 0.4875 0.4075 0.475625 0.411875 0.47375
1 0.5275 0.644375 0.531875 0.648125 0.5325 0.655 0.529375 0.659375 0.52625 0.66 0.5125 0.656875 0.509375 0.65375 0.508125 0.645 0.51125 0.641875 0.526875 0.644375
1 0.44625 0.605625 0.449375 0.605625 0.449375 0.616875 0.445625 0.61625 0.44625 0.60625
1 0.240625 0.38875 0.245 0.390625 0.249375 0.39875 0.254375 0.429375 0.25 0.443125 0.234375 0.44625 0.226875 0.44625 0.223125 0.443125 0.216875 0.425625 0.21625 0.41375 0.221875 0.395625 0.228125 0.390625 0.24 0.38875
1 0.225625 0.594375 0.229375 0.598125 0.23 0.60625 0.22375 0.61125 0.219375 0.60875 0.21875 0.6 0.221875 0.595 0.225 0.594375
1 0.44125 0.55 0.44375 0.55375 0.44375 0.56 0.44 0.563125 0.43375 0.561875 0.4325 0.55375 0.435 0.55 0.440625 0.55
1 0.1221875 0.6809375 0.009375 0.015625
1 0.38 0.691875 0.38125 0.700625 0.375 0.705625 0.36625 0.703125 0.365 0.695625 0.369375 0.69125 0.379375 0.691875
1 0.505 0.550625 0.50625 0.56 0.504375 0.563125 0.50125 0.563125 0.49875 0.5575 0.5 0.551875 0.504375 0.550625
1 0.416875 0.615625 0.4225 0.621875 0.424375 0.633125 0.420625 0.640625 0.411875 0.64375 0.398125 0.64125 0.395 0.636875 0.39375 0.629375 0.398125 0.61875 0.409375 0.614375 0.41625 0.615625
1 0.015625 0.57875 0.019375 0.58 0.023125 0.585 0.0225 0.593125 0.01625 0.596875 0.01 0.59625 0.006875 0.590625 0.00875 0.580625 0.015 0.57875
1 0.88375 0.411875 0.886875 0.421875 0.88125 0.428125 0.875625 0.4275 0.873125 0.420625 0.87625 0.4125 0.883125 0.411875
