1 0.3615625 0.7803125 0.013125 0.013125
1 0.5375 0.53125 0.54125 0.534375 0.54125 0.541875 0.53625 0.5475 0.530625 0.549375 0.525 0.54625 0.525 0.5425 0.529375 0.535 0.536875 0.53125
1 0.989375 0.136875 0.993125 0.14 0.991875 0.14375 0.978125 0.15625 0.974375 0.150625 0.976875 0.143125 0.984375 0.136875 0.98875 0.136875
1 0.648125 0.490625 0.650625 0.491875 0.651875 0.498125 0.645 0.5025 0.64125 0.50125 0.64 0.4975 0.64375 0.49125 0.6475 0.490625
1 0.24375 0.75875 0.24625 0.763125 0.245625 0.7725 0.23875 0.78375 0.23125 0.789375 0.22625 0.789375 0.2225 0.78625 0.2225 0.776875 0.2375 0.76 0.243125 0.75875
1 0.210625 0.81375 0.21125 0.8175 0.205 0.828125 0.189375 0.845625 0.18 0.851875 0.174375 0.850625 0.1775 0.840625 0.201875 0.8175 0.21 0.81375
1 0.9003125 0.203125 0.026875 0.02875
1 0.70875 0.424375 0.7075 0.43125 0.719375 0.42625 0.7375 0.41125 0.761875 0.383125 0.769375 0.368125 0.765 0.365625 0.73125 0.393125
1 0.799375 0.23375 0.799375 0.239375 0.80375 0.239375 0.810625 0.23375 0.810625 0.230625 0.80375 0.23
1 0.30875 0.745625 0.30875 0.750625 0.31125 0.7525 0.3175 0.749375 0.31875 0.74375 0.313125 0.7425
