1 0.6159375 0.529375 0.081875 0.030625
1 0.44375 0.4278125 0.046875 0.01875
1 0.86625 0.426875 0.03875 0.0125
1 0.3903125 0.5765625 0.056875 0.01875
1 0.1034375 0.555 0.064375 0.015625
1 0.775625 0.5503125 0.074375 0.023125
1 0.465625 0.468125 0.063125 0.019375
1 0.7540625 0.4684375 0.0425 0.01625
1 0.6871875 0.46 0.03875 0.015625
1 0.14625 0.4615625 0.048125 0.016875
1 0.845 0.5615625 0.036875 0.015625
1 0.3225 0.4415625 0.045625 0.0125
1 0.19125 0.5334375 0.10125 0.019375
1 0.67375 0.5575 0.030625 0.0125
1 0.803125 0.4653125 0.03 0.015625
1 0.5425 0.5634375 0.08375 0.01875
1 0.3659375 0.4653125 0.049375 0.020625
1 0.4615625 0.544375 0.04125 0.02
1 0.2846875 0.4575 0.034375 0.0125
1 0.500625 0.4346875 0.0525 0.0175
1 0.9828125 0.521875 0.023125 0.011875
1 0.0203125 0.6346875 0.040625 0.010625
1 0.935 0.4409375 0.04 0.011875
1 0.6509375 0.4084375 0.03875 0.01125
1 0.0565625 0.4775 0.044375 0.01875
1 0.171875 0.505625 0.03375 0.01125
1 0.9378125 0.411875 0.031875 0.01125
1 0.7853125 0.5190625 0.035625 0.010625
1 0.08125 0.504375 0.03375 0.00875
1 0.338125 0.52875 0.025 0.011875
1 0.506875 0.5265625 0.025 0.011875
1 0.73875 0.4321875 0.020625 0.008125
1 0.1696875 0.489375 0.019375 0.00875
1 0.6503125 0.50625 0.01875 0.00875
1 0.9740625 0.3890625 0.016875 0.009375
1 0.6428125 0.394375 0.07875 0.01
1 0.20625 0.56625 0.04375 0.011875
1 0.89 0.479375 0.019375 0.00875
1 0.653125 0.4425 0.0175 0.00875
1 0.4871875 0.4903125 0.019375 0.0075
1 0.42125 0.5303125 0.0325 0.010625
1 0.2453125 0.5084375 0.02125 0.00875
1 0.09375 0.4728125 0.02625 0.01125
1 0.2159375 0.5078125 0.016875 0.0075
1 0.63125 0.4865625 0.0175 0.006875
1 0.453125 0.513125 0.030625 0.0075
1 0.3403125 0.4953125 0.011875 0.006875
1 0.560625 0.42875 0.018125 0.00875
1 0.5990625 0.4140625 0.0175 0.008125
1 0.5784375 0.4753125 0.015625 0.006875
1 0.3915625 0.5296875 0.028125 0.008125
1 0.8134375 0.3878125 0.0225 0.00875
1 0.3090625 0.5103125 0.014375 0.006875
