1 0.1385737439222042 0.5348360655737705 0.05186385737439222 0.04918032786885246
1 0.6782820097244733 0.5717213114754098 0.055105348460291734 0.05327868852459016
1 0.6094003241491086 0.21721311475409835 0.04051863857374392 0.040983606557377046
1 0.4011345218800648 0.36885245901639346 0.04700162074554295 0.04918032786885246
1 0.22366288492706646 0.6004098360655737 0.059967585089141004 0.04918032786885246
1 0.7520259319286872 0.6352459016393442 0.050243111831442464 0.04918032786885246
1 0.6369529983792545 0.2848360655737705 0.06807131280388978 0.0942622950819672
1 0.3760129659643436 0.3176229508196721 0.04376012965964344 0.05327868852459016
1 0.406807131280389 0.6270491803278688 0.06482982171799027 0.05737704918032787
1 0.5688816855753647 0.6680327868852459 0.03403565640194489 0.045081967213114756
1 0.5737439222042139 0.4672131147540984 0.04862236628849271 0.045081967213114756
1 0.9043760129659644 0.09836065573770492 0.029173419773095625 0.028688524590163935
1 0.37439222042139386 0.7909836065573771 0.05186385737439222 0.045081967213114756
1 0.8816855753646677 0.5840163934426229 0.029173419773095625 0.040983606557377046
1 0.3249594813614263 0.3709016393442623 0.04213938411669368 0.06147540983606557
1 0.45623987034035657 0.6659836065573771 0.02593192868719611 0.03278688524590164
1 0.04943273905996758 0.38729508196721313 0.05186385737439222 0.045081967213114756
1 0.2747163695299838 0.4323770491803279 0.04538087520259319 0.040983606557377046
1 0.09319286871961102 0.41188524590163933 0.022690437601296597 0.03278688524590164
1 0.2755267423014587 0.75 0.04700162074554295 0.05737704918032787
1 0.9270664505672609 0.2520491803278688 0.050243111831442464 0.04918032786885246
1 0.02593192868719611 0.5225409836065574 0.05186385737439222 0.06557377049180328
1 0.1353322528363047 0.39344262295081966 0.02106969205834684 0.03278688524590164
1 0.17341977309562398 0.32172131147540983 0.029173419773095625 0.02459016393442623
1 0.18719611021069693 0.4651639344262295 0.024311183144246355 0.03278688524590164
1 0.44489465153970825 0.2889344262295082 0.019448946515397084 0.028688524590163935
1 0.7714748784440842 0.10040983606557377 0.022690437601296597 0.036885245901639344
1 0.1166936790923825 0.7581967213114754 0.03565640194489465 0.036885245901639344
1 0.6426256077795786 0.7028688524590164 0.02106969205834684 0.02459016393442623
1 0.4141004862236629 0.4405737704918033 0.03565640194489465 0.03278688524590164
1 0.6077795786061588 0.5922131147540983 0.01620745542949757 0.02459016393442623
1 0.03484602917341977 0.7786885245901639 0.04376012965964344 0.040983606557377046
1 0.9092382495948136 0.3524590163934426 0.03403565640194489 0.036885245901639344
1 0.9854132901134521 0.11270491803278689 0.017828200972447326 0.028688524590163935
1 0.5251215559157212 0.6905737704918032 0.04538087520259319 0.05327868852459016
1 0.1458670988654781 0.694672131147541 0.022690437601296597 0.03278688524590164
1 0.2252836304700162 0.6987704918032787 0.02106969205834684 0.02459016393442623
1 0.08670988654781199 0.694672131147541 0.02106969205834684 0.02459016393442623
1 0.7058346839546191 0.4057377049180328 0.024311183144246355 0.028688524590163935
1 0.5623987034035657 0.5840163934426229 0.022690437601296597 0.03278688524590164
1 0.6750405186385737 0.125 0.022690437601296597 0.02459016393442623
1 0.5332252836304701 0.17827868852459017 0.01620745542949757 0.020491803278688523
1 0.6150729335494327 0.6557377049180327 0.022690437601296597 0.02459016393442623
1 0.3071312803889789 0.3012295081967213 0.014586709886547812 0.02459016393442623
1 0.46110210696920584 0.4323770491803279 0.029173419773095625 0.03278688524590164
1 0.26175040518638576 0.6741803278688525 0.027552674230145867 0.02459016393442623
1 0.6717990275526742 0.6352459016393442 0.017828200972447326 0.02459016393442623
1 0.6231766612641815 0.4364754098360656 0.02106969205834684 0.02459016393442623
1 0.5753646677471637 0.1762295081967213 0.014586709886547812 0.020491803278688523
1 0.45623987034035657 0.23770491803278687 0.014586709886547812 0.02459016393442623
1 0.26661264181523503 0.36065573770491804 0.01620745542949757 0.028688524590163935
1 0.146677471636953 0.7909836065573771 0.019448946515397084 0.028688524590163935
1 0.6450567260940032 0.4672131147540984 0.019448946515397084 0.028688524590163935
1 0.19773095623987033 0.6577868852459017 0.02106969205834684 0.02459016393442623
1 0.3500810372771475 0.5020491803278688 0.024311183144246355 0.02459016393442623
1 0.1166936790923825 0.8647540983606558 0.01620745542949757 0.02459016393442623
1 0.7325769854132901 0.32172131147540983 0.014586709886547812 0.02459016393442623
1 0.16531604538087522 0.7725409836065574 0.01620745542949757 0.02459016393442623
1 0.7576985413290114 0.2192622950819672 0.08103727714748785 0.0860655737704918
1 0.0713128038897893 0.6188524590163934 0.01620745542949757 0.02459016393442623
1 0.6831442463533225 0.32786885245901637 0.017828200972447326 0.020491803278688523
1 0.9359805510534847 0.5655737704918032 0.011345218800648298 0.020491803278688523
1 0.7058346839546191 0.2581967213114754 0.014586709886547812 0.02459016393442623
1 0.23743922204213938 0.7684426229508197 0.014586709886547812 0.02459016393442623
1 0.24473257698541329 0.7991803278688525 0.029173419773095625 0.03278688524590164
1 0.3119935170178282 0.5799180327868853 0.017828200972447326 0.028688524590163935
1 0.7414910858995137 0.2028688524590164 0.04862236628849271 0.04918032786885246
1 0.0640194489465154 0.5860655737704918 0.017828200972447326 0.020491803278688523
1 0.34683954619124796 0.4651639344262295 0.04538087520259319 0.036885245901639344
1 0.31361426256077796 0.7745901639344263 0.012965964343598054 0.02459016393442623
1 0.5356564019448946 0.430327868852459 0.012965964343598054 0.020491803278688523
1 0.23905996758508913 0.8545081967213115 0.014586709886547812 0.020491803278688523
1 0.13776337115072934 0.860655737704918 0.012965964343598054 0.02459016393442623
1 0.8889789303079416 0.5163934426229508 0.011345218800648298 0.020491803278688523
1 0.21474878444084278 0.6454918032786885 0.012965964343598054 0.020491803278688523
1 0.40923824959481364 0.5368852459016393 0.03727714748784441 0.03278688524590164
1 0.4837925445705024 0.4098360655737705 0.014586709886547812 0.02459016393442623
1 0.3719611021069692 0.4262295081967213 0.01620745542949757 0.020491803278688523
1 0.07860615883306321 0.5409836065573771 0.02106969205834684 0.02459016393442623
1 0.21474878444084278 0.8073770491803278 0.014586709886547812 0.02459016393442623
1 0.5316045380875203 0.35450819672131145 0.014586709886547812 0.040983606557377046
1 0.5494327390599676 0.29713114754098363 0.009724473257698542 0.040983606557377046
