1 0.480625 0.050625 0.484375 0.054375 0.48625 0.06375 0.4875 0.128125 0.484375 0.140625 0.480625 0.1425 0.476875 0.1375 0.474375 0.1225 0.476875 0.090625 0.473125 0.085625 0.473125 0.07875 0.47625 0.058125 0.48 0.05125
1 0.45125 0.92125 0.45625 0.92375 0.459375 0.936875 0.459375 0.948125 0.45625 0.960625 0.4525 0.964375 0.449375 0.96 0.4475 0.93125 0.45125 0.921875
1 0.48125 0.07125 0.01125 0.04125
1 0.5325 0.27 0.535625 0.274375 0.535625 0.286875 0.5325 0.288125 0.5325 0.270625
1 0.4425 0.78625 0.4375 0.77375 0.43875 0.74375 0.441875 0.740625 0.444375 0.74375 0.448125 0.771875 0.4425 0.785625
1 0.53625 0.458125 0.54125 0.47 0.540625 0.4875 0.53625 0.496875 0.53125 0.490625 0.529375 0.47375 0.531875 0.46 0.535625 0.458125
1 0.515 0.919375 0.511875 0.915625 0.51125 0.91 0.5125 0.85375 0.515625 0.853125 0.518125 0.866875 0.515625 0.91875
1 0.4353125 0.0328125 0.010625 0.036875
1 0.508125 0.7125 0.511875 0.72 0.514375 0.745625 0.511875 0.766875 0.50875 0.76625 0.50625 0.754375 0.508125 0.713125
1 0.543125 0.79125 0.54625 0.799375 0.548125 0.815625 0.54625 0.83375 0.539375 0.818125 0.543125 0.791875
1 0.470625 0.165625 0.47375 0.1725 0.475625 0.199375 0.471875 0.20625 0.466875 0.201875 0.463125 0.18875 0.464375 0.1725 0.466875 0.16625 0.47 0.165625
1 0.498125 0.295 0.5 0.303125 0.498125 0.323125 0.495625 0.3175 0.4975 0.295625
1 0.498125 0.90125 0.50125 0.901875 0.503125 0.921875 0.503125 0.945 0.50125 0.95 0.5 0.9475 0.4975 0.930625 0.498125 0.901875
1 0.503125 0.4425 0.5 0.4175 0.50125 0.406875 0.504375 0.4025 0.5075 0.405 0.509375 0.41125 0.51 0.42875 0.508125 0.440625 0.50375 0.4425
1 0.4425 0.4375 0.44625 0.4425 0.448125 0.455625 0.448125 0.476875 0.44625 0.481875 0.441875 0.481875 0.43875 0.476875 0.435625 0.463125 0.436875 0.448125 0.441875 0.438125
1 0.45625 0.66 0.460625 0.66 0.465 0.67625 0.463125 0.699375 0.45625 0.70625 0.453125 0.69 0.453125 0.6725 0.45625 0.660625
1 0.494375 0.184375 0.49875 0.198125 0.498125 0.210625 0.495 0.22 0.4925 0.219375 0.490625 0.2125 0.490625 0.19375 0.49375 0.185
1 0.47375 0.2025 0.4775 0.213125 0.47875 0.229375 0.478125 0.245625 0.47375 0.255 0.47 0.253125 0.469375 0.24875 0.469375 0.208125 0.473125 0.2025
1 0.529375 0.3175 0.5325 0.323125 0.53375 0.344375 0.53 0.365625 0.52625 0.365625 0.52375 0.36 0.5225 0.338125 0.524375 0.32375 0.52875 0.318125
1 0.459375 0.48375 0.4625 0.485625 0.4675 0.49875 0.4675 0.50875 0.465 0.515625 0.463125 0.51875 0.45875 0.51875 0.45625 0.5125 0.45625 0.491875 0.459375 0.484375
1 0.515 0.139375 0.51875 0.139375 0.52125 0.15625 0.52 0.181875 0.515 0.19125 0.511875 0.193125 0.51125 0.156875 0.515 0.14
1 0.4875 0.31125 0.485 0.299375 0.485 0.281875 0.486875 0.278125 0.48875 0.28 0.489375 0.30375 0.4875 0.310625
1 0.556875 0.968125 0.560625 0.975 0.561875 0.999375 0.549375 0.999375 0.55 0.975625 0.5525 0.96875 0.55625 0.968125
1 0.44375 0.17125 0.4475 0.180625 0.448125 0.21 0.446875 0.216875 0.443125 0.22 0.43875 0.21625 0.43625 0.20125 0.4375 0.179375 0.439375 0.1725 0.443125 0.17125
1 0.466875 0.383125 0.470625 0.39625 0.470625 0.421875 0.466875 0.433125 0.460625 0.428125 0.456875 0.41 0.459375 0.386875 0.4625 0.3825 0.46625 0.383125
1 0.484375 0.200625 0.4875 0.203125 0.489375 0.215 0.4875 0.23875 0.484375 0.24 0.4825 0.238125 0.48 0.226875 0.480625 0.210625 0.48375 0.20125
1 0.480625 0.0925 0.486875 0.115625 0.484375 0.140625 0.480625 0.1425 0.4775 0.13875 0.474375 0.124375 0.47625 0.100625 0.48 0.093125
1 0.53625 0.155625 0.538125 0.165 0.53625 0.200625 0.53375 0.198125 0.531875 0.186875 0.531875 0.168125 0.535625 0.15625
1 0.450625 0.265625 0.01 0.03375
1 0.431875 0.089375 0.435625 0.090625 0.436875 0.09625 0.43625 0.11125 0.431875 0.1125 0.431875 0.09
1 0.519375 0.28375 0.523125 0.28875 0.524375 0.2975 0.52375 0.326875 0.5225 0.333125 0.519375 0.33625 0.514375 0.33 0.513125 0.31625 0.515 0.29 0.51875 0.28375
1 0.543125 0.5475 0.54625 0.5575 0.546875 0.580625 0.54625 0.594375 0.543125 0.599375 0.5375 0.591875 0.535 0.575 0.53625 0.55625 0.539375 0.549375 0.5425 0.5475
1 0.4584375 0.339375 0.011875 0.04375
1 0.53125 0.20125 0.535 0.20375 0.535625 0.235625 0.53375 0.24875 0.529375 0.25125 0.526875 0.248125 0.525625 0.2375 0.525625 0.2025 0.530625 0.20125
1 0.480625 0.34625 0.48625 0.370625 0.480625 0.400625 0.476875 0.39875 0.473125 0.38 0.47375 0.355625 0.476875 0.34625 0.48 0.34625
1 0.449375 0.771875 0.453125 0.77875 0.45625 0.801875 0.4525 0.8275 0.449375 0.83 0.4475 0.8275 0.444375 0.805625 0.444375 0.78375 0.44875 0.7725
1 0.43875 0.67375 0.4425 0.67375 0.446875 0.70125 0.444375 0.726875 0.4425 0.729375 0.438125 0.72375 0.436875 0.69125 0.43875 0.674375
