1 0.49 0.86125 0.01625 0.054375
1 0.46 0.2478125 0.018125 0.05
1 0.625625 0.0965625 0.009375 0.03
1 0.4784375 0.3234375 0.016875 0.05625
1 0.5409375 0.67625 0.01875 0.04125
1 0.5403125 0.5990625 0.015625 0.048125
1 0.5103125 0.42625 0.015625 0.049375
1 0.545625 0.0928125 0.015 0.035625
1 0.58875 0.3934375 0.015 0.04375
1 0.5215625 0.7271875 0.01375 0.046875
1 0.493125 0.9728125 0.0225 0.05375
1 0.56875 0.3646875 0.030625 0.071875
1 0.4478125 0.4325 0.015 0.035625
1 0.41 0.6278125 0.015625 0.055
1 0.475 0.116875 0.0125 0.029375
1 0.5575 0.623125 0.0175 0.04125
1 0.4134375 0.9653125 0.015625 0.048125
1 0.4603125 0.593125 0.01875 0.061875
1 0.5775 0.0759375 0.015 0.049375
1 0.5275 0.9078125 0.01125 0.023125
1 0.421875 0.7284375 0.019375 0.048125
1 0.4490625 0.54375 0.011875 0.024375
1 0.4203125 0.8803125 0.01375 0.033125
1 0.62125 0.0146875 0.009375 0.018125
1 0.53375 0.863125 0.010625 0.023125
1 0.625 0.2296875 0.011875 0.023125
1 0.536875 0.94625 0.01125 0.0425
1 0.510625 0.8128125 0.01 0.023125
1 0.439375 0.855 0.010625 0.024375
1 0.46875 0.77625 0.016875 0.059375
1 0.555625 0.82875 0.009375 0.029375
1 0.5175 0.5878125 0.013125 0.03
1 0.566875 0.555625 0.01 0.02125
1 0.5221875 0.536875 0.01125 0.0325
1 0.475 0.4375 0.011875 0.0225
1 0.4403125 0.475625 0.01625 0.043125
1 0.471875 0.3921875 0.009375 0.0175
1 0.5296875 0.295625 0.010625 0.025625
1 0.4403125 0.914375 0.01 0.025
1 0.5865625 0.241875 0.029375 0.08625
1 0.51 0.3540625 0.010625 0.02
1 0.54375 0.734375 0.01 0.01875
1 0.561875 0.6928125 0.008125 0.01375
1 0.575625 0.294375 0.00875 0.01625
1 0.500625 0.65125 0.01125 0.03125
1 0.4525 0.7996875 0.01 0.0275
1 0.4525 0.38375 0.009375 0.019375
1 0.4390625 0.7759375 0.009375 0.025
1 0.5815625 0.5434375 0.008125 0.01375
1 0.5559375 0.2665625 0.00875 0.01375
1 0.446875 0.73875 0.008125 0.02875
