1 0.6481661798117494 0.4258639910813824 0.6501135994806881 0.431438127090301 0.6494644595910418 0.443701226309922 0.6413502109704642 0.45819397993311034 0.6332359623498864 0.451505016722408 0.6251217137293087 0.431438127090301 0.6312885426809477 0.4236343366778149 0.6478416098669263 0.4258639910813824
1 0.8182408308990587 0.7079152731326644 0.8205128205128205 0.717948717948718 0.8175916910094125 0.7224080267558528 0.8136968516715353 0.7201783723522854 0.813047711781889 0.7123745819397993 0.8179162609542356 0.7079152731326644
1 0.5050308341447582 0.39687848383500557 0.5050308341447582 0.4124860646599777 0.5024342745861733 0.42474916387959866 0.48912690684842586 0.4336677814938685 0.47127555988315484 0.4236343366778149 0.46900357026939304 0.4180602006688963 0.46997728010386236 0.41025641025641024 0.49756572541382665 0.3957636566332218 0.5047062641999351 0.39687848383500557
1 0.290814670561506 0.33890746934225197 0.29730606945796817 0.34225195094760313 0.29860434923726065 0.3500557413600892 0.29698149951314506 0.358974358974359 0.2762090230444661 0.3690078037904125 0.2661473547549497 0.3656633221850613 0.26517364492048034 0.35785953177257523 0.26809477442388835 0.346711259754738 0.2749107432651736 0.3377926421404682 0.2904901006166829 0.33890746934225197
1 0.8831548198636806 0.48606465997770343 0.899058747160013 0.4927536231884058 0.9013307367737747 0.5027870680044593 0.8915936384290815 0.5206243032329989 0.8773125608568647 0.5362318840579711 0.8607594936708861 0.5362318840579711 0.8568646543330087 0.5261984392419174 0.8373904576436222 0.5261984392419174 0.8334956183057449 0.5217391304347826 0.8318727685816294 0.5117056856187291 0.8341447581953911 0.5027870680044593 0.8432327166504382 0.4916387959866221 0.8828302499188575 0.48606465997770343
1 0.3735800064913989 0.5942028985507246 0.3800714053878611 0.5964325529542921 0.3885102239532619 0.6153846153846154 0.3463161311262577 0.6198439241917503 0.3339824732229795 0.6187290969899666 0.3326841934436871 0.6120401337792643 0.3349561830574489 0.6053511705685619 0.35183382018825055 0.5953177257525084 0.3732554365465758 0.5942028985507246
1 0.3920804933463161 0.6354515050167224 0.39824732229795523 0.6477146042363434 0.3950016228497241 0.6555183946488294 0.37682570593963 0.6555183946488294 0.3703343070431678 0.6477146042363434 0.37195715676728336 0.6365663322185061 0.391755923401493 0.6354515050167224
1 0.9292437520285621 0.7079152731326644 0.9321648815319702 0.7112597547380156 0.9328140214216164 0.7201783723522854 0.9266471924699773 0.7302118171683389 0.9208049334631613 0.7290969899665551 0.9178838039597533 0.7224080267558528 0.9175592340149302 0.7146042363433668 0.9208049334631613 0.7079152731326644 0.928919182083739 0.7079152731326644
1 0.4044141512495943 0.5429208472686734 0.406686140863356 0.5473801560758083 0.4079844206426485 0.5596432552954292 0.4358974358974359 0.5529542920847269 0.45602077247646866 0.5629877369007804 0.4595910418695229 0.5752508361204013 0.4524505030834145 0.5919732441471572 0.42648490749756574 0.5919732441471572 0.4190197987666342 0.5997770345596433 0.3878610840636157 0.5964325529542921 0.38558909444985395 0.6020066889632107 0.3904576436222006 0.6120401337792643 0.3872119441739695 0.6164994425863991 0.3456669912366115 0.6198439241917503 0.3343070431678027 0.6187290969899666 0.3333333333333333 0.6098104793756968 0.335280753002272 0.6053511705685619 0.3667640376501136 0.5930880713489409 0.36871145731905225 0.5875139353400223 0.3670886075949367 0.5741360089186176 0.36968516715352157 0.5652173913043478 0.38169425511197663 0.5462653288740246 0.4040895813047712 0.5429208472686734
1 0.07562479714378449 0.3701226309921962 0.0834144758195391 0.3779264214046823 0.08568646543330087 0.38684503901895206 0.08471275559883155 0.39687848383500557 0.06296656929568321 0.40022296544035674 0.04803635183382019 0.399108138238573 0.046413502109704644 0.39464882943143814 0.046413502109704644 0.38461538461538464 0.04868549172346641 0.3756967670011148 0.05809802012333658 0.3701226309921962 0.07530022719896137 0.3701226309921962
