1 0.311875 0.42375 0.044375 0.02
1 0.7990625 0.395 0.048125 0.021875
1 0.6534375 0.5428125 0.049375 0.018125
1 0.586875 0.4321875 0.05125 0.024375
1 0.9621875 0.383125 0.0375 0.02
1 0.73 0.4090625 0.034375 0.01625
1 0.0525 0.41375 0.04125 0.02125
1 0.534375 0.3953125 0.043125 0.021875
1 0.6553125 0.421875 0.043125 0.020625
1 0.621875 0.4590625 0.055 0.023125
1 0.1934375 0.4084375 0.05375 0.023125
1 0.77 0.548125 0.049375 0.019375
1 0.8103125 0.44125 0.038125 0.019375
1 0.5175 0.5559375 0.039375 0.019375
1 0.6853125 0.526875 0.051875 0.01875
1 0.2934375 0.3953125 0.055625 0.01875
1 0.5725 0.50375 0.04 0.016875
1 0.423125 0.564375 0.049375 0.019375
1 0.108125 0.5196875 0.0675 0.013125
1 0.7928125 0.485625 0.035625 0.01375
1 0.775625 0.46875 0.036875 0.01375
1 0.8175 0.5553125 0.040625 0.013125
1 0.4940625 0.4278125 0.0375 0.020625
1 0.254375 0.5121875 0.055 0.015
1 0.831875 0.5234375 0.049375 0.01875
1 0.8953125 0.380625 0.02375 0.01125
1 0.0140625 0.59 0.028125 0.021875
1 0.76875 0.4503125 0.055625 0.01625
1 0.2321875 0.3946875 0.04375 0.01625
1 0.1834375 0.570625 0.029375 0.014375
1 0.7159375 0.5521875 0.02 0.006875
1 0.06875 0.4953125 0.050625 0.01
1 0.7003125 0.471875 0.034375 0.00875
1 0.920625 0.4621875 0.04625 0.019375
1 0.3934375 0.3875 0.028125 0.006875
1 0.8765625 0.4609375 0.048125 0.0225
1 0.685625 0.490625 0.029375 0.006875
1 0.221875 0.540625 0.024375 0.008125
1 0.9125 0.4465625 0.015 0.006875
