1 0.404375 0.9425 0.411875 0.94875 0.415 0.958125 0.414375 0.9775 0.410625 0.99375 0.4075 0.99625 0.403125 0.995 0.391875 0.961875 0.393125 0.9525 0.40375 0.943125
1 0.47 0.049375 0.474375 0.05375 0.474375 0.059375 0.468125 0.07 0.461875 0.07375 0.453125 0.070625 0.4525 0.063125 0.459375 0.051875 0.469375 0.049375
1 0.41625 0.445625 0.425 0.456875 0.42625 0.47 0.425 0.48 0.42125 0.4875 0.41125 0.49375 0.4075 0.493125 0.4025 0.485 0.4025 0.46125 0.4075 0.4475 0.410625 0.445 0.415625 0.445625
1 0.59375 0.049375 0.60125 0.054375 0.605625 0.06375 0.605625 0.07375 0.60125 0.076875 0.59125 0.07625 0.5825 0.064375 0.5825 0.05375 0.5875 0.049375 0.593125 0.049375
1 0.536875 0.014375 0.544375 0.019375 0.5475 0.03 0.5425 0.038125 0.53625 0.04 0.5275 0.03625 0.523125 0.025 0.52375 0.01875 0.526875 0.015 0.53625 0.014375
1 0.545625 0.1575 0.554375 0.165 0.55375 0.175 0.546875 0.18 0.53625 0.175625 0.533125 0.16625 0.535625 0.15875 0.545 0.1575
1 0.46375 0.875 0.470625 0.879375 0.47375 0.886875 0.471875 0.894375 0.466875 0.89875 0.4625 0.89875 0.45625 0.895 0.451875 0.886875 0.453125 0.88 0.463125 0.875
1 0.454375 0.305 0.4625 0.313125 0.460625 0.320625 0.4575 0.3225 0.4475 0.32125 0.443125 0.314375 0.44625 0.306875 0.45375 0.305
1 0.620625 0.80375 0.626875 0.8075 0.629375 0.8175 0.628125 0.8425 0.623125 0.8475 0.615 0.84125 0.61 0.82625 0.611875 0.811875 0.62 0.80375
1 0.615625 0.369375 0.621875 0.37625 0.6225 0.3875 0.619375 0.396875 0.6125 0.399375 0.60375 0.394375 0.60125 0.37875 0.60375 0.371875 0.608125 0.369375 0.615 0.369375
1 0.535625 0.554375 0.54 0.5575 0.5425 0.56375 0.5425 0.570625 0.540625 0.574375 0.536875 0.575625 0.53 0.573125 0.525625 0.565 0.526875 0.5575 0.530625 0.554375 0.535 0.554375
1 0.62 0.25875 0.628125 0.27625 0.6325 0.299375 0.630625 0.308125 0.623125 0.306875 0.61625 0.3 0.61125 0.286875 0.61125 0.261875 0.615 0.2575 0.619375 0.25875
1 0.345 0.999375 0.345 0.975 0.348125 0.96375 0.351875 0.964375 0.355625 0.97 0.358125 0.9975 0.3575 0.999375 0.345625 0.999375
1 0.363125 0.60625 0.37 0.6125 0.37 0.61875 0.363125 0.623125 0.359375 0.621875 0.356875 0.616875 0.358125 0.6075 0.3625 0.60625
1 0.449375 0.796875 0.455625 0.804375 0.455 0.81125 0.45 0.815625 0.441875 0.814375 0.436875 0.806875 0.44 0.798125 0.44875 0.796875
1 0.446875 0.100625 0.463125 0.115625 0.464375 0.13 0.4525 0.140625 0.441875 0.139375 0.42875 0.146875 0.425 0.146875 0.42375 0.141875 0.43 0.111875 0.43625 0.1025 0.44625 0.100625
1 0.59625 0.4925 0.60125 0.503125 0.600625 0.50875 0.59625 0.511875 0.5875 0.51 0.583125 0.5025 0.585 0.493125 0.58875 0.49125 0.595625 0.4925
1 0.619375 0.895625 0.623125 0.9025 0.624375 0.91375 0.624375 0.935625 0.62125 0.94625 0.616875 0.945625 0.6075 0.93625 0.603125 0.916875 0.605625 0.90125 0.6125 0.895625 0.61875 0.895625
1 0.395 0.656875 0.401875 0.67375 0.404375 0.696875 0.399375 0.720625 0.394375 0.73375 0.39125 0.73625 0.386875 0.7325 0.384375 0.724375 0.3825 0.695 0.389375 0.659375 0.394375 0.656875
1 0.38875 0.28875 0.394375 0.30125 0.39625 0.353125 0.3925 0.3625 0.385 0.36625 0.380625 0.36375 0.3775 0.35375 0.375625 0.31 0.37875 0.28875 0.381875 0.286875 0.388125 0.28875
1 0.48625 0.00625 0.49125 0.009375 0.4925 0.01625 0.489375 0.026875 0.48375 0.030625 0.47375 0.028125 0.471875 0.018125 0.478125 0.008125 0.485625 0.00625
1 0.458125 0.269375 0.46375 0.271875 0.468125 0.278125 0.466875 0.2875 0.46125 0.29125 0.4525 0.290625 0.448125 0.2875 0.445625 0.281875 0.446875 0.2725 0.4525 0.26875 0.4575 0.269375
1 0.59 0.73375 0.595 0.7375 0.599375 0.74875 0.59875 0.765625 0.5925 0.77375 0.583125 0.770625 0.579375 0.76 0.580625 0.743125 0.584375 0.73625 0.589375 0.73375
1 0.609375 0 0.63125 0 0.631875 0.0025 0.63 0.045625 0.626875 0.04625 0.60875 0.02625 0.606875 0.00875 0.609375 0.000625
1 0.35 0.28125 0.355625 0.28625 0.356875 0.304375 0.35375 0.313125 0.34875 0.3175 0.345 0.3175 0.34375 0.3125 0.34375 0.28625 0.345625 0.281875 0.349375 0.28125
1 0.428125 0.3075 0.434375 0.3125 0.4325 0.31875 0.428125 0.320625 0.42125 0.319375 0.418125 0.315 0.42125 0.30875 0.4275 0.3075
1 0.41125 0.050625 0.416875 0.053125 0.41875 0.06125 0.414375 0.068125 0.40875 0.07 0.400625 0.066875 0.39875 0.05625 0.40375 0.051875 0.410625 0.050625
1 0.5675 0.544375 0.57125 0.546875 0.57375 0.55375 0.5725 0.56125 0.568125 0.56375 0.5625 0.561875 0.559375 0.551875 0.56 0.54625 0.566875 0.544375
1 0.449375 0.101875 0.45125 0.105 0.449375 0.119375 0.445 0.123125 0.440625 0.134375 0.429375 0.14625 0.425 0.14625 0.42375 0.143125 0.430625 0.11 0.43875 0.10125 0.44875 0.101875
1 0.45 0.290625 0.454375 0.299375 0.454375 0.303125 0.45125 0.305 0.439375 0.30375 0.434375 0.2975 0.435625 0.293125 0.439375 0.290625 0.449375 0.290625
1 0.588125 0.840625 0.591875 0.843125 0.59375 0.848125 0.594375 0.855625 0.591875 0.859375 0.5825 0.856875 0.57875 0.850625 0.579375 0.843125 0.5875 0.840625
1 0.61 0.295625 0.615 0.3 0.618125 0.315 0.618125 0.32625 0.61375 0.330625 0.60875 0.330625 0.605625 0.328125 0.601875 0.319375 0.60125 0.299375 0.605 0.295625 0.609375 0.295625
1 0.548125 0.40625 0.554375 0.41125 0.55625 0.4175 0.555 0.4275 0.550625 0.431875 0.545 0.431875 0.539375 0.42875 0.535625 0.42 0.535625 0.4125 0.538125 0.408125 0.5475 0.40625
1 0.613125 0.184375 0.6175 0.1875 0.61875 0.195 0.61625 0.2025 0.61125 0.205 0.601875 0.203125 0.596875 0.196875 0.59625 0.19 0.603125 0.183125 0.6125 0.184375
1 0.3775 0.9275 0.38 0.929375 0.380625 0.935 0.3775 0.93875 0.37375 0.939375 0.36875 0.9375 0.3675 0.93125 0.37125 0.9275 0.376875 0.9275
1 0.603125 0.629375 0.605625 0.64375 0.613125 0.64375 0.619375 0.640625 0.61875 0.63 0.6125 0.625 0.60875 0.624375
1 0.62625 0.574375 0.626875 0.58375 0.633125 0.589375 0.64 0.58875 0.64125 0.58 0.6375 0.5725 0.63 0.57125
1 0.4525 0.58125 0.451875 0.58875 0.455625 0.591875 0.4625 0.591875 0.466875 0.588125 0.46125 0.58
