1 0.38875 0.411875 0.056875 0.02125
1 0.839375 0.4975 0.045 0.02
1 0.4865625 0.533125 0.048125 0.021875
1 0.3046875 0.4090625 0.0525 0.011875
1 0.5690625 0.423125 0.035 0.01375
1 0.741875 0.43 0.051875 0.025
1 0.5296875 0.4509375 0.02375 0.01375
1 0.9246875 0.5025 0.025 0.016875
1 0.4275 0.495625 0.02875 0.015
1 0.7971875 0.5315625 0.025 0.015
1 0.9721875 0.4709375 0.02625 0.01375
1 0.715 0.4678125 0.025625 0.01375
1 0.3321875 0.5303125 0.04625 0.011875
1 0.7740625 0.515 0.024375 0.013125
1 0.8478125 0.544375 0.033125 0.0175
1 0.6115625 0.4875 0.026875 0.013125
1 0.4721875 0.438125 0.030625 0.0125
1 0.7465625 0.4553125 0.0225 0.01375
1 0.3025 0.510625 0.026875 0.01375
1 0.29375 0.4603125 0.02625 0.015
1 0.5384375 0.42875 0.02125 0.013125
1 0.8721875 0.45 0.04875 0.0225
1 0.2990625 0.4459375 0.021875 0.010625
1 0.193125 0.4446875 0.0625 0.03
1 0.0859375 0.4403125 0.066875 0.025625
1 0.240625 0.4165625 0.04375 0.015625
1 0.885 0.43875 0.090625 0.048125
1 0.9090625 0.42625 0.03875 0.02375
