1 0.591875 0.165625 0.595625 0.168125 0.59875 0.17625 0.601875 0.196875 0.601875 0.20625 0.596875 0.216875 0.59125 0.21875 0.588125 0.21625 0.58125 0.195 0.584375 0.1725 0.588125 0.166875 0.59125 0.16625
1 0.5684375 0.5865625 0.024375 0.050625
1 0.57875 0.28875 0.583125 0.293125 0.585625 0.305 0.585 0.3275 0.58125 0.333125 0.57125 0.33 0.56625 0.31875 0.56875 0.29625 0.5725 0.290625 0.578125 0.28875
1 0.591875 0.7125 0.59625 0.715625 0.59875 0.7225 0.59875 0.73625 0.595 0.7425 0.589375 0.745 0.585625 0.744375 0.58375 0.74125 0.583125 0.725 0.585 0.715 0.59125 0.7125
1 0.558125 0.78875 0.564375 0.794375 0.568125 0.806875 0.56625 0.82125 0.559375 0.828125 0.553125 0.825625 0.549375 0.810625 0.55 0.796875 0.5575 0.78875
1 0.535 0.756875 0.53875 0.766875 0.53875 0.7775 0.535625 0.79 0.530625 0.794375 0.525625 0.79 0.524375 0.76875 0.5275 0.7575 0.53 0.755625 0.534375 0.756875
1 0.554375 0.740625 0.558125 0.75125 0.558125 0.784375 0.556875 0.78875 0.55 0.795625 0.544375 0.783125 0.5425 0.753125 0.546875 0.7425 0.55 0.74 0.55375 0.740625
1 0.4875 0.22625 0.49125 0.22875 0.495 0.244375 0.493125 0.28 0.49125 0.2825 0.489375 0.28 0.48125 0.25125 0.481875 0.238125 0.4875 0.226875
1 0.6125 0.3775 0.615 0.380625 0.615 0.4 0.6125 0.405 0.609375 0.398125 0.609375 0.38625 0.611875 0.378125
1 0.60875 0.213125 0.6125 0.2175 0.6125 0.245625 0.606875 0.2525 0.60125 0.24875 0.59875 0.223125 0.60125 0.210625 0.605625 0.210625 0.608125 0.213125
1 0.4425 0.83875 0.438125 0.82 0.43875 0.806875 0.441875 0.79625 0.445625 0.796875 0.450625 0.80875 0.45 0.8275 0.443125 0.838125
1 0.4475 0.498125 0.453125 0.5075 0.45375 0.525 0.45125 0.533125 0.44625 0.53625 0.440625 0.53375 0.436875 0.52875 0.435 0.51 0.438125 0.500625 0.441875 0.4975 0.446875 0.498125
1 0.51875 0.773125 0.521875 0.781875 0.521875 0.7975 0.51625 0.809375 0.51 0.803125 0.50875 0.7875 0.511875 0.776875 0.515625 0.7725 0.518125 0.773125
1 0.62 0.893125 0.01125 0.02375
1 0.575625 0.633125 0.585 0.63875 0.5875 0.649375 0.586875 0.668125 0.584375 0.6725 0.578125 0.67625 0.57125 0.67125 0.56875 0.659375 0.569375 0.64 0.575 0.633125
1 0.500625 0.553125 0.504375 0.563125 0.505 0.580625 0.50375 0.588125 0.5 0.591875 0.49375 0.59 0.488125 0.5775 0.49 0.556875 0.495 0.55125 0.5 0.553125
1 0.42875 0.1625 0.436875 0.1775 0.431875 0.19875 0.428125 0.195 0.423125 0.175625 0.42375 0.166875 0.428125 0.1625
1 0.480625 0.074375 0.485625 0.085 0.48375 0.13875 0.480625 0.140625 0.4775 0.1375 0.474375 0.124375 0.474375 0.10625 0.48 0.075
1 0.455625 0.74375 0.460625 0.75375 0.460625 0.785625 0.46 0.79125 0.456875 0.793125 0.449375 0.790625 0.445625 0.791875 0.44375 0.789375 0.445 0.7525 0.449375 0.745 0.455 0.74375
1 0.475 0.659375 0.481875 0.6725 0.481875 0.69125 0.48 0.7025 0.474375 0.71 0.4675 0.7075 0.464375 0.699375 0.464375 0.668125 0.46875 0.66 0.474375 0.659375
1 0.50875 0.670625 0.5125 0.6775 0.5125 0.691875 0.51 0.69875 0.5075 0.69875 0.50625 0.694375 0.50625 0.675625 0.508125 0.67125
1 0.540625 0.593125 0.5475 0.59875 0.55 0.604375 0.551875 0.6225 0.550625 0.63875 0.546875 0.6475 0.543125 0.65 0.538125 0.645625 0.529375 0.625625 0.529375 0.613125 0.536875 0.595 0.54 0.593125
1 0.60625 0.775 0.6125 0.781875 0.615625 0.795625 0.613125 0.813125 0.6075 0.82125 0.601875 0.82125 0.598125 0.818125 0.595 0.806875 0.595 0.781875 0.59875 0.775625 0.605625 0.775
1 0.525625 0.6825 0.529375 0.68375 0.531875 0.696875 0.53125 0.71125 0.529375 0.715625 0.525625 0.71625 0.525625 0.683125
1 0.456875 0.6275 0.46375 0.6325 0.465625 0.638125 0.464375 0.665 0.46125 0.673125 0.456875 0.67625 0.45125 0.674375 0.448125 0.661875 0.44875 0.63875 0.4525 0.629375 0.45625 0.6275
1 0.4475 0.7153125 0.00625 0.019375
1 0.540625 0.89625 0.546875 0.908125 0.548125 0.93125 0.545 0.93875 0.539375 0.943125 0.5325 0.93875 0.529375 0.9325 0.528125 0.913125 0.5325 0.89875 0.54 0.89625
1 0.604375 0.5125 0.610625 0.518125 0.615 0.53 0.613125 0.54625 0.605 0.555625 0.601875 0.555625 0.5975 0.55 0.594375 0.53 0.59625 0.515625 0.60375 0.5125
1 0.4 0 0.42 0 0.41875 0.021875 0.413125 0.0275 0.406875 0.02625 0.4025 0.02 0.399375 0.00875 0.4 0.000625
1 0.6171875 0.9615625 0.016875 0.035625
1 0.46 0.21 0.463125 0.216875 0.463125 0.230625 0.46 0.23625 0.4575 0.23375 0.455625 0.2225 0.45625 0.211875 0.459375 0.21
1 0.575 0.475 0.58125 0.48375 0.581875 0.498125 0.57875 0.506875 0.574375 0.510625 0.565625 0.50375 0.561875 0.49625 0.564375 0.480625 0.574375 0.475
1 0.505 0.091875 0.5 0.069375 0.501875 0.043125 0.505 0.043125 0.50875 0.065625 0.50875 0.090625 0.508125 0.0925 0.505625 0.091875
1 0.433125 0.395625 0.44125 0.40375 0.444375 0.41625 0.44375 0.435 0.43375 0.4475 0.428125 0.44375 0.425625 0.42875 0.426875 0.398125 0.42875 0.395 0.4325 0.395625
1 0.48375 0.805625 0.48625 0.815625 0.48625 0.836875 0.48125 0.8525 0.4775 0.855 0.47375 0.854375 0.4675 0.836875 0.466875 0.82375 0.468125 0.81375 0.475625 0.811875 0.483125 0.80625
1 0.58625 0.0515625 0.02 0.041875
1 0.5325 0.851875 0.53625 0.855 0.539375 0.850625 0.541875 0.851875 0.54875 0.863125 0.549375 0.88125 0.545 0.89375 0.540625 0.895625 0.5375 0.89375 0.534375 0.886875 0.529375 0.88875 0.528125 0.886875 0.528125 0.86375 0.531875 0.8525
1 0.605625 0.265 0.6125 0.275625 0.613125 0.288125 0.6125 0.3125 0.61 0.31875 0.60625 0.320625 0.601875 0.313125 0.59625 0.29 0.596875 0.27625 0.6025 0.265625 0.605 0.265
