1 0.541875 0.2484375 0.01625 0.051875
1 0.51125 0.8625 0.01625 0.053125
1 0.3753125 0.0965625 0.009375 0.03
1 0.490625 0.4259375 0.015625 0.04625
1 0.5225 0.3221875 0.0175 0.055
1 0.5078125 0.97375 0.021875 0.0525
1 0.433125 0.365 0.030625 0.0725
1 0.4603125 0.675625 0.019375 0.0425
1 0.591875 0.6284375 0.016875 0.05625
1 0.460625 0.6 0.01625 0.048125
1 0.455 0.0915625 0.01375 0.036875
1 0.4121875 0.3925 0.014375 0.0425
1 0.54125 0.5940625 0.019375 0.066875
1 0.443125 0.623125 0.018125 0.04375
1 0.5878125 0.964375 0.015625 0.0525
1 0.4790625 0.7253125 0.01375 0.045
1 0.5253125 0.1153125 0.013125 0.028125
1 0.37625 0.230625 0.0125 0.025625
1 0.4240625 0.0765625 0.014375 0.04625
1 0.5528125 0.4315625 0.015625 0.033125
1 0.551875 0.5440625 0.011875 0.025
1 0.5790625 0.728125 0.01875 0.046875
1 0.4734375 0.9075 0.009375 0.02375
1 0.5803125 0.883125 0.01375 0.03625
1 0.379375 0.014375 0.01 0.01875
1 0.4671875 0.8628125 0.010625 0.023125
1 0.5615625 0.8540625 0.01125 0.023125
1 0.4453125 0.8290625 0.00875 0.0325
1 0.4825 0.58625 0.0125 0.03125
1 0.49 0.8121875 0.01 0.02375
1 0.4109375 0.253125 0.024375 0.06625
1 0.41875 0.216875 0.015625 0.0375
1 0.4646875 0.945625 0.013125 0.0425
1 0.4346875 0.555625 0.009375 0.02125
1 0.5321875 0.778125 0.015625 0.061875
1 0.5609375 0.4778125 0.016875 0.05
1 0.4790625 0.536875 0.01125 0.0325
1 0.5 0.6496875 0.01125 0.0275
1 0.47125 0.2953125 0.01 0.02625
1 0.5259375 0.438125 0.011875 0.020625
1 0.52875 0.39125 0.010625 0.019375
1 0.4575 0.7340625 0.009375 0.02
1 0.5609375 0.914375 0.01 0.023125
1 0.5615625 0.7759375 0.008125 0.0225
1 0.5484375 0.3825 0.01 0.02125
1 0.615 0.876875 0.011875 0.036875
1 0.4390625 0.6925 0.008125 0.014375
1 0.490625 0.354375 0.010625 0.019375
1 0.4246875 0.29375 0.00875 0.015625
1 0.5484375 0.7996875 0.01125 0.033125
1 0.5540625 0.740625 0.009375 0.02875
1 0.590625 0.851875 0.01125 0.025625
