1 0.308125 0.413125 0.324375 0.415 0.34875 0.423125 0.35125 0.425 0.35125 0.42875 0.338125 0.4325 0.311875 0.42875 0.296875 0.423125 0.2925 0.418125 0.294375 0.414375 0.3075 0.413125
1 0.271875 0.56875 0.279375 0.570625 0.281875 0.574375 0.275625 0.578125 0.260625 0.578125 0.254375 0.574375 0.259375 0.569375 0.27125 0.56875
1 0.636875 0.62375 0.64125 0.6275 0.635 0.631875 0.623125 0.630625 0.621875 0.625625 0.6275 0.623125 0.63625 0.62375
1 0.370625 0.43375 0.38 0.43875 0.3725 0.4425 0.376875 0.444375 0.3775 0.449375 0.36125 0.445625 0.36375 0.4425 0.36375 0.435625 0.37 0.43375
1 0.275 0.596875 0.279375 0.601875 0.27625 0.604375 0.264375 0.603125 0.26125 0.599375 0.26625 0.596875 0.274375 0.596875
1 0.476875 0.61375 0.525 0.619375 0.51 0.625 0.505625 0.63125 0.50125 0.633125 0.49 0.6325 0.465 0.621875 0.445 0.619375 0.444375 0.61625 0.44875 0.614375 0.47625 0.61375
1 0.71125 0.5425 0.730625 0.548125 0.731875 0.55375 0.728125 0.555625 0.711875 0.55375 0.693125 0.5475 0.693125 0.5425 0.710625 0.5425
1 0.144375 0.613125 0.1475 0.61625 0.1425 0.619375 0.131875 0.619375 0.12875 0.615625 0.13625 0.6125 0.14375 0.613125
1 0.564375 0.568125 0.575 0.57125 0.575625 0.574375 0.5675 0.576875 0.555625 0.574375 0.556875 0.569375 0.56375 0.568125
1 0.43625 0.44 0.4975 0.46 0.50125 0.46375 0.491875 0.4675 0.458125 0.46625 0.421875 0.458125 0.393125 0.45625 0.38625 0.45375 0.38125 0.449375 0.384375 0.445 0.411875 0.44375 0.42375 0.43875 0.435625 0.44
1 0.470625 0.613125 0.525 0.619375 0.510625 0.625 0.501875 0.633125 0.491875 0.633125 0.470625 0.62375 0.45375 0.62125 0.445 0.6225 0.44 0.63 0.42875 0.63125 0.410625 0.630625 0.391875 0.625625 0.390625 0.62125 0.4 0.6175 0.425625 0.618125 0.47 0.613125
1 0.661875 0.490625 0.67375 0.494375 0.676875 0.4975 0.668125 0.500625 0.654375 0.494375 0.655625 0.49125 0.66125 0.490625
1 0.366875 0.61375 0.37375 0.6175 0.37375 0.6225 0.363125 0.62625 0.35 0.6225 0.35375 0.614375 0.36625 0.61375
1 0.1675 0.39375 0.173125 0.391875 0.18375 0.393125 0.191875 0.396875 0.19375 0.400625 0.181875 0.401875 0.171875 0.4 0.166875 0.3975 0.1675 0.394375
1 0.364375 0.515625 0.390625 0.521875 0.396875 0.525625 0.396875 0.53 0.381875 0.53125 0.35875 0.528125 0.345 0.523125 0.34375 0.518125 0.345625 0.516875 0.36375 0.515625
1 0.758125 0.5275 0.770625 0.529375 0.780625 0.534375 0.7875 0.539375 0.78875 0.543125 0.778125 0.543125 0.758125 0.53625 0.750625 0.530625 0.7525 0.528125 0.7575 0.528125
1 0.40875 0.508125 0.415 0.511875 0.416875 0.515625 0.411875 0.51875 0.404375 0.5175 0.39875 0.5125 0.4 0.508125 0.408125 0.508125
1 0.154375 0.59125 0.160625 0.595 0.15375 0.599375 0.1475 0.599375 0.1425 0.595625 0.145 0.591875 0.15375 0.59125
1 0.49625 0.553125 0.499375 0.558125 0.495625 0.560625 0.48375 0.560625 0.47625 0.554375 0.481875 0.55 0.495625 0.553125
1 0.544375 0.538125 0.54875 0.541875 0.545 0.545625 0.53375 0.543125 0.534375 0.539375 0.54375 0.538125
1 0.4875 0.526875 0.5075 0.530625 0.515625 0.535 0.524375 0.543125 0.52125 0.546875 0.490625 0.544375 0.465 0.53625 0.461875 0.5325 0.46625 0.5275 0.486875 0.526875
1 0.17875 0.62375 0.18375 0.626875 0.18375 0.63 0.176875 0.633125 0.168125 0.6325 0.16375 0.629375 0.17125 0.62375 0.178125 0.62375
1 0.536875 0.4675 0.56375 0.4725 0.60625 0.49125 0.62875 0.505 0.62875 0.50875 0.619375 0.51125 0.609375 0.51125 0.59875 0.508125 0.5775 0.49625 0.556875 0.4925 0.528125 0.48125 0.52375 0.47375 0.5275 0.47 0.53625 0.4675
1 0.2625 0.6175 0.266875 0.61875 0.26875 0.6225 0.2625 0.625 0.25125 0.623125 0.251875 0.61875 0.261875 0.6175
1 0.485625 0.501875 0.46875 0.14
1 0.7725 0.545625 0.778125 0.55 0.774375 0.551875 0.759375 0.549375 0.75875 0.54625 0.760625 0.545 0.771875 0.545625
1 0.535 0.629375 0.53875 0.63375 0.53625 0.636875 0.53125 0.638125 0.52375 0.6375 0.520625 0.633125 0.525 0.63 0.534375 0.629375
1 0.519375 0.523125 0.525 0.525625 0.525 0.529375 0.51875 0.5325 0.510625 0.53125 0.50625 0.528125 0.509375 0.523125 0.51875 0.523125
1 0.890625 0.6125 0.894375 0.61625 0.888125 0.62 0.87625 0.619375 0.8725 0.615625 0.88 0.611875 0.89 0.6125
1 0.884375 0.549375 0.888125 0.5525 0.886875 0.558125 0.87125 0.55375 0.8675 0.55 0.88375 0.549375
1 0.088125 0.36375 0.10625 0.36875 0.111875 0.3725 0.10375 0.375 0.07875 0.37125 0.0775 0.36625 0.0875 0.36375
1 0.060625 0.61625 0.07 0.619375 0.07125 0.623125 0.06625 0.626875 0.058125 0.62875 0.045625 0.628125 0.03875 0.6225 0.045625 0.6175 0.06 0.61625
1 0 0.46375 0.04 0.470625 0.053125 0.47625 0.050625 0.485 0.040625 0.490625 0.031875 0.49125 0.0225 0.48875 0.011875 0.489375 0.00625 0.48625 0 0.486875 0 0.464375
1 0.074375 0.455 0.08125 0.4525 0.091875 0.4525 0.100625 0.455625 0.103125 0.45875 0.096875 0.463125 0.085 0.463125 0.075625 0.46 0.074375 0.455625
1 0.305 0.6125 0.311875 0.603125 0.32125 0.6025 0.323125 0.60625 0.3175 0.61375 0.305625 0.613125
1 0.7775 0.62125 0.783125 0.6225 0.786875 0.62625 0.785625 0.629375 0.78125 0.630625 0.768125 0.630625 0.761875 0.62625 0.765625 0.621875 0.776875 0.62125
1 0.2975 0.62 0.30125 0.6225 0.3025 0.626875 0.30125 0.630625 0.296875 0.633125 0.2875 0.631875 0.280625 0.625 0.285625 0.62 0.296875 0.62
1 0.29625 0.441875 0.30625 0.445 0.311875 0.449375 0.31125 0.455 0.30375 0.4575 0.280625 0.45625 0.24375 0.445625 0.244375 0.4425 0.249375 0.44125 0.295625 0.441875
1 0.576875 0.52625 0.624375 0.52875 0.64 0.5325 0.65375 0.539375 0.655 0.544375 0.650625 0.5475 0.606875 0.548125 0.595625 0.550625 0.588125 0.5475 0.578125 0.539375 0.556875 0.53625 0.5525 0.53375 0.554375 0.52875 0.57625 0.52625
1 0.68 0.52625 0.68625 0.529375 0.685625 0.533125 0.67125 0.5325 0.6675 0.53 0.671875 0.52625 0.679375 0.52625
1 0 0.366875 0.006875 0.36875 0.005625 0.373125 0 0.37375 0 0.3675
1 0.216875 0.500625 0.23 0.508125 0.23 0.511875 0.22375 0.515 0.211875 0.5125 0.195 0.501875 0.203125 0.498125 0.21625 0.500625
1 0.51625 0.513125 0.521875 0.518125 0.518125 0.52125 0.511875 0.52125 0.503125 0.5175 0.503125 0.515 0.50625 0.513125 0.515625 0.513125
1 0.5375 0.4675 0.561875 0.4725 0.575625 0.48 0.58875 0.48375 0.5925 0.4875 0.585 0.495 0.55875 0.4925 0.529375 0.481875 0.524375 0.4775 0.52375 0.47375 0.52875 0.469375 0.536875 0.4675
1 0.716875 0.56 0.725625 0.563125 0.720625 0.564375 0.716875 0.56875 0.688125 0.5675 0.6825 0.564375 0.6825 0.560625 0.685 0.55875 0.71625 0.56
1 0.319375 0.486875 0.335 0.490625 0.34 0.494375 0.339375 0.49875 0.330625 0.500625 0.31125 0.498125 0.303125 0.494375 0.3025 0.490625 0.30625 0.488125 0.31875 0.486875
1 0.175625 0.44375 0.19375 0.449375 0.195 0.453125 0.1875 0.456875 0.158125 0.453125 0.14875 0.44875 0.1475 0.44625 0.151875 0.44375 0.175 0.44375
1 0.2775 0.608125 0.28 0.611875 0.27875 0.613125 0.2425 0.615625 0.22875 0.6125 0.23125 0.60875 0.239375 0.605625 0.26625 0.605 0.276875 0.608125
1 0.28 0.42 0.28875 0.425 0.28625 0.42875 0.283125 0.429375 0.266875 0.42875 0.256875 0.425 0.255625 0.4225 0.256875 0.42 0.263125 0.418125 0.279375 0.42
1 0.203125 0.605 0.206875 0.609375 0.2025 0.6125 0.196875 0.6125 0.19375 0.609375 0.195625 0.605625 0.2025 0.605
1 0.590625 0.62375 0.59375 0.628125 0.589375 0.63125 0.570625 0.63 0.56875 0.62625 0.579375 0.6225 0.59 0.62375
1 0.435625 0.618125 0.439375 0.62 0.4425 0.626875 0.43875 0.63 0.42625 0.63125 0.3975 0.628125 0.3925 0.62625 0.39 0.621875 0.39875 0.6175 0.435 0.618125
1 0.25875 0.515625 0.283125 0.520625 0.291875 0.525 0.29375 0.528125 0.29125 0.533125 0.279375 0.536875 0.255 0.530625 0.250625 0.5225 0.25875 0.51625
1 0.214375 0.428125 0.21875 0.431875 0.21625 0.434375 0.20875 0.434375 0.204375 0.431875 0.206875 0.428125 0.21375 0.428125
1 0.710625 0.525 0.7225 0.53125 0.72125 0.535625 0.701875 0.535 0.691875 0.5325 0.6925 0.528125 0.7025 0.524375 0.71 0.525
1 0.78375 0.55875 0.7975 0.56375 0.78875 0.5675 0.775625 0.565 0.771875 0.561875 0.774375 0.558125 0.783125 0.55875
1 0.24 0.5275 0.241875 0.5325 0.23375 0.53375 0.221875 0.533125 0.21875 0.529375 0.226875 0.525625 0.239375 0.5275
1 0.819375 0.58 0.8225 0.585 0.814375 0.588125 0.80625 0.586875 0.804375 0.585 0.805 0.58125 0.80875 0.579375 0.81875 0.58
1 0.55375 0.5075 0.561875 0.511875 0.5575 0.51375 0.544375 0.511875 0.544375 0.508125 0.553125 0.5075
1 0.93 0.613125 0.965625 0.615625 0.976875 0.62 0.9775 0.623125 0.9725 0.626875 0.944375 0.633125 0.92125 0.630625 0.911875 0.625625 0.906875 0.62 0.90875 0.615 0.929375 0.613125
1 0.10375 0.385625 0.1175 0.38875 0.119375 0.39375 0.114375 0.395625 0.0925 0.393125 0.09125 0.389375 0.093125 0.3875 0.103125 0.385625
1 0.275625 0.50875 0.29 0.513125 0.29375 0.515625 0.294375 0.51875 0.279375 0.518125 0.27125 0.52 0.260625 0.5175 0.25625 0.511875 0.260625 0.50875 0.275 0.50875
1 0.185 0.403125 0.199375 0.40875 0.200625 0.41125 0.195 0.414375 0.181875 0.41375 0.166875 0.4075 0.17125 0.403125 0.184375 0.403125
1 0.256875 0.47875 0.264375 0.48375 0.263125 0.4875 0.25875 0.48875 0.245625 0.488125 0.238125 0.48375 0.23875 0.480625 0.243125 0.478125 0.25625 0.47875
1 0.13 0.59875 0.1375 0.60125 0.138125 0.605625 0.1275 0.60875 0.118125 0.608125 0.1125 0.605 0.11625 0.600625 0.129375 0.59875
1 0.375 0.473125 0.3825 0.476875 0.378125 0.48125 0.36875 0.480625 0.365625 0.4775 0.368125 0.47375 0.374375 0.473125
1 0.735625 0.55875 0.758125 0.56375 0.763125 0.566875 0.76 0.56875 0.735625 0.568125 0.725625 0.565625 0.72125 0.56375 0.724375 0.559375 0.735 0.55875
1 0.420625 0.534375 0.430625 0.5375 0.4325 0.54 0.429375 0.541875 0.416875 0.54125 0.408125 0.538125 0.406875 0.535625 0.40875 0.534375 0.42 0.534375
1 0.764375 0.515 0.77875 0.52125 0.783125 0.52625 0.74875 0.51625 0.75 0.513125 0.76375 0.515
1 0.57625 0.526875 0.58875 0.5275 0.59625 0.5325 0.585 0.53875 0.560625 0.536875 0.551875 0.5325 0.5525 0.529375 0.55625 0.528125 0.575625 0.526875
1 0.1175 0.485625 0.1225 0.4875 0.123125 0.49125 0.12 0.4925 0.11125 0.491875 0.106875 0.488125 0.109375 0.485625 0.116875 0.485625
1 0.733125 0.580625 0.74125 0.58375 0.741875 0.588125 0.7325 0.591875 0.713125 0.591875 0.705625 0.589375 0.70375 0.585 0.71125 0.58 0.7325 0.580625
1 0.369375 0.57625 0.380625 0.58125 0.37625 0.585625 0.366875 0.5875 0.348125 0.585625 0.34625 0.58125 0.3525 0.5775 0.36875 0.57625
1 0.3225 0.519375 0.341875 0.52375 0.35 0.531875 0.344375 0.535625 0.32 0.533125 0.304375 0.526875 0.303125 0.521875 0.30625 0.52 0.321875 0.519375
1 0.130625 0.374375 0.17375 0.378125 0.18625 0.38625 0.183125 0.38875 0.158125 0.388125 0.13375 0.383125 0.119375 0.37625 0.13 0.374375
1 0.1575 0.491875 0.16125 0.494375 0.161875 0.4975 0.1575 0.503125 0.13875 0.50125 0.135625 0.498125 0.14375 0.49125 0.156875 0.491875
1 0.591875 0.518125 0.595 0.521875 0.5925 0.525625 0.586875 0.525625 0.57625 0.520625 0.579375 0.516875 0.59125 0.518125
1 0.228125 0.41875 0.23125 0.421875 0.2275 0.425 0.21875 0.425 0.2125 0.421875 0.215625 0.4175 0.2275 0.41875
1 0.8475 0.5625 0.855 0.563125 0.8625 0.566875 0.863125 0.57125 0.853125 0.57125 0.84375 0.5675 0.84125 0.56375 0.846875 0.5625
1 0.648125 0.50125 0.661875 0.505625 0.6625 0.50875 0.654375 0.51 0.64375 0.509375 0.636875 0.505625 0.638125 0.501875 0.6475 0.50125
1 0.056875 0.415625 0.061875 0.42 0.0575 0.42375 0.05 0.4225 0.04625 0.41875 0.049375 0.415625 0.05625 0.415625
1 0.41625 0.469375 0.4325 0.47 0.445 0.473125 0.453125 0.478125 0.454375 0.480625 0.45125 0.481875 0.433125 0.48125 0.406875 0.47375 0.405 0.47 0.415625 0.469375
1 0.009375 0.39 0.044375 0.394375 0.04625 0.398125 0.043125 0.40125 0.033125 0.404375 0.021875 0.404375 0 0.399375 0 0.39125 0.00875 0.39
1 0.456875 0.48875 0.461875 0.490625 0.464375 0.494375 0.459375 0.496875 0.445 0.494375 0.445 0.49 0.45625 0.48875
1 0.788125 0.538125 0.795 0.543125 0.793125 0.5475 0.785625 0.5475 0.776875 0.544375 0.771875 0.539375 0.775625 0.535625 0.7875 0.538125
1 0.566875 0.555625 0.5775 0.558125 0.579375 0.56125 0.575625 0.563125 0.555625 0.5625 0.55375 0.560625 0.555 0.556875 0.56625 0.555625
1 0.34375 0.611875 0.36875 0.614375 0.373125 0.618125 0.373125 0.621875 0.365625 0.625625 0.34 0.62625 0.326875 0.625 0.323125 0.623125 0.32125 0.61875 0.331875 0.6125 0.343125 0.611875
1 0.595625 0.4925 0.609375 0.495 0.628125 0.504375 0.63 0.50875 0.61 0.51125 0.59375 0.50625 0.5875 0.501875 0.5875 0.4975 0.595 0.493125
1 0.0875 0.498125 0.11625 0.504375 0.124375 0.51 0.125625 0.511875 0.123125 0.515 0.105625 0.516875 0.079375 0.51625 0.060625 0.508125 0.058125 0.505 0.06375 0.500625 0.07125 0.50125 0.07375 0.49875 0.086875 0.498125
1 0.136875 0.39375 0.15 0.396875 0.151875 0.400625 0.146875 0.403125 0.13 0.400625 0.126875 0.398125 0.1275 0.395625 0.13625 0.394375
1 0.384375 0.541875 0.39375 0.543125 0.3975 0.546875 0.398125 0.55 0.390625 0.555 0.378125 0.555 0.373125 0.5525 0.374375 0.54625 0.38375 0.541875
1 0.20375 0.631875 0.2075 0.63375 0.208125 0.636875 0.203125 0.639375 0.1925 0.639375 0.188125 0.636875 0.1925 0.631875 0.203125 0.631875
1 0.23125 0.62375 0.240625 0.628125 0.255 0.629375 0.255625 0.633125 0.230625 0.63625 0.22375 0.63625 0.219375 0.63375 0.225625 0.625 0.230625 0.62375
