1 0.5546875 0.6303125 0.031875 0.016875
1 0.714375 0.63375 0.035625 0.01875
1 0.4265625 0.5971875 0.02375 0.01375
1 0.95 0.6409375 0.056875 0.028125
1 0.0853125 0.500625 0.03 0.020625
1 0.5946875 0.6475 0.02625 0.013125
1 0.83 0.63 0.036875 0.02125
1 0.256875 0.6053125 0.044375 0.0175
1 0.164375 0.5265625 0.03875 0.0175
1 0.365625 0.5990625 0.026875 0.01375
1 0.5084375 0.626875 0.030625 0.013125
1 0.896875 0.5471875 0.024375 0.0175
1 0.0278125 0.5640625 0.038125 0.025
1 0.8509375 0.6515625 0.021875 0.010625
1 0.044375 0.513125 0.030625 0.014375
1 0.9346875 0.558125 0.0325 0.025
1 0.459375 0.51625 0.02875 0.015
1 0.7528125 0.57 0.03125 0.013125
1 0.3340625 0.5740625 0.02125 0.010625
1 0.7371875 0.55 0.0175 0.0125
1 0.2578125 0.514375 0.039375 0.019375
1 0.6778125 0.5275 0.01375 0.009375
1 0.20625 0.5340625 0.024375 0.01375
1 0.471875 0.62625 0.025 0.019375
1 0.1975 0.6 0.0325 0.01375
1 0.5059375 0.5403125 0.01625 0.010625
1 0.7546875 0.6415625 0.01625 0.010625
1 0.1225 0.5290625 0.026875 0.013125
1 0.92 0.576875 0.035 0.013125
1 0.6896875 0.6115625 0.025 0.010625
1 0.01875 0.59625 0.03 0.0125
1 0.31 0.56375 0.020625 0.01125
1 0.3440625 0.5096875 0.025625 0.0175
1 0.8784375 0.6115625 0.0425 0.015625
1 0.449375 0.5546875 0.016875 0.01
1 0.8534375 0.5615625 0.015625 0.009375
1 0.0865625 0.56 0.03125 0.01625
1 0.3890625 0.53125 0.01375 0.009375
1 0.635 0.650625 0.02 0.00875
1 0.0159375 0.6125 0.01875 0.01125
1 0.19125 0.5034375 0.015 0.00875
1 0.3178125 0.53375 0.01625 0.010625
1 0.2796875 0.4971875 0.0175 0.00625
1 0.2675 0.5425 0.019375 0.010625
1 0.1634375 0.5703125 0.035625 0.024375
1 0.635625 0.586875 0.02 0.008125
1 0.2078125 0.5778125 0.01625 0.01875
1 0.369375 0.5203125 0.02375 0.014375
1 0.2246875 0.5059375 0.01375 0.0075
1 0.883125 0.629375 0.029375 0.01875
1 0.9103125 0.5265625 0.011875 0.0075
1 0.7525 0.604375 0.013125 0.0075
1 0.1203125 0.5646875 0.014375 0.01375
1 0.5971875 0.49 0.046875 0.005
