1 0.56375 0.323125 0.565 0.349375 0.563125 0.355 0.56125 0.424375 0.559375 0.428125 0.560625 0.449375 0.554375 0.475 0.550625 0.47 0.550625 0.433125 0.555625 0.380625 0.555 0.355625 0.55875 0.32875 0.56 0.324375 0.563125 0.323125
1 0.425625 0.88875 0.429375 0.89375 0.430625 0.905625 0.428125 0.93625 0.42875 0.9775 0.425 0.99125 0.421875 0.988125 0.42 0.976875 0.420625 0.899375 0.421875 0.891875 0.425 0.88875
1 0.5553125 0.1421875 0.013125 0.070625
1 0.543125 0.619375 0.545625 0.62875 0.544375 0.64125 0.548125 0.655 0.548125 0.705625 0.550625 0.720625 0.549375 0.744375 0.545625 0.755 0.539375 0.759375 0.53625 0.7525 0.538125 0.65625 0.540625 0.6375 0.539375 0.629375 0.5425 0.62
1 0.453125 0.755 0.4475 0.740625 0.445625 0.716875 0.445625 0.688125 0.449375 0.67375 0.45625 0.67 0.459375 0.675 0.46125 0.70125 0.46 0.743125 0.45625 0.75375 0.45375 0.754375
1 0.5225 0.999375 0.52125 0.990625 0.525625 0.94875 0.531875 0.92125 0.535625 0.915625 0.539375 0.919375 0.540625 0.926875 0.5375 0.978125 0.53375 0.999375 0.523125 0.999375
1 0.52375 0.5975 0.526875 0.60125 0.52875 0.6125 0.53 0.659375 0.523125 0.685625 0.511875 0.699375 0.509375 0.6725 0.509375 0.62625 0.51375 0.600625 0.51875 0.59625 0.523125 0.5975
1 0.47875 0.999375 0.475 0.994375 0.474375 0.989375 0.48125 0.9325 0.484375 0.9325 0.48625 0.935625 0.485625 0.9875 0.483125 0.99625 0.479375 0.999375
1 0.48625 0.0975 0.015 0.0825
1 0.538125 0 0.55125 0 0.550625 0.01875 0.54625 0.02625 0.54125 0.023125 0.53875 0.0175 0.538125 0.000625
1 0.42875 0.220625 0.433125 0.2225 0.435625 0.22875 0.43625 0.263125 0.4325 0.284375 0.428125 0.285625 0.425 0.281875 0.421875 0.256875 0.424375 0.226875 0.428125 0.22125
1 0.51 0 0.52125 0 0.52 0.039375 0.515625 0.045 0.51 0.03625 0.51 0.000625
1 0.474375 0.261875 0.4775 0.268125 0.47875 0.29375 0.4775 0.31875 0.47375 0.325 0.4675 0.324375 0.464375 0.318125 0.46625 0.266875 0.469375 0.2625 0.47375 0.261875
1 0.431875 0.7628125 0.015 0.106875
1 0.495625 0.999375 0.5 0.951875 0.504375 0.941875 0.506875 0.99625 0.50625 0.999375 0.49625 0.999375
1 0.4528125 0.15 0.009375 0.04
1 0.539375 0.28125 0.539375 0.31875 0.53375 0.36125 0.528125 0.370625 0.520625 0.396875 0.515625 0.398125 0.510625 0.393125 0.50875 0.386875 0.511875 0.3175 0.514375 0.30625 0.5225 0.2975 0.525625 0.300625 0.53375 0.284375 0.53875 0.281875
1 0.42875 0.42125 0.4325 0.428125 0.433125 0.44125 0.4325 0.45125 0.428125 0.46375 0.424375 0.460625 0.42125 0.446875 0.423125 0.425625 0.428125 0.42125
1 0.460625 0.5025 0.46625 0.505 0.46875 0.5125 0.46625 0.5475 0.461875 0.554375 0.4375 0.5675 0.434375 0.5675 0.43125 0.56375 0.426875 0.54 0.43 0.514375 0.435 0.50625 0.45 0.50625 0.46 0.5025
1 0.44375 0 0.4575 0 0.456875 0.0475 0.453125 0.0625 0.44875 0.0575 0.44375 0.000625
1 0.421875 0.615625 0.42625 0.620625 0.426875 0.631875 0.425625 0.6475 0.42125 0.655625 0.418125 0.655625 0.415 0.65125 0.413125 0.636875 0.414375 0.62 0.416875 0.61625 0.42125 0.615625
1 0.453125 0.26375 0.456875 0.266875 0.4575 0.281875 0.456875 0.299375 0.454375 0.3075 0.451875 0.30875 0.449375 0.306875 0.448125 0.3 0.44875 0.2675 0.4525 0.264375
1 0.44625 0.375 0.450625 0.38 0.4525 0.3975 0.448125 0.410625 0.443125 0.414375 0.4375 0.406875 0.436875 0.385625 0.44 0.378125 0.445625 0.375
1 0.54 0.08375 0.543125 0.09 0.546875 0.12375 0.544375 0.146875 0.54 0.155625 0.53625 0.1575 0.531875 0.151875 0.53125 0.123125 0.53375 0.09 0.535 0.085 0.539375 0.08375
1 0.575 0.104375 0.01125 0.045
