1 0.4975 0.61875 0.489375 0.62 0.495 0.62375 0.49875 0.62125
1 0.51625 0.619375 0.515 0.623125 0.52125 0.623125 0.520625 0.618125 0.523125 0.61625
1 0.528125 0.61625 0.524375 0.61875 0.525 0.620625 0.533125 0.620625 0.53625 0.61625
1 0.560625 0.62375 0.559375 0.62625 0.563125 0.63 0.585625 0.63125 0.601875 0.6275 0.609375 0.6225 0.60125 0.618125 0.586875 0.618125 0.5675 0.619375 0.565 0.623125
1 0.47625 0.61875 0.474375 0.619375 0.4775 0.62125 0.484375 0.62125 0.49375 0.631875 0.50625 0.633125 0.535625 0.62125 0.55375 0.620625 0.554375 0.6175 0.553125 0.615625 0.52125 0.615
1 0.63625 0.44125 0.640625 0.4425 0.641875 0.44625 0.633125 0.450625 0.6225 0.450625 0.619375 0.44625 0.62875 0.44125 0.635625 0.44125
1 0.3725 0.623125 0.3775 0.625625 0.376875 0.63 0.373125 0.631875 0.36375 0.631875 0.358125 0.628125 0.3625 0.623125 0.371875 0.623125
1 0.74125 0.61625 0.74875 0.619375 0.7475 0.62375 0.74125 0.625 0.73375 0.623125 0.733125 0.618125 0.740625 0.616875
1 0.854375 0.49 0.8575 0.494375 0.843125 0.496875 0.836875 0.495 0.838125 0.490625 0.844375 0.48875 0.85375 0.49
1 0.633125 0.43375 0.636875 0.43875 0.63 0.444375 0.62 0.439375 0.62 0.43625 0.621875 0.434375 0.6325 0.43375
1 0.429375 0.525625 0.445625 0.52875 0.446875 0.5325 0.441875 0.535625 0.41875 0.54 0.40125 0.55375 0.38625 0.549375 0.35 0.548125 0.344375 0.545 0.345 0.539375 0.358125 0.5325 0.37375 0.52875 0.383125 0.528125 0.394375 0.530625 0.42125 0.525 0.42875 0.525625
1 0.155 0.5625 0.158125 0.56375 0.155625 0.5675 0.1475 0.570625 0.139375 0.570625 0.138125 0.5675 0.145 0.56375 0.154375 0.5625
1 0.7375 0.50875 0.741875 0.51 0.743125 0.514375 0.730625 0.519375 0.70625 0.51875 0.70625 0.515625 0.720625 0.509375 0.736875 0.50875
1 0.83 0.40375 0.833125 0.406875 0.831875 0.40875 0.815625 0.414375 0.803125 0.41375 0.79875 0.41125 0.800625 0.406875 0.813125 0.403125 0.829375 0.40375
1 0.233125 0.6225 0.23625 0.625625 0.235625 0.629375 0.22875 0.63125 0.21625 0.630625 0.211875 0.62625 0.2175 0.621875 0.2325 0.6225
1 0.74375 0.42 0.745 0.4225 0.7425 0.425 0.72625 0.429375 0.7125 0.42875 0.71125 0.425 0.715 0.421875 0.728125 0.418125 0.743125 0.42
1 0.65 0.515625 0.655625 0.51875 0.65125 0.524375 0.6225 0.530625 0.60375 0.53 0.6025 0.52625 0.605625 0.52375 0.636875 0.515625 0.649375 0.515625
1 0.685625 0.6025 0.695625 0.611875 0.693125 0.613125 0.681875 0.6125 0.681875 0.609375 0.678125 0.608125 0.676875 0.605625 0.679375 0.6025 0.685 0.6025
1 0.2475 0.513125 0.25 0.515 0.248125 0.5175 0.22125 0.525625 0.21875 0.525625 0.219375 0.5225 0.226875 0.5175 0.236875 0.51375 0.246875 0.513125
1 0.599375 0.6175 0.60875 0.62125 0.606875 0.62625 0.584375 0.63125 0.559375 0.629375 0.55625 0.62625 0.559375 0.61875 0.59875 0.6175
1 0.7425 0.518125 0.7475 0.521875 0.7475 0.53 0.74375 0.5325 0.72375 0.53625 0.713125 0.53625 0.705625 0.533125 0.704375 0.528125 0.70625 0.52375 0.7225 0.51875 0.741875 0.518125
1 0.29625 0.525 0.305625 0.52875 0.30625 0.5325 0.28375 0.535625 0.275625 0.534375 0.275625 0.53125 0.29 0.525 0.295625 0.525
1 0.71 0.619375 0.71625 0.62125 0.718125 0.62625 0.715 0.63 0.7075 0.633125 0.7 0.631875 0.6975 0.625625 0.69875 0.621875 0.709375 0.619375
1 0.76125 0.60625 0.77 0.61125 0.76625 0.615 0.724375 0.614375 0.7175 0.6125 0.719375 0.6075 0.72875 0.605 0.760625 0.60625
1 0.976875 0.3975 0.04625 0.01375
1 0.574375 0.43875 0.589375 0.445 0.614375 0.445625 0.61625 0.449375 0.6125 0.45375 0.605 0.45625 0.576875 0.458125 0.54375 0.465625 0.521875 0.4675 0.505625 0.466875 0.499375 0.46375 0.501875 0.46125 0.566875 0.43875 0.57375 0.43875
1 0.918125 0.365 0.9225 0.369375 0.919375 0.3725 0.9025 0.375 0.8925 0.37375 0.8925 0.369375 0.906875 0.365 0.9175 0.365
1 0.454375 0.5075 0.454375 0.511875 0.449375 0.51375 0.4425 0.51375 0.440625 0.511875 0.44125 0.508125 0.45375 0.5075
1 0.2275 0.559375 0.22625 0.56375 0.215 0.5675 0.204375 0.56625 0.2025 0.5625 0.22 0.558125 0.226875 0.559375
1 0.30625 0.543125 0.30625 0.546875 0.3 0.55 0.2775 0.555625 0.269375 0.554375 0.2675 0.550625 0.275 0.545 0.28 0.543125 0.305625 0.543125
1 0.61875 0.541875 0.62625 0.549375 0.620625 0.554375 0.606875 0.554375 0.5975 0.546875 0.605625 0.543125 0.618125 0.541875
1 0.495625 0.514375 0.495625 0.519375 0.485625 0.52125 0.47875 0.519375 0.48 0.514375 0.4875 0.5125 0.495 0.514375
1 0.16125 0.549375 0.164375 0.550625 0.159375 0.554375 0.150625 0.554375 0.15 0.551875 0.15125 0.55 0.160625 0.549375
1 0.873125 0.598125 0.885625 0.601875 0.88625 0.605625 0.88 0.608125 0.865 0.606875 0.8625 0.605625 0.861875 0.601875 0.8725 0.59875
1 0.774375 0.625625 0.77875 0.63375 0.766875 0.63625 0.746875 0.635 0.74375 0.633125 0.74375 0.629375 0.768125 0.623125 0.77375 0.625625
1 0.793125 0.42875 0.795625 0.431875 0.789375 0.434375 0.781875 0.43375 0.781875 0.42875 0.7925 0.42875
1 0.423125 0.5175 0.425 0.51875 0.423125 0.5225 0.411875 0.525 0.40375 0.5225 0.406875 0.518125 0.413125 0.51625 0.4225 0.5175
1 0.315625 0.528125 0.326875 0.525625 0.33125 0.52875 0.328125 0.5325 0.3175 0.53375 0.314375 0.5325 0.315625 0.52875
1 0.19125 0.58 0.195 0.585 0.18875 0.588125 0.17875 0.586875 0.176875 0.58375 0.178125 0.580625 0.181875 0.579375 0.190625 0.58
1 0.846875 0.44375 0.85125 0.445625 0.85 0.449375 0.825 0.45625 0.808125 0.455625 0.804375 0.453125 0.80625 0.44875 0.815625 0.445 0.84625 0.44375
1 0.550625 0.48875 0.555625 0.4925 0.54625 0.4975 0.536875 0.495625 0.53625 0.49125 0.55 0.48875
1 0.80375 0.605625 0.80625 0.60875 0.80375 0.6125 0.796875 0.6125 0.79375 0.609375 0.796875 0.605 0.803125 0.605625
1 0.7725 0.623125 0.779375 0.633125 0.773125 0.635 0.765 0.635 0.75875 0.630625 0.75875 0.62625 0.768125 0.6225 0.771875 0.623125
1 0.28875 0.580625 0.295 0.584375 0.29375 0.589375 0.275 0.5925 0.258125 0.58875 0.258125 0.583125 0.269375 0.58 0.288125 0.580625
1 0.703125 0.414375 0.70625 0.41875 0.7025 0.423125 0.686875 0.42875 0.67 0.43125 0.650625 0.43 0.6475 0.428125 0.6475 0.424375 0.658125 0.419375 0.681875 0.414375 0.7025 0.414375
1 0.87125 0.395625 0.8725 0.3975 0.87 0.400625 0.86 0.403125 0.85 0.4025 0.8475 0.400625 0.84875 0.3975 0.859375 0.39375 0.870625 0.395625
1 0.52 0.550625 0.523125 0.553125 0.523125 0.55625 0.516875 0.560625 0.505625 0.560625 0.5 0.556875 0.509375 0.550625 0.519375 0.550625
1 0.238125 0.545 0.23875 0.55 0.22875 0.5525 0.22375 0.551875 0.221875 0.55 0.22375 0.5475 0.2375 0.545
1 0.36 0.501875 0.363125 0.505 0.36 0.508125 0.35125 0.51 0.3375 0.50875 0.338125 0.505 0.348125 0.50125 0.359375 0.501875
1 0.630625 0.473125 0.63375 0.4775 0.62875 0.48125 0.62 0.480625 0.618125 0.47625 0.621875 0.47375 0.63 0.473125
1 0.593125 0.47 0.593125 0.47375 0.560625 0.481875 0.545625 0.480625 0.554375 0.473125 0.563125 0.470625 0.5925 0.47
1 0.471875 0.470625 0.475625 0.476875 0.46875 0.4825 0.43875 0.493125 0.42 0.49625 0.405 0.50625 0.385625 0.51125 0.371875 0.509375 0.37125 0.504375 0.40875 0.4825 0.424375 0.4775 0.42875 0.473125 0.4475 0.469375 0.464375 0.4675 0.47125 0.470625
1 0.464375 0.4675 0.475 0.47375 0.475 0.4775 0.47125 0.48125 0.441875 0.491875 0.421875 0.495 0.40625 0.491875 0.4075 0.485 0.425625 0.47875 0.43625 0.4725 0.46375 0.4675
1 0.745625 0.616875 0.749375 0.619375 0.748125 0.623125 0.74125 0.625 0.73375 0.623125 0.731875 0.619375 0.740625 0.615625 0.745 0.616875
1 0.99125 0.345 0.999375 0.345 0.999375 0.349375 0.994375 0.350625 0.99125 0.34875 0.99125 0.345625
1 0.66375 0.611875 0.673125 0.614375 0.67875 0.619375 0.67625 0.623125 0.668125 0.62625 0.65125 0.624375 0.636875 0.62625 0.62875 0.624375 0.625625 0.620625 0.628125 0.615625 0.636875 0.6125 0.663125 0.611875
1 0.46 0.538125 0.46625 0.539375 0.465625 0.54375 0.45625 0.54625 0.454375 0.54125 0.459375 0.53875
1 0.4425 0.55625 0.44625 0.56 0.4425 0.561875 0.42125 0.560625 0.425 0.55625 0.441875 0.55625
1 0.330625 0.509375 0.333125 0.515 0.3275 0.516875 0.3175 0.51625 0.315625 0.511875 0.325625 0.508125 0.33 0.509375
1 0.919375 0.4525 0.924375 0.454375 0.925 0.458125 0.91375 0.463125 0.9025 0.463125 0.898125 0.46125 0.896875 0.458125 0.904375 0.453125 0.91875 0.4525
1 0.64875 0.578125 0.65375 0.58125 0.65375 0.584375 0.64375 0.5875 0.625625 0.58625 0.618125 0.58125 0.629375 0.57625 0.648125 0.578125
1 0.84875 0.6 0.841875 0.598125 0.839375 0.595625 0.84 0.593125 0.84375 0.59125 0.855 0.591875 0.856875 0.5975 0.849375 0.599375
1 0.890625 0.485625 0.893125 0.4875 0.890625 0.491875 0.8775 0.490625 0.88 0.485625 0.89 0.485625
1 0.7825 0.416875 0.78625 0.418125 0.786875 0.421875 0.779375 0.425 0.7725 0.424375 0.769375 0.420625 0.77375 0.4175 0.781875 0.416875
1 0.421875 0.6225 0.428125 0.625 0.429375 0.62875 0.41875 0.631875 0.4075 0.630625 0.405625 0.625625 0.411875 0.6225 0.42125 0.6225
1 0.9325 0.489375 0.940625 0.48875 0.9425 0.486875 0.943125 0.4775 0.94875 0.473125 0.993125 0.4625 0.999375 0.463125 0.999375 0.4875 0.994375 0.49125 0.98125 0.495 0.9575 0.4975 0.940625 0.50875 0.919375 0.515 0.890625 0.515625 0.87625 0.5125 0.88 0.508125 0.89375 0.5 0.931875 0.489375
1 0.123125 0.549375 0.13375 0.55 0.115 0.558125 0.111875 0.556875 0.1125 0.55 0.1225 0.549375
1 0.484375 0.520625 0.490625 0.521875 0.494375 0.525 0.495 0.529375 0.484375 0.5325 0.475625 0.530625 0.474375 0.525625 0.48375 0.52125
1 0.405 0.495 0.411875 0.498125 0.411875 0.501875 0.408125 0.505 0.390625 0.51125 0.381875 0.511875 0.37125 0.509375 0.37125 0.504375 0.39 0.495625 0.404375 0.495
1 0.588125 0.53375 0.593125 0.53625 0.58875 0.54 0.58125 0.541875 0.57125 0.541875 0.5675 0.539375 0.575 0.535 0.5875 0.53375
1 0.08 0.61375 0.09125 0.615625 0.0925 0.62 0.07875 0.630625 0.064375 0.63375 0.035 0.63 0.024375 0.625625 0.021875 0.623125 0.0225 0.62 0.03875 0.615 0.079375 0.61375
1 0.853125 0.490625 0.861875 0.494375 0.865 0.498125 0.8625 0.50125 0.849375 0.50375 0.840625 0.5025 0.836875 0.495 0.841875 0.490625 0.8525 0.490625
1 0.598125 0.508125 0.600625 0.51125 0.599375 0.515 0.591875 0.51875 0.583125 0.51625 0.58375 0.5125 0.589375 0.50875 0.5975 0.508125
1 0.8775 0.375 0.880625 0.37625 0.875625 0.38 0.836875 0.38875 0.815 0.3875 0.815625 0.383125 0.824375 0.37875 0.83375 0.37625 0.876875 0.375
1 0.75375 0.441875 0.755 0.444375 0.751875 0.446875 0.7225 0.455 0.705625 0.456875 0.69125 0.456875 0.686875 0.453125 0.689375 0.4475 0.700625 0.4425 0.753125 0.441875
1 0.82625 0.62375 0.835 0.62875 0.82875 0.633125 0.81625 0.63 0.81625 0.62625 0.825625 0.62375
1 0.868125 0.61375 0.870625 0.615625 0.869375 0.62 0.85625 0.619375 0.8525 0.61625 0.855625 0.6125 0.8675 0.61375
1 0.76875 0.525 0.77875 0.528125 0.780625 0.5325 0.765625 0.53375 0.75875 0.5325 0.7575 0.529375 0.76125 0.525625 0.768125 0.525
1 0.6721875 0.5425 0.020625 0.0125
1 0.38 0.529375 0.38875 0.5325 0.391875 0.53625 0.386875 0.54375 0.37875 0.546875 0.35 0.5475 0.344375 0.544375 0.345 0.539375 0.35875 0.5325 0.379375 0.53
1 0.529375 0.526875 0.536875 0.530625 0.53625 0.535 0.533125 0.5375 0.514375 0.543125 0.480625 0.546875 0.475 0.544375 0.475625 0.54125 0.490625 0.53125 0.5025 0.528125 0.52875 0.526875
1 0.301875 0.558125 0.316875 0.56 0.3175 0.564375 0.308125 0.566875 0.285625 0.5675 0.275 0.565625 0.273125 0.56375 0.274375 0.560625 0.30125 0.558125
1 0.431875 0.525625 0.44625 0.52875 0.4475 0.533125 0.44125 0.53625 0.426875 0.538125 0.40875 0.536875 0.405 0.533125 0.41625 0.526875 0.43125 0.525625
1 0.759375 0.479375 0.76125 0.484375 0.751875 0.48875 0.738125 0.488125 0.736875 0.481875 0.746875 0.478125 0.75875 0.479375
1 0.5375 0.61375 0.576875 0.618125 0.60375 0.618125 0.609375 0.621875 0.606875 0.62625 0.585 0.63125 0.57375 0.63125 0.559375 0.629375 0.553125 0.62125 0.54125 0.62125 0.523125 0.625 0.508125 0.633125 0.495 0.631875 0.48875 0.62375 0.474375 0.619375 0.49625 0.615625 0.536875 0.61375
1 0.47625 0.63125 0.47875 0.633125 0.47625 0.6375 0.463125 0.636875 0.46 0.63375 0.463125 0.629375 0.475625 0.63125
1 0.995 0.46375 0.999375 0.464375 0.999375 0.48375 0.965625 0.488125 0.949375 0.484375 0.946875 0.480625 0.946875 0.47625 0.949375 0.47375 0.994375 0.46375
1 0.341875 0.49 0.344375 0.49125 0.3425 0.494375 0.331875 0.499375 0.325625 0.498125 0.325 0.495 0.34125 0.49
1 0.950625 0.61625 0.9575 0.61875 0.960625 0.623125 0.958125 0.62625 0.95 0.62875 0.935 0.6275 0.928125 0.62375 0.92875 0.62 0.9325 0.6175 0.93875 0.615625 0.95 0.61625
1 0.44125 0.569375 0.44375 0.57125 0.443125 0.574375 0.43875 0.576875 0.4275 0.57625 0.424375 0.574375 0.424375 0.571875 0.43375 0.568125 0.440625 0.569375
1 0.69375 0.52 0.696875 0.5225 0.69625 0.525625 0.69125 0.529375 0.680625 0.533125 0.658125 0.535625 0.65125 0.535 0.64875 0.5325 0.649375 0.529375 0.656875 0.52375 0.685 0.51875 0.693125 0.52
1 0.95125 0.41625 0.9525 0.420625 0.946875 0.423125 0.93875 0.4225 0.9375 0.418125 0.94375 0.415 0.950625 0.41625
1 0.739375 0.569375 0.74375 0.57125 0.745 0.575 0.7375 0.578125 0.723125 0.578125 0.718125 0.573125 0.725 0.56875 0.73875 0.569375
1 0.824375 0.391875 0.83125 0.393125 0.833125 0.3975 0.826875 0.400625 0.806875 0.401875 0.806875 0.396875 0.82375 0.3925
1 0.7871875 0.5071875 0.034375 0.016875
1 0.224375 0.538125 0.22625 0.539375 0.22125 0.54375 0.206875 0.5475 0.205 0.5425 0.209375 0.53875 0.214375 0.536875 0.22375 0.538125
1 0.835 0.518125 0.83875 0.521875 0.835625 0.525625 0.835 0.533125 0.831875 0.534375 0.808125 0.5325 0.81125 0.528125 0.834375 0.518125
1 0.69125 0.4875 0.696875 0.490625 0.695 0.495625 0.67375 0.500625 0.660625 0.49875 0.660625 0.493125 0.675625 0.4875 0.690625 0.4875
1 0.801875 0.6359375 0.02 0.008125
1 0.53625 0.61375 0.551875 0.615 0.55375 0.61625 0.551875 0.619375 0.52375 0.624375 0.5075 0.633125 0.496875 0.6325 0.489375 0.624375 0.474375 0.619375 0.495 0.615625 0.535625 0.61375
1 0.271875 0.55875 0.278125 0.560625 0.28 0.56375 0.27625 0.56625 0.245625 0.56875 0.235 0.5675 0.24 0.564375 0.255625 0.56 0.27125 0.55875
1 0.904375 0.38625 0.908125 0.38875 0.9075 0.3925 0.891875 0.39625 0.88125 0.394375 0.880625 0.39 0.891875 0.38625 0.90375 0.38625
