1 0.8360128617363344 0.5 0.8392282958199357 0.5 0.842443729903537 0.49411764705882355 0.8520900321543409 0.49411764705882355 0.8585209003215434 0.5058823529411764 0.8585209003215434 0.5117647058823529 0.8617363344051447 0.5176470588235295 0.8617363344051447 0.5235294117647059 0.8553054662379421 0.5235294117647059 0.8520900321543409 0.5294117647058824 0.8392282958199357 0.5294117647058824 0.8392282958199357 0.5117647058823529 0.8360128617363344 0.5058823529411764
1 0.3954983922829582 0.638235294117647 0.10289389067524116 0.06470588235294118
1 0.7395498392282959 0.27647058823529413 0.7427652733118971 0.2823529411764706 0.7395498392282959 0.28823529411764703 0.7395498392282959 0.29411764705882354 0.7363344051446945 0.29411764705882354 0.7331189710610932 0.3 0.7138263665594855 0.3 0.7106109324758842 0.29411764705882354 0.7170418006430869 0.2823529411764706 0.7234726688102894 0.2823529411764706 0.7266881028938906 0.27647058823529413 0.7363344051446945 0.27647058823529413
1 0.752411575562701 0.34705882352941175 0.752411575562701 0.3588235294117647 0.7459807073954984 0.3588235294117647 0.7427652733118971 0.36470588235294116 0.7395498392282959 0.36470588235294116 0.7331189710610932 0.3764705882352941 0.7266881028938906 0.3764705882352941 0.7234726688102894 0.38235294117647056 0.7138263665594855 0.38235294117647056 0.7106109324758842 0.38823529411764707 0.6913183279742765 0.38823529411764707 0.6881028938906752 0.38235294117647056 0.6881028938906752 0.36470588235294116 0.6945337620578779 0.35294117647058826 0.7009646302250804 0.35294117647058826 0.7041800643086816 0.34705882352941175 0.7138263665594855 0.34705882352941175 0.7170418006430869 0.3411764705882353 0.7202572347266881 0.3411764705882353 0.7234726688102894 0.34705882352941175 0.7491961414790996 0.34705882352941175
1 0.5980707395498392 0.8823529411764706 0.6012861736334405 0.888235294117647 0.6045016077170418 0.888235294117647 0.6077170418006431 0.8941176470588236 0.6077170418006431 0.9 0.6045016077170418 0.9058823529411765 0.6012861736334405 0.9058823529411765 0.5980707395498392 0.9117647058823529 0.5916398713826366 0.9117647058823529 0.5884244372990354 0.9176470588235294 0.5627009646302251 0.9176470588235294 0.5594855305466238 0.9117647058823529 0.5562700964630225 0.9117647058823529 0.5562700964630225 0.9058823529411765 0.5627009646302251 0.888235294117647 0.5819935691318328 0.888235294117647 0.5852090032154341 0.8823529411764706 0.594855305466238 0.8823529411764706
1 0.7106109324758842 0.888235294117647 0.7138263665594855 0.8941176470588236 0.7170418006430869 0.8941176470588236 0.7170418006430869 0.9058823529411765 0.707395498392283 0.9235294117647059 0.7009646302250804 0.9235294117647059 0.6977491961414791 0.9176470588235294 0.6977491961414791 0.8941176470588236 0.707395498392283 0.888235294117647
1 0.9485530546623794 0.4411764705882353 0.954983922829582 0.4411764705882353 0.9581993569131833 0.43529411764705883 0.9678456591639871 0.43529411764705883 0.9710610932475884 0.4294117647058823 0.9807073954983923 0.4294117647058823 0.9871382636655949 0.4176470588235294 0.9967845659163987 0.4176470588235294 0.9967845659163987 0.47058823529411764 0.9871382636655949 0.48823529411764705 0.9807073954983923 0.48823529411764705 0.977491961414791 0.49411764705882355 0.9581993569131833 0.49411764705882355 0.9485530546623794 0.4764705882352941 0.9485530546623794 0.4588235294117647 0.9453376205787781 0.45294117647058824 0.9485530546623794 0.4470588235294118
1 0.5755627009646302 0.3411764705882353 0.5819935691318328 0.35294117647058826 0.5852090032154341 0.35294117647058826 0.5884244372990354 0.3588235294117647 0.6141479099678456 0.3588235294117647 0.617363344051447 0.36470588235294116 0.6077170418006431 0.38235294117647056 0.6045016077170418 0.38235294117647056 0.6012861736334405 0.38823529411764707 0.5819935691318328 0.38823529411764707 0.5787781350482315 0.3941176470588235 0.572347266881029 0.3941176470588235 0.5691318327974276 0.4 0.5627009646302251 0.4 0.5594855305466238 0.40588235294117647 0.5530546623794212 0.40588235294117647 0.5498392282958199 0.4117647058823529 0.5434083601286174 0.4117647058823529 0.5401929260450161 0.4176470588235294 0.5016077170418006 0.4176470588235294 0.4983922829581994 0.4117647058823529 0.5080385852090032 0.3941176470588235 0.5112540192926045 0.3941176470588235 0.5144694533762058 0.38823529411764707 0.5176848874598071 0.38823529411764707 0.5209003215434084 0.38235294117647056 0.5241157556270096 0.38235294117647056 0.5273311897106109 0.3764705882352941 0.5305466237942122 0.3764705882352941 0.5337620578778135 0.37058823529411766 0.5434083601286174 0.36470588235294116 0.5594855305466238 0.3411764705882353 0.5627009646302251 0.3411764705882353 0.5659163987138264 0.3352941176470588 0.5691318327974276 0.3352941176470588 0.572347266881029 0.3411764705882353
1 0.9131832797427653 0.11176470588235295 0.9163987138263665 0.11764705882352941 0.9196141479099679 0.11764705882352941 0.9196141479099679 0.12352941176470589 0.9163987138263665 0.12941176470588237 0.9131832797427653 0.12941176470588237 0.909967845659164 0.13529411764705881 0.9035369774919614 0.13529411764705881 0.9003215434083601 0.1411764705882353 0.8906752411575563 0.13529411764705881 0.8906752411575563 0.12941176470588237 0.8938906752411575 0.12352941176470589 0.8971061093247589 0.12352941176470589 0.9003215434083601 0.11764705882352941 0.909967845659164 0.11176470588235295
1 0.8971061093247589 0.38823529411764707 0.9003215434083601 0.38823529411764707 0.9035369774919614 0.38235294117647056 0.9196141479099679 0.38235294117647056 0.9228295819935691 0.38823529411764707 0.9228295819935691 0.3941176470588235 0.9163987138263665 0.40588235294117647 0.8971061093247589 0.40588235294117647 0.8971061093247589 0.3941176470588235
1 0.6945337620578779 0.5882352941176471 0.6945337620578779 0.6 0.6881028938906752 0.611764705882353 0.684887459807074 0.611764705882353 0.6752411575562701 0.6235294117647059 0.6495176848874598 0.6235294117647059 0.6495176848874598 0.611764705882353 0.6559485530546624 0.6 0.6591639871382636 0.6 0.6688102893890675 0.5882352941176471 0.6752411575562701 0.5882352941176471 0.6784565916398714 0.5823529411764706 0.6881028938906752 0.5823529411764706 0.6913183279742765 0.5882352941176471
1 0.9517684887459807 0.8823529411764706 0.9581993569131833 0.8941176470588236 0.9581993569131833 0.9 0.9485530546623794 0.9117647058823529 0.9421221864951769 0.9117647058823529 0.9389067524115756 0.9058823529411765 0.932475884244373 0.9058823529411765 0.9260450160771704 0.8941176470588236 0.932475884244373 0.8823529411764706 0.9485530546623794 0.8823529411764706
1 0.9003215434083601 0.17647058823529413 0.9067524115755627 0.18823529411764706 0.9003215434083601 0.2 0.8842443729903537 0.2 0.8810289389067524 0.19411764705882353 0.8810289389067524 0.18823529411764706 0.8842443729903537 0.18235294117647058 0.8906752411575563 0.18235294117647058 0.8938906752411575 0.17647058823529413 0.8971061093247589 0.17647058823529413
1 0.8263665594855305 0.22941176470588234 0.8295819935691319 0.23529411764705882 0.8295819935691319 0.2411764705882353 0.8231511254019293 0.2529411764705882 0.8167202572347267 0.2529411764705882 0.8135048231511254 0.25882352941176473 0.8006430868167203 0.25882352941176473 0.797427652733119 0.2529411764705882 0.797427652733119 0.24705882352941178 0.8038585209003215 0.23529411764705882 0.8102893890675241 0.23529411764705882 0.8135048231511254 0.22941176470588234 0.8231511254019293 0.22941176470588234
1 0.26688102893890675 0.6882352941176471 0.26688102893890675 0.6705882352941176 0.27009646302250806 0.6647058823529411 0.2733118971061093 0.6647058823529411 0.2765273311897106 0.6588235294117647 0.2861736334405145 0.6588235294117647 0.28938906752411575 0.6529411764705882 0.3054662379421222 0.6529411764705882 0.3054662379421222 0.6647058823529411 0.3022508038585209 0.6647058823529411 0.2958199356913183 0.6764705882352942 0.29260450160771706 0.6764705882352942 0.2829581993569132 0.6882352941176471 0.2765273311897106 0.6882352941176471 0.2733118971061093 0.6941176470588235 0.27009646302250806 0.6882352941176471
1 0.8778135048231511 0.8294117647058824 0.8842443729903537 0.8411764705882353 0.8810289389067524 0.8470588235294118 0.864951768488746 0.8470588235294118 0.8617363344051447 0.8411764705882353 0.8617363344051447 0.8352941176470589 0.864951768488746 0.8294117647058824 0.8745980707395499 0.8294117647058824
1 0.8006430868167203 0.5235294117647059 0.8006430868167203 0.5294117647058824 0.7909967845659164 0.5411764705882353 0.7877813504823151 0.5588235294117647 0.7845659163987139 0.5588235294117647 0.7813504823151125 0.5647058823529412 0.7717041800643086 0.5647058823529412 0.7717041800643086 0.5588235294117647 0.7684887459807074 0.5529411764705883 0.7717041800643086 0.5470588235294118 0.7717041800643086 0.5411764705882353 0.7781350482315113 0.5294117647058824 0.7845659163987139 0.5294117647058824 0.7877813504823151 0.5235294117647059 0.797427652733119 0.5235294117647059
1 0.7556270096463023 0.4588235294117647 0.7588424437299035 0.4647058823529412 0.7588424437299035 0.4764705882352941 0.7556270096463023 0.4823529411764706 0.7363344051446945 0.4823529411764706 0.7363344051446945 0.47058823529411764 0.7427652733118971 0.4588235294117647 0.752411575562701 0.4588235294117647
1 0.8488745980707395 0.35294117647058826 0.8488745980707395 0.36470588235294116 0.8456591639871383 0.37058823529411766 0.842443729903537 0.37058823529411766 0.8392282958199357 0.3764705882352941 0.8327974276527331 0.3764705882352941 0.8295819935691319 0.38235294117647056 0.8231511254019293 0.38235294117647056 0.819935691318328 0.38823529411764707 0.8102893890675241 0.38823529411764707 0.8038585209003215 0.3764705882352941 0.8135048231511254 0.3588235294117647 0.819935691318328 0.3588235294117647 0.8231511254019293 0.35294117647058826 0.8456591639871383 0.35294117647058826
1 0.5369774919614148 0.49411764705882355 0.5401929260450161 0.49411764705882355 0.5434083601286174 0.48823529411764705 0.5530546623794212 0.49411764705882355 0.5530546623794212 0.5 0.5498392282958199 0.5058823529411764 0.5434083601286174 0.5058823529411764 0.5401929260450161 0.5117647058823529 0.5369774919614148 0.5058823529411764 0.5369774919614148 0.5
1 0.28938906752411575 0.7705882352941177 0.29260450160771706 0.7764705882352941 0.29260450160771706 0.7941176470588235 0.28938906752411575 0.7941176470588235 0.2861736334405145 0.8 0.26366559485530544 0.8 0.2604501607717042 0.7941176470588235 0.2572347266881029 0.7941176470588235 0.2572347266881029 0.7764705882352941 0.2604501607717042 0.7764705882352941 0.26366559485530544 0.7705882352941177 0.2861736334405145 0.7705882352941177
1 0.7041800643086816 0.2647058823529412 0.7041800643086816 0.27647058823529413 0.6977491961414791 0.28823529411764703 0.6945337620578779 0.28823529411764703 0.6784565916398714 0.3058823529411765 0.6720257234726688 0.3058823529411765 0.6688102893890675 0.31176470588235294 0.6591639871382636 0.31176470588235294 0.6559485530546624 0.3058823529411765 0.6463022508038585 0.3058823529411765 0.6463022508038585 0.29411764705882354 0.6495176848874598 0.29411764705882354 0.6655948553054662 0.27647058823529413 0.6720257234726688 0.27647058823529413 0.6752411575562701 0.27058823529411763 0.6816720257234726 0.27058823529411763 0.684887459807074 0.2647058823529412 0.7009646302250804 0.2647058823529412
1 0.8617363344051447 0.2 0.8713826366559485 0.21176470588235294 0.8617363344051447 0.2235294117647059 0.8520900321543409 0.2235294117647059 0.8488745980707395 0.21764705882352942 0.8488745980707395 0.21176470588235294 0.8520900321543409 0.20588235294117646 0.8585209003215434 0.20588235294117646
1 0.5176848874598071 0.6764705882352942 0.5209003215434084 0.6823529411764706 0.5209003215434084 0.6941176470588235 0.5112540192926045 0.7058823529411765 0.5080385852090032 0.7058823529411765 0.4983922829581994 0.6941176470588235 0.5048231511254019 0.6823529411764706 0.5144694533762058 0.6764705882352942
1 0.36012861736334406 0.5294117647058824 0.36012861736334406 0.5352941176470588 0.3536977491961415 0.5470588235294118 0.33762057877813506 0.5470588235294118 0.33762057877813506 0.5411764705882353 0.34726688102893893 0.5294117647058824 0.35691318327974275 0.5294117647058824
1 0.5884244372990354 0.43529411764705883 0.5916398713826366 0.43529411764705883 0.5884244372990354 0.4411764705882353 0.5852090032154341 0.4411764705882353 0.5691318327974276 0.4588235294117647 0.5627009646302251 0.4588235294117647 0.5594855305466238 0.4647058823529412 0.5466237942122186 0.4647058823529412 0.5466237942122186 0.45294117647058824 0.5498392282958199 0.4470588235294118 0.5530546623794212 0.4470588235294118 0.5627009646302251 0.43529411764705883 0.5852090032154341 0.43529411764705883
1 0.08360128617363344 0.8705882352941177 0.08681672025723473 0.8764705882352941 0.09003215434083602 0.8764705882352941 0.09003215434083602 0.8941176470588236 0.07395498392282958 0.9235294117647059 0.06430868167202572 0.9235294117647059 0.06109324758842444 0.9294117647058824 0.05787781350482315 0.9235294117647059 0.04501607717041801 0.9235294117647059 0.04180064308681672 0.9176470588235294 0.03536977491961415 0.9176470588235294 0.03215434083601286 0.9117647058823529 0.028938906752411574 0.9117647058823529 0.022508038585209004 0.9 0.022508038585209004 0.888235294117647 0.028938906752411574 0.8764705882352941 0.04180064308681672 0.8764705882352941 0.04501607717041801 0.8705882352941177 0.08038585209003216 0.8705882352941177
1 0.6430868167202572 0.7588235294117647 0.6463022508038585 0.7647058823529411 0.6495176848874598 0.7647058823529411 0.6527331189710611 0.7705882352941177 0.6527331189710611 0.7764705882352941 0.6495176848874598 0.7823529411764706 0.6430868167202572 0.7823529411764706 0.639871382636656 0.788235294117647 0.6334405144694534 0.788235294117647 0.6302250803858521 0.7823529411764706 0.6237942122186495 0.7823529411764706 0.617363344051447 0.7705882352941177 0.6237942122186495 0.7588235294117647 0.639871382636656 0.7588235294117647
1 0.40514469453376206 0.9176470588235294 0.40514469453376206 0.9058823529411765 0.40836012861736337 0.9 0.42443729903536975 0.9 0.42765273311897106 0.9058823529411765 0.42765273311897106 0.9176470588235294 0.4180064308681672 0.9176470588235294 0.41479099678456594 0.9235294117647059 0.4115755627009646 0.9176470588235294 0.40836012861736337 0.9176470588235294
1 0.22186495176848875 0.5823529411764706 0.22508038585209003 0.5823529411764706 0.2315112540192926 0.5705882352941176 0.2347266881028939 0.5705882352941176 0.2379421221864952 0.5647058823529412 0.24758842443729903 0.5647058823529412 0.24758842443729903 0.5705882352941176 0.24115755627009647 0.5823529411764706 0.2347266881028939 0.5823529411764706 0.22508038585209003 0.5941176470588235 0.21864951768488747 0.5941176470588235 0.22186495176848875 0.5882352941176471
1 0.8745980707395499 0.1411764705882353 0.8745980707395499 0.15294117647058825 0.8713826366559485 0.1588235294117647 0.864951768488746 0.1588235294117647 0.8553054662379421 0.17058823529411765 0.8456591639871383 0.17058823529411765 0.8360128617363344 0.18235294117647058 0.819935691318328 0.18235294117647058 0.8167202572347267 0.17647058823529413 0.8135048231511254 0.17647058823529413 0.8135048231511254 0.17058823529411765 0.8167202572347267 0.16470588235294117 0.819935691318328 0.16470588235294117 0.8263665594855305 0.15294117647058825 0.8295819935691319 0.15294117647058825 0.8327974276527331 0.14705882352941177 0.8456591639871383 0.14705882352941177 0.8488745980707395 0.1411764705882353 0.8713826366559485 0.1411764705882353
1 0.6913183279742765 0.48823529411764705 0.6945337620578779 0.49411764705882355 0.6945337620578779 0.5058823529411764 0.6913183279742765 0.5117647058823529 0.684887459807074 0.5117647058823529 0.6816720257234726 0.5176470588235295 0.662379421221865 0.5176470588235295 0.6591639871382636 0.5117647058823529 0.6591639871382636 0.5058823529411764 0.6655948553054662 0.49411764705882355 0.6688102893890675 0.49411764705882355 0.6720257234726688 0.48823529411764705 0.6881028938906752 0.48823529411764705
1 0.5305466237942122 0.6058823529411764 0.5337620578778135 0.611764705882353 0.5337620578778135 0.6294117647058823 0.5305466237942122 0.6352941176470588 0.5241157556270096 0.6352941176470588 0.5209003215434084 0.6411764705882353 0.5176848874598071 0.6411764705882353 0.5112540192926045 0.6529411764705882 0.4983922829581994 0.6529411764705882 0.49517684887459806 0.6588235294117647 0.4758842443729904 0.6588235294117647 0.4758842443729904 0.6470588235294118 0.4887459807073955 0.6235294117647059 0.4919614147909968 0.6235294117647059 0.5016077170418006 0.611764705882353 0.5080385852090032 0.611764705882353 0.5112540192926045 0.6058823529411764 0.5273311897106109 0.6058823529411764
1 0.22508038585209003 0.7058823529411765 0.22508038585209003 0.711764705882353 0.21543408360128619 0.7235294117647059 0.2057877813504823 0.7235294117647059 0.20257234726688103 0.7176470588235294 0.20257234726688103 0.711764705882353 0.2090032154340836 0.711764705882353 0.21221864951768488 0.7058823529411765 0.22186495176848875 0.7058823529411765
1 0.6012861736334405 0.611764705882353 0.6012861736334405 0.6 0.6045016077170418 0.5941176470588235 0.6077170418006431 0.5941176470588235 0.6109324758842444 0.5882352941176471 0.617363344051447 0.5882352941176471 0.6205787781350482 0.5823529411764706 0.6237942122186495 0.5823529411764706 0.6270096463022508 0.5764705882352941 0.6334405144694534 0.5764705882352941 0.6366559485530546 0.5705882352941176 0.6527331189710611 0.5705882352941176 0.6559485530546624 0.5764705882352941 0.6559485530546624 0.5823529411764706 0.6495176848874598 0.5941176470588235 0.6463022508038585 0.5941176470588235 0.6302250803858521 0.611764705882353 0.6045016077170418 0.611764705882353
1 0.7395498392282959 0.7352941176470589 0.7427652733118971 0.7411764705882353 0.7427652733118971 0.7470588235294118 0.7363344051446945 0.7588235294117647 0.7234726688102894 0.7588235294117647 0.7170418006430869 0.7470588235294118 0.7170418006430869 0.7411764705882353 0.7202572347266881 0.7352941176470589 0.7363344051446945 0.7352941176470589
1 0.9967845659163987 0.19411764705882353 0.9967845659163987 0.21176470588235294 0.9935691318327974 0.21764705882352942 0.9839228295819936 0.21764705882352942 0.9807073954983923 0.2235294117647059 0.9614147909967846 0.2235294117647059 0.9581993569131833 0.21764705882352942 0.954983922829582 0.21764705882352942 0.9517684887459807 0.21176470588235294 0.9517684887459807 0.20588235294117646 0.954983922829582 0.2 0.9614147909967846 0.2 0.9646302250803859 0.19411764705882353 0.9935691318327974 0.19411764705882353
1 0.5819935691318328 0.5647058823529412 0.5884244372990354 0.5529411764705883 0.5980707395498392 0.5529411764705883 0.5980707395498392 0.5647058823529412 0.594855305466238 0.5705882352941176 0.5916398713826366 0.5705882352941176 0.5884244372990354 0.5764705882352941 0.5852090032154341 0.5705882352941176
1 0.47266881028938906 0.888235294117647 0.4758842443729904 0.8823529411764706 0.4887459807073955 0.8823529411764706 0.4919614147909968 0.8764705882352941 0.5241157556270096 0.8764705882352941 0.5273311897106109 0.8705882352941177 0.5434083601286174 0.8705882352941177 0.5466237942122186 0.8764705882352941 0.5530546623794212 0.8764705882352941 0.5530546623794212 0.8823529411764706 0.5498392282958199 0.8823529411764706 0.5466237942122186 0.888235294117647 0.5305466237942122 0.888235294117647 0.5241157556270096 0.9 0.5209003215434084 0.9 0.5144694533762058 0.9117647058823529 0.5144694533762058 0.9176470588235294 0.5112540192926045 0.9176470588235294 0.5080385852090032 0.9235294117647059 0.49517684887459806 0.9235294117647059 0.4919614147909968 0.9176470588235294 0.4919614147909968 0.9 0.48231511254019294 0.888235294117647 0.4758842443729904 0.888235294117647
1 0.8295819935691319 0.2 0.8295819935691319 0.21176470588235294 0.8263665594855305 0.21176470588235294 0.8231511254019293 0.21764705882352942 0.8070739549839229 0.21764705882352942 0.8070739549839229 0.20588235294117646 0.8102893890675241 0.20588235294117646 0.819935691318328 0.19411764705882353 0.8231511254019293 0.19411764705882353 0.8263665594855305 0.2
1 0.2733118971061093 0.7058823529411765 0.2765273311897106 0.711764705882353 0.2829581993569132 0.711764705882353 0.2861736334405145 0.7058823529411765 0.31511254019292606 0.7058823529411765 0.31511254019292606 0.7176470588235294 0.31189710610932475 0.7235294117647059 0.28938906752411575 0.7235294117647059 0.2861736334405145 0.7294117647058823 0.24115755627009647 0.7294117647058823 0.2379421221864952 0.7352941176470589 0.2347266881028939 0.7294117647058823 0.2315112540192926 0.7294117647058823 0.2347266881028939 0.7235294117647059 0.2379421221864952 0.7235294117647059 0.24115755627009647 0.7176470588235294 0.24758842443729903 0.7176470588235294 0.2508038585209003 0.711764705882353 0.2572347266881029 0.711764705882353 0.2604501607717042 0.7058823529411765 0.27009646302250806 0.7058823529411765
1 0.4180064308681672 0.49117647058823527 0.1157556270096463 0.1588235294117647
1 0.6495176848874598 0.888235294117647 0.05787781350482315 0.058823529411764705
1 0.7427652733118971 0.8558823529411764 0.05466237942122187 0.03529411764705882
1 0.7652733118971061 0.9205882352941176 0.04180064308681672 0.041176470588235294
1 0.7411575562700965 0.8911764705882353 0.01929260450160772 0.029411764705882353
1 0.8247588424437299 0.9117647058823529 0.01607717041800643 0.029411764705882353
1 0.860128617363344 0.8735294117647059 0.022508038585209004 0.029411764705882353
1 0.8022508038585209 0.8529411764705882 0.01929260450160772 0.029411764705882353
1 0.8038585209003215 0.9411764705882353 0.01929260450160772 0.03529411764705882
1 0.2266881028938907 0.9058823529411765 0.028938906752411574 0.03529411764705882
1 0.12218649517684887 0.8852941176470588 0.022508038585209004 0.029411764705882353
1 0.1832797427652733 0.7735294117647059 0.012861736334405145 0.03529411764705882
1 0.41479099678456594 0.5882352941176471 0.02572347266881029 0.023529411764705882
1 0.9437299035369775 0.27647058823529413 0.022508038585209004 0.03529411764705882
1 0.7781350482315113 0.2852941176470588 0.01929260450160772 0.029411764705882353
1 0.3054662379421222 0.6147058823529412 0.05466237942122187 0.03529411764705882
