1 0.5868224602401818 0.7012263099219621 0.008438818565400843 0.013377926421404682
1 0.41285296981499514 0.47268673355629875 0.4151249594287569 0.47491638795986624 0.41707237909769557 0.48717948717948717 0.41123012009087956 0.49498327759197325 0.4070107108081792 0.4916387959866221 0.4060370009737098 0.4816053511705686 0.4083089905874716 0.4738015607580825 0.41252839987017204 0.47268673355629875
1 0.5121713729308666 0.6410256410256411 0.5293735800064914 0.6443701226309922 0.5322947095098994 0.6477146042363434 0.5329438493995456 0.6544035674470458 0.5296981499513145 0.6599777034559643 0.5121713729308666 0.6566332218506131 0.5079519636481662 0.6465997770345596 0.5118468029860435 0.6421404682274248
1 0.4459591041869523 0.6053511705685619 0.4495293735800065 0.6053511705685619 0.4495293735800065 0.6164994425863991 0.4459591041869523 0.6164994425863991 0.4459591041869523 0.6064659977703456
1 0.016877637130801686 0.5785953177257525 0.023044466082440766 0.5841694537346711 0.023369036027263874 0.5897435897435898 0.016553067185978577 0.5964325529542921 0.009087958455047063 0.5953177257525084 0.006815968841285297 0.5886287625418061 0.009737098344693282 0.5797101449275363 0.016553067185978577 0.5785953177257525
1 0.2453748782862707 0.39018952062430323 0.25089256734826354 0.40245261984392416 0.25511197663096397 0.42474916387959866 0.25024342745861733 0.44258639910813824 0.24018175916910095 0.4459308807134894 0.22395326192794549 0.443701226309922 0.2171372930866602 0.4258639910813824 0.21648815319701395 0.41471571906354515 0.21940928270042195 0.40022296544035674 0.22362869198312235 0.3935340022296544 0.2450503083414476 0.39018952062430323
1 0.22784810126582278 0.5953177257525084 0.23012009087958454 0.6053511705685619 0.2252515417072379 0.6109253065774805 0.22038299253489127 0.6098104793756968 0.21876014281077572 0.6020066889632107 0.22233041220382993 0.5942028985507246 0.22752353132099967 0.5953177257525084
1 0.44141512495942875 0.5496098104793757 0.44433625446283675 0.5551839464882943 0.44206426484907496 0.5629877369007804 0.4323271665043817 0.5585284280936454 0.4349237260629666 0.5496098104793757 0.44109055501460565 0.5496098104793757
1 0.12528399870172022 0.6755852842809364 0.12625770853618956 0.6811594202898551 0.12366114897760468 0.6878483835005574 0.11944173969490425 0.6867335562987736 0.11781888997078871 0.6778149386845039 0.12009087958455048 0.673355629877369 0.12495942875689711 0.6755852842809364
1 0.37942226549821484 0.6911928651059086 0.38169425511197663 0.6989966555183946 0.3765011359948069 0.705685618729097 0.3674131775397598 0.7034559643255296 0.36546575787082114 0.6956521739130435 0.37909769555339173 0.6911928651059086
1 0.49918857513794224 0.5529542920847269 0.5056799740344045 0.5507246376811594 0.5069782538136969 0.5562987736900781 0.5053554040895814 0.5629877369007804 0.5008114248620578 0.5629877369007804 0.49918857513794224 0.5540691192865106
1 0.4148003894839338 0.6142697881828316 0.4206426484907498 0.6187290969899666 0.42486205777345015 0.6298773690078038 0.4216163583252191 0.6399108138238573 0.4148003894839338 0.6432552954292085 0.39759818240830896 0.6410256410256411 0.3937033430704317 0.6298773690078038 0.39889646218760144 0.6187290969899666 0.41447581953911067 0.6142697881828316
1 0.8743914313534566 0.41471571906354515 0.8841285296981499 0.411371237458194 0.887049659201558 0.4180602006688963 0.8851022395326192 0.4258639910813824 0.8795845504706264 0.4280936454849498 0.8737422914638104 0.42474916387959866 0.8743914313534566 0.4158305462653289
