1 0.36625 0.104375 0.37 0.105 0.374375 0.11375 0.3825 0.165 0.38 0.1775 0.37625 0.1725 0.36625 0.1375 0.364375 0.120625 0.36625 0.105
1 0.47 0.403125 0.474375 0.41125 0.4775 0.426875 0.48125 0.454375 0.48 0.464375 0.476875 0.46625 0.474375 0.46375 0.47 0.445 0.46625 0.42 0.46625 0.406875 0.469375 0.40375
1 0.51875 0.583125 0.5225 0.589375 0.52375 0.6025 0.521875 0.61125 0.516875 0.61375 0.51125 0.61 0.509375 0.59125 0.511875 0.584375 0.518125 0.583125
1 0.3925 0.09125 0.396875 0.09875 0.40125 0.1175 0.400625 0.128125 0.398125 0.135 0.394375 0.138125 0.39 0.13625 0.38625 0.129375 0.38375 0.11625 0.385 0.099375 0.386875 0.094375 0.391875 0.09125
1 0.48375 0.479375 0.489375 0.48375 0.49375 0.5075 0.4925 0.520625 0.49125 0.5225 0.486875 0.520625 0.4825 0.49875 0.48375 0.48
1 0.570625 0.934375 0.574375 0.94375 0.57375 0.959375 0.56875 0.960625 0.565 0.95125 0.565625 0.940625 0.57 0.935
1 0.431875 0.200625 0.435625 0.206875 0.44125 0.2375 0.440625 0.263125 0.43875 0.264375 0.435 0.258125 0.42875 0.225 0.428125 0.20875 0.43125 0.20125
1 0.55 0.76625 0.55375 0.770625 0.555 0.7775 0.55375 0.79375 0.549375 0.794375 0.54625 0.7875 0.549375 0.766875
1 0.359375 0.04875 0.361875 0.05625 0.361875 0.06875 0.35875 0.075625 0.355 0.07375 0.353125 0.0675 0.35375 0.05375 0.35875 0.04875
1 0.349375 0 0.3625 0 0.360625 0.019375 0.355625 0.024375 0.350625 0.0175 0.349375 0.000625
