1 0.571875 0.449375 0.576875 0.456875 0.57625 0.46625 0.5725 0.470625 0.57 0.470625 0.56625 0.464375 0.566875 0.453125 0.57125 0.449375
1 0.5771875 0.4309375 0.011875 0.034375
1 0.560625 0.775625 0.56875 0.786875 0.57125 0.803125 0.570625 0.81875 0.5675 0.82875 0.560625 0.834375 0.556875 0.833125 0.545 0.81375 0.5475 0.789375 0.5525 0.780625 0.56 0.775625
1 0.55375 0.10375 0.558125 0.10875 0.55875 0.139375 0.556875 0.145625 0.55125 0.15 0.545625 0.15 0.5425 0.1475 0.540625 0.121875 0.543125 0.10625 0.546875 0.10375 0.553125 0.10375
1 0.5603125 0.9096875 0.024375 0.058125
1 0.50125 0.058125 0.508125 0.068125 0.50875 0.07875 0.505625 0.0875 0.5 0.091875 0.495 0.090625 0.49125 0.08625 0.4875 0.070625 0.49 0.06125 0.494375 0.05625 0.500625 0.058125
1 0.55125 0.45875 0.555 0.464375 0.555 0.474375 0.55375 0.479375 0.550625 0.481875 0.54625 0.480625 0.543125 0.475 0.54375 0.463125 0.546875 0.45875 0.550625 0.45875
1 0.485625 0.21375 0.488125 0.21625 0.49125 0.229375 0.4875 0.2375 0.483125 0.2375 0.47875 0.23125 0.48 0.218125 0.485 0.21375
1 0.4675 0.490625 0.474375 0.498125 0.476875 0.5175 0.475 0.535625 0.47125 0.539375 0.4675 0.539375 0.4625 0.535625 0.458125 0.528125 0.455625 0.5175 0.455625 0.495625 0.46125 0.490625 0.466875 0.490625
1 0.466875 0.181875 0.47375 0.1875 0.47625 0.196875 0.475625 0.206875 0.471875 0.216875 0.46875 0.21875 0.463125 0.214375 0.459375 0.2025 0.461875 0.18625 0.46625 0.1825
1 0.530625 0.01375 0.534375 0.016875 0.5375 0.025625 0.536875 0.038125 0.531875 0.041875 0.52625 0.040625 0.52375 0.034375 0.524375 0.019375 0.53 0.01375
1 0.505625 0.55875 0.51 0.56375 0.510625 0.5775 0.50875 0.58375 0.505 0.586875 0.5 0.584375 0.498125 0.576875 0.49875 0.5625 0.505 0.55875
1 0.55625 0.690625 0.558125 0.704375 0.556875 0.71 0.55375 0.711875 0.549375 0.703125 0.549375 0.694375 0.551875 0.690625 0.555625 0.690625
1 0.575625 0.07 0.5825 0.0775 0.586875 0.0875 0.585 0.105625 0.575625 0.110625 0.570625 0.110625 0.56375 0.10625 0.560625 0.095625 0.561875 0.084375 0.566875 0.071875 0.57 0.069375 0.575 0.07
1 0.491875 0.683125 0.495625 0.68875 0.495625 0.703125 0.490625 0.71125 0.48375 0.704375 0.4825 0.690625 0.48625 0.683125 0.49125 0.683125
1 0.4575 0.1525 0.01375 0.03375
1 0.560625 0.51125 0.56375 0.5125 0.566875 0.520625 0.5675 0.534375 0.565 0.540625 0.559375 0.540625 0.556875 0.53625 0.556875 0.5175 0.56 0.511875
1 0.505 0.138125 0.510625 0.14375 0.5125 0.156875 0.511875 0.17 0.50875 0.18 0.505625 0.1825 0.49875 0.18125 0.49375 0.171875 0.49375 0.1475 0.498125 0.139375 0.504375 0.138125
1 0.5915625 0.6940625 0.013125 0.053125
1 0.470625 0.644375 0.474375 0.655625 0.475 0.676875 0.474375 0.688125 0.470625 0.693125 0.46625 0.689375 0.46375 0.675 0.465 0.650625 0.47 0.644375
1 0.5453125 0.2525 0.013125 0.025
1 0.50875 0.3725 0.513125 0.37125 0.51625 0.373125 0.519375 0.386875 0.51625 0.401875 0.51125 0.4025 0.509375 0.400625 0.506875 0.395625 0.50875 0.373125
1 0.5775 0.23375 0.58125 0.23625 0.583125 0.2425 0.58375 0.266875 0.58 0.279375 0.5725 0.285625 0.56625 0.284375 0.56 0.275625 0.558125 0.25125 0.559375 0.24125 0.56375 0.234375 0.576875 0.23375
1 0.5334375 0.2853125 0.014375 0.030625
1 0.591875 0.580625 0.59625 0.58375 0.598125 0.58875 0.596875 0.62625 0.595 0.635 0.591875 0.6375 0.585 0.636875 0.58125 0.63375 0.578125 0.623125 0.5775 0.609375 0.580625 0.588125 0.58375 0.583125 0.59125 0.580625
1 0.5409375 0.70625 0.013125 0.02625
