1 0.413125 0.568125 0.05125 0.024375
1 0.3453125 0.57875 0.044375 0.02
1 0.2015625 0.6059375 0.046875 0.021875
1 0.4665625 0.605625 0.043125 0.021875
1 0.4284375 0.4971875 0.04 0.0175
1 0.688125 0.5765625 0.04375 0.019375
1 0.27125 0.591875 0.033125 0.015625
1 0.48375 0.445 0.039375 0.019375
1 0.506875 0.5728125 0.03625 0.02
1 0.706875 0.605 0.055 0.0175
1 0.3790625 0.54125 0.05625 0.024375
1 0.230625 0.4528125 0.05 0.01875
1 0.3471875 0.4578125 0.049375 0.01875
1 0.03875 0.61875 0.0375 0.019375
1 0.315625 0.473125 0.05125 0.019375
1 0.7690625 0.6053125 0.044375 0.018125
1 0.80875 0.593125 0.055 0.021875
1 0.985625 0.4109375 0.02875 0.021875
1 0.9478125 0.5878125 0.0425 0.02125
1 0.57875 0.43625 0.051875 0.02
1 0.1671875 0.476875 0.04625 0.02
1 0.8925 0.480625 0.06625 0.01375
1 0.1065625 0.6203125 0.024375 0.011875
1 0.1828125 0.4459375 0.04125 0.011875
1 0.3003125 0.528125 0.03375 0.008125
1 0.190625 0.5596875 0.03875 0.019375
1 0.2246875 0.53125 0.039375 0.014375
1 0.9321875 0.505625 0.05125 0.01
1 0.7484375 0.48875 0.051875 0.015
1 0.2078125 0.5146875 0.035625 0.013125
1 0.2325 0.5503125 0.055 0.016875
1 0.080625 0.5396875 0.0475 0.02
1 0.2846875 0.4478125 0.020625 0.0075
1 0.8178125 0.4303125 0.0375 0.013125
1 0.31375 0.5084375 0.03 0.00625
1 0.125625 0.5415625 0.038125 0.015625
1 0.6078125 0.6128125 0.025 0.006875
1 0.776875 0.4596875 0.021875 0.006875
1 0.0890625 0.5528125 0.015 0.0075
