1 0.4271875 0.4271875 0.048125 0.075625
1 0.4384375 0.3015625 0.030625 0.06125
1 0.44125 0.55875 0.026875 0.06625
1 0.3575 0.0815625 0.025 0.085625
1 0.4696875 0.15125 0.023125 0.048125
1 0.4121875 0.9528125 0.02125 0.048125
1 0.425 0.851875 0.0175 0.034375
1 0.470625 0.0684375 0.02 0.04
1 0.3509375 0.5903125 0.01375 0.074375
1 0.4746875 0.6546875 0.03125 0.08125
1 0.4815625 0.5625 0.0275 0.103125
1 0.5165625 0.3071875 0.03125 0.060625
1 0.3621875 0.489375 0.014375 0.076875
1 0.4971875 0.408125 0.01875 0.029375
1 0.5028125 0.1178125 0.016875 0.038125
1 0.39875 0.7075 0.02375 0.02875
1 0.50375 0.036875 0.01625 0.06375
1 0.415625 0.7809375 0.020625 0.03125
1 0.4046875 0.749375 0.02 0.036875
1 0.5478125 0.625625 0.00875 0.043125
1 0.421875 0.1975 0.008125 0.01875
