1 0.404375 0.375625 0.4075 0.375 0.41125 0.3775 0.425625 0.3925 0.44625 0.421875 0.4425 0.425625 0.435625 0.421875 0.41625 0.404375 0.4075 0.39125 0.40375 0.38125 0.404375 0.37625
1 0.45625 0.6125 0.478125 0.628125 0.490625 0.6425 0.49875 0.66125 0.49875 0.66875 0.495625 0.673125 0.49125 0.674375 0.4875 0.6725 0.4525 0.626875 0.448125 0.61625 0.455625 0.613125
1 0.593125 0.73875 0.616875 0.756875 0.630625 0.783125 0.63 0.78875 0.62625 0.78875 0.61875 0.78375 0.594375 0.763125 0.5875 0.7525 0.5875 0.74125 0.5925 0.73875
1 0.468125 0.511875 0.480625 0.520625 0.490625 0.5325 0.493125 0.541875 0.49125 0.546875 0.483125 0.544375 0.4675 0.52625 0.4625 0.515625 0.464375 0.511875 0.4675 0.511875
1 0.198125 0.2075 0.218125 0.23125 0.220625 0.23625 0.22 0.240625 0.215625 0.24 0.195625 0.2175 0.193125 0.2075 0.1975 0.2075
1 0.588125 0.596875 0.603125 0.611875 0.624375 0.643125 0.623125 0.645 0.62 0.643125 0.61125 0.63375 0.59125 0.60625 0.588125 0.5975
1 0.16875 0.155625 0.18 0.1675 0.18 0.175 0.176875 0.178125 0.170625 0.17625 0.163125 0.164375 0.1625 0.156875 0.164375 0.155 0.168125 0.155625
1 0.355625 0.429375 0.360625 0.430625 0.36625 0.43625 0.39 0.466875 0.388125 0.47125 0.381875 0.466875 0.360625 0.443125 0.355 0.433125 0.355625 0.43
1 0.2775 0.2675 0.28875 0.27875 0.291875 0.28625 0.2925 0.2925 0.290625 0.29375 0.285625 0.291875 0.274375 0.280625 0.271875 0.271875 0.276875 0.2675
1 0.481875 0.638125 0.48875 0.646875 0.488125 0.65375 0.48375 0.656875 0.4775 0.655625 0.47 0.645625 0.4725 0.638125 0.47625 0.63625 0.48125 0.638125
1 0.395 0.47375 0.4125 0.49 0.421875 0.504375 0.423125 0.513125 0.41875 0.5175 0.413125 0.515625 0.4075 0.51 0.395 0.4925 0.39 0.479375 0.390625 0.474375 0.394375 0.47375
