1 0.34986945169712796 0.508 0.3537859007832898 0.52 0.3537859007832898 0.536 0.35117493472584854 0.548 0.3472584856396867 0.552 0.3342036553524804 0.548 0.33159268929503916 0.536 0.33159268929503916 0.516 0.3342036553524804 0.508 0.34856396866840733 0.508
1 0.7571801566579635 0.936 0.7610966057441253 0.944 0.7610966057441253 0.952 0.758485639686684 0.96 0.7493472584856397 0.96 0.7441253263707572 0.944 0.7467362924281984 0.936 0.7558746736292428 0.936
1 0.2154046997389034 0.572 0.2245430809399478 0.568 0.22845953002610966 0.576 0.22845953002610966 0.584 0.2258485639686684 0.592 0.2193211488250653 0.592 0.2154046997389034 0.576
1 0.26762402088772846 0.616 0.2754569190600522 0.624 0.2754569190600522 0.644 0.27284595300261094 0.648 0.26370757180156656 0.648 0.2597911227154047 0.64 0.26109660574412535 0.62 0.26631853785900783 0.616
1 0.5992167101827677 0.952 0.6031331592689295 0.956 0.6070496083550914 0.968 0.6057441253263708 0.976 0.6018276762402088 0.98 0.587467362924282 0.98 0.5822454308093995 0.964 0.5861618798955613 0.952 0.597911227154047 0.952
1 0.8518276762402088 0.694 0.014360313315926894 0.028
1 0.4699738903394256 0.536 0.4725848563968668 0.544 0.4725848563968668 0.552 0.46736292428198434 0.568 0.45039164490861616 0.564 0.4451697127937337 0.552 0.4451697127937337 0.536 0.4490861618798956 0.528 0.4660574412532637 0.528 0.46866840731070497 0.536
1 0.5078328981723238 0.612 0.5130548302872062 0.624 0.5117493472584856 0.636 0.5091383812010444 0.64 0.5013054830287206 0.64 0.49738903394255873 0.628 0.49738903394255873 0.616 0.5065274151436031 0.612
1 0.6370757180156658 0.76 0.6449086161879896 0.772 0.6449086161879896 0.78 0.6422976501305483 0.784 0.6318537859007833 0.784 0.6253263707571801 0.776 0.6279373368146214 0.764 0.6357702349869452 0.76
1 0.09007832898172324 0.468 0.09660574412532637 0.476 0.09921671018276762 0.488 0.09007832898172324 0.52 0.08093994778067885 0.532 0.07180156657963446 0.528 0.06788511749347259 0.512 0.0731070496083551 0.492 0.07441253263707572 0.472 0.07702349869451697 0.468 0.08877284595300261 0.468
1 0.4751958224543081 0.88 0.4804177545691906 0.892 0.4804177545691906 0.9 0.47780678851174935 0.908 0.46344647519582244 0.908 0.4595300261096606 0.9 0.4595300261096606 0.888 0.4660574412532637 0.876 0.47389033942558745 0.88
1 0.27284595300261094 0.48 0.2859007832898172 0.48 0.28720626631853785 0.484 0.28720626631853785 0.492 0.2819843342036554 0.496 0.2741514360313316 0.492 0.27284595300261094 0.484
1 0.45300261096605743 0.664 0.45430809399477806 0.668 0.45300261096605743 0.684 0.4425587467362924 0.684 0.43994778067885115 0.672 0.44386422976501305 0.66 0.45039164490861616 0.66 0.4516971279373368 0.664
1 0.7258485639686684 0.9 0.7284595300261096 0.904 0.7297650130548303 0.916 0.7271540469973891 0.936 0.7232375979112271 0.948 0.716710182767624 0.952 0.7101827676240209 0.952 0.6997389033942559 0.94 0.6971279373368147 0.916 0.6984334203655352 0.908 0.7049608355091384 0.9 0.7245430809399478 0.9
1 0.8955613577023499 0.988 0.8981723237597912 0.996 0.8785900783289817 0.996 0.8798955613577023 0.988 0.8877284595300261 0.988 0.8890339425587467 0.984 0.8942558746736292 0.988
1 0.5626631853785901 0.892 0.5678851174934726 0.904 0.5691906005221932 0.928 0.566579634464752 0.936 0.5469973890339426 0.936 0.5430809399477807 0.932 0.5378590078328982 0.912 0.5391644908616188 0.9 0.5443864229765013 0.892 0.5613577023498695 0.892
1 0.9340731070496083 0.692 0.030026109660574413 0.056
1 0.6945169712793734 0.84 0.7023498694516971 0.852 0.7023498694516971 0.86 0.6984334203655352 0.868 0.6814621409921671 0.868 0.674934725848564 0.856 0.674934725848564 0.848 0.6788511749347258 0.84 0.685378590078329 0.836 0.6932114882506527 0.84
1 0.9151436031331592 0.576 0.9164490861618799 0.584 0.9138381201044387 0.592 0.9073107049608355 0.592 0.9033942558746736 0.58 0.9046997389033943 0.576 0.9138381201044387 0.576
1 0.020887728459530026 0.848 0.02349869451697128 0.86 0.018276762402088774 0.872 0.010443864229765013 0.868 0.007832898172323759 0.86 0.007832898172323759 0.852 0.01174934725848564 0.844 0.018276762402088774 0.844 0.0195822454308094 0.848
1 0.03263707571801567 0.672 0.03655352480417755 0.68 0.04046997389033943 0.7 0.04046997389033943 0.716 0.03524804177545692 0.728 0.02741514360313316 0.728 0.016971279373368148 0.72 0.01174934725848564 0.712 0.009138381201044387 0.7 0.010443864229765013 0.684 0.016971279373368148 0.664 0.02610966057441253 0.664 0.031331592689295036 0.672
1 0.27154046997389036 0.528 0.2754569190600522 0.54 0.2754569190600522 0.556 0.27154046997389036 0.564 0.2584856396866841 0.572 0.24934725848563968 0.568 0.23890339425587467 0.552 0.23890339425587467 0.524 0.24934725848563968 0.516 0.2584856396866841 0.516 0.27023498694516973 0.528
1 0.8798955613577023 0.888 0.8903394255874674 0.896 0.8942558746736292 0.908 0.8942558746736292 0.924 0.8903394255874674 0.936 0.8825065274151436 0.944 0.8759791122715405 0.94 0.8694516971279374 0.92 0.8694516971279374 0.904 0.8733681462140992 0.892 0.8785900783289817 0.888
1 0.7506527415143603 0.708 0.7637075718015666 0.724 0.7650130548302873 0.732 0.762402088772846 0.736 0.7532637075718016 0.736 0.7389033942558747 0.724 0.737597911227154 0.712 0.7493472584856397 0.708
1 0.6253263707571801 0.972 0.6383812010443864 0.968 0.643603133159269 0.98 0.6383812010443864 0.988 0.6292428198433421 0.988 0.6253263707571801 0.976
1 0.20691906005221933 0.742 0.016971279373368148 0.06
1 0.8485639686684073 0.964 0.8590078328981723 0.972 0.8616187989556136 0.98 0.860313315926893 0.992 0.856396866840731 0.996 0.8407310704960835 0.992 0.839425587467363 0.98 0.8433420365535248 0.968 0.8472584856396866 0.968
1 0.15274151436031333 0.692 0.15535248041775457 0.688 0.17232375979112272 0.688 0.17754569190600522 0.7 0.17754569190600522 0.712 0.17493472584856398 0.72 0.17101827676240208 0.752 0.16840731070496084 0.756 0.15274151436031333 0.756 0.1462140992167102 0.744 0.1462140992167102 0.732 0.15274151436031333 0.716 0.15274151436031333 0.696
1 0.1801566579634465 0.564 0.18276762402088773 0.572 0.18276762402088773 0.588 0.17493472584856398 0.608 0.1566579634464752 0.608 0.14882506527415143 0.596 0.14360313315926893 0.576 0.1514360313315927 0.556 0.17101827676240208 0.556 0.17885117493472585 0.564
1 0.3825065274151436 0.588 0.3877284595300261 0.584 0.39295039164490864 0.588 0.39425587467362927 0.596 0.39295039164490864 0.608 0.3838120104438642 0.608 0.3825065274151436 0.592
1 0.3093994778067885 0.612 0.3093994778067885 0.604 0.31201044386422977 0.596 0.32114882506527415 0.596 0.3237597911227154 0.612 0.3198433420365535 0.62 0.31592689295039167 0.62 0.31070496083550914 0.612
1 0.19843342036553524 0.8 0.20365535248041775 0.804 0.21148825065274152 0.82 0.21018276762402088 0.832 0.206266318537859 0.836 0.1866840731070496 0.832 0.17754569190600522 0.816 0.17754569190600522 0.812 0.1814621409921671 0.812 0.1866840731070496 0.804 0.19712793733681463 0.8
1 0.902088772845953 0.944 0.9099216710182768 0.956 0.9099216710182768 0.964 0.9073107049608355 0.972 0.8942558746736292 0.972 0.8903394255874674 0.96 0.8890339425587467 0.948 0.9007832898172323 0.944
1 0.21801566579634465 0.512 0.2297650130548303 0.516 0.2297650130548303 0.528 0.2193211488250653 0.528 0.21801566579634465 0.516
1 0.8929503916449086 0.84 0.8981723237597912 0.848 0.8981723237597912 0.86 0.8942558746736292 0.872 0.8851174934725848 0.88 0.8746736292428199 0.88 0.8616187989556136 0.872 0.856396866840731 0.86 0.856396866840731 0.84 0.8642297650130548 0.832 0.881201044386423 0.832 0.891644908616188 0.84
1 0.26631853785900783 0.816 0.2754569190600522 0.832 0.2754569190600522 0.844 0.27284595300261094 0.848 0.24934725848563968 0.848 0.23890339425587467 0.836 0.2349869451697128 0.824 0.2349869451697128 0.816 0.23759791122715404 0.808 0.24934725848563968 0.808 0.2506527415143603 0.812 0.2650130548302872 0.816
1 0.9621409921671018 0.908 0.9725848563968669 0.92 0.9725848563968669 0.948 0.9660574412532638 0.972 0.9569190600522193 0.984 0.9503916449086162 0.984 0.9490861618798956 0.988 0.9373368146214099 0.988 0.9255874673629243 0.968 0.9216710182767625 0.956 0.9216710182767625 0.948 0.922976501305483 0.94 0.9295039164490861 0.932 0.933420365535248 0.912 0.9360313315926893 0.908 0.9608355091383812 0.908
1 0.02741514360313316 0.524 0.031331592689295036 0.52 0.048302872062663184 0.52 0.057441253263707574 0.532 0.057441253263707574 0.54 0.05221932114882506 0.552 0.04046997389033943 0.556 0.030026109660574413 0.544 0.02741514360313316 0.536 0.02741514360313316 0.528
1 0.3335509138381201 0.734 0.0195822454308094 0.028
1 0.21148825065274152 0.596 0.21671018276762402 0.608 0.2154046997389034 0.624 0.21148825065274152 0.628 0.20365535248041775 0.628 0.19451697127937337 0.616 0.19451697127937337 0.604 0.19973890339425587 0.592 0.21018276762402088 0.596
1 0.0039164490861618795 0.792 0.006527415143603133 0.788 0.018276762402088774 0.788 0.024804177545691905 0.792 0.03263707571801567 0.808 0.028720626631853787 0.816 0.0195822454308094 0.82 0.007832898172323759 0.812 0.0039164490861618795 0.804 0.0039164490861618795 0.796
1 0.195822454308094 0.5 0.19973890339425587 0.508 0.19973890339425587 0.516 0.19712793733681463 0.52 0.1906005221932115 0.52 0.18407310704960836 0.512 0.185378590078329 0.5 0.19451697127937337 0.5
1 0.8668407310704961 0.536 0.8681462140992167 0.528 0.8825065274151436 0.528 0.8877284595300261 0.536 0.8864229765013055 0.54 0.8681462140992167 0.536
1 0.42428198433420367 0.788 0.4347258485639687 0.796 0.4360313315926893 0.8 0.4360313315926893 0.82 0.4347258485639687 0.824 0.41906005221932113 0.824 0.4164490861618799 0.82 0.4151436031331593 0.8 0.4177545691906005 0.792 0.42297650130548303 0.792
1 0.36553524804177545 0.796 0.370757180156658 0.8 0.3772845953002611 0.82 0.3720626631853786 0.832 0.360313315926893 0.832 0.35509138381201044 0.828 0.35117493472584854 0.816 0.35117493472584854 0.808 0.3537859007832898 0.8 0.3642297650130548 0.796
1 0.08746736292428199 0.664 0.10182767624020887 0.676 0.10182767624020887 0.688 0.09921671018276762 0.7 0.09660574412532637 0.708 0.09138381201044386 0.712 0.08093994778067885 0.712 0.06919060052219321 0.692 0.06919060052219321 0.676 0.07180156657963446 0.668 0.08616187989556136 0.664
1 0.31592689295039167 0.692 0.3185378590078329 0.704 0.3133159268929504 0.716 0.3002610966057441 0.712 0.2989556135770235 0.696 0.304177545691906 0.688 0.3133159268929504 0.688 0.31462140992167104 0.692
1 0.6788511749347258 0.576 0.6827676240208878 0.584 0.6814621409921671 0.596 0.6723237597911227 0.596 0.6710182767624021 0.592 0.6710182767624021 0.584 0.6736292428198434 0.576 0.6775456919060052 0.576
1 0.4830287206266319 0.92 0.48433420365535246 0.928 0.47911227154047 0.936 0.47127937336814624 0.936 0.46475195822454307 0.928 0.46344647519582244 0.92 0.4699738903394256 0.912 0.48172323759791125 0.92
1 0.9203655352480418 0.748 0.03655352480417755 0.04
1 0.835509138381201 0.884 0.8420365535248042 0.896 0.8433420365535248 0.928 0.8407310704960835 0.936 0.8302872062663186 0.936 0.8289817232375979 0.94 0.8172323759791122 0.932 0.8120104438642297 0.912 0.8120104438642297 0.9 0.8172323759791122 0.884 0.8342036553524804 0.884
1 0.758485639686684 0.828 0.7610966057441253 0.832 0.758485639686684 0.844 0.7467362924281984 0.844 0.7441253263707572 0.84 0.7441253263707572 0.832 0.7493472584856397 0.824 0.7571801566579635 0.828
1 0.3733681462140992 0.544 0.3785900783289817 0.556 0.3785900783289817 0.568 0.37597911227154046 0.576 0.36945169712793735 0.58 0.3629242819843342 0.572 0.35900783289817234 0.56 0.3524804177545692 0.556 0.35117493472584854 0.548 0.3524804177545692 0.544 0.3720626631853786 0.544
1 0.7369451697127938 0.658 0.016971279373368148 0.036
1 0.12010443864229765 0.572 0.13185378590078328 0.584 0.13185378590078328 0.6 0.12924281984334204 0.608 0.11618798955613577 0.608 0.10835509138381201 0.6 0.10574412532637076 0.592 0.10704960835509138 0.58 0.1122715404699739 0.572 0.11879895561357702 0.572
1 0.11879895561357702 0.692 0.1227154046997389 0.696 0.12532637075718014 0.712 0.12532637075718014 0.72 0.1227154046997389 0.724 0.1122715404699739 0.712 0.1122715404699739 0.7 0.1174934725848564 0.692
1 0.5169712793733682 0.888 0.5221932114882507 0.904 0.5156657963446475 0.92 0.5039164490861618 0.92 0.4934725848563969 0.908 0.4934725848563969 0.892 0.49738903394255873 0.884 0.5156657963446475 0.888
1 0.8994778067885117 0.624 0.9060052219321149 0.64 0.9060052219321149 0.664 0.8994778067885117 0.672 0.8942558746736292 0.672 0.8877284595300261 0.664 0.8851174934725848 0.648 0.8877284595300261 0.628 0.8981723237597912 0.624
1 0.195822454308094 0.904 0.19973890339425587 0.92 0.19451697127937337 0.928 0.1866840731070496 0.924 0.18407310704960836 0.916 0.18798955613577023 0.904 0.19451697127937337 0.904
1 0.6403394255874674 0.724 0.006527415143603133 0.028
1 0.5691906005221932 0.82 0.010443864229765013 0.04
1 0.5515665796344648 0.544 0.006527415143603133 0.032
1 0.2748041775456919 0.872 0.020887728459530026 0.032
1 0.39099216710182766 0.796 0.006527415143603133 0.028
