1 0.7059375 0.5259375 0.06375 0.0225
1 0.9 0.51375 0.078125 0.016875
1 0.656875 0.4759375 0.11 0.030625
1 0.2871875 0.54625 0.085 0.0175
1 0.0584375 0.575 0.099375 0.0125
1 0.9690625 0.5478125 0.061875 0.013125
1 0.7475 0.570625 0.063125 0.015
1 0.5996875 0.4396875 0.15 0.019375
1 0.4640625 0.5515625 0.065 0.044375
1 0.23875 0.5675 0.10875 0.01625
1 0.3653125 0.5790625 0.03875 0.01375
1 0.349375 0.48 0.10375 0.021875
1 0.98625 0.455625 0.026875 0.015625
1 0.026875 0.5 0.05375 0.01375
1 0.040625 0.4684375 0.080625 0.021875
1 0.8965625 0.425625 0.043125 0.01125
1 0.604375 0.555 0.0375 0.016875
1 0.7828125 0.439375 0.0825 0.015
1 0.8771875 0.45875 0.074375 0.020625
1 0.8521875 0.5484375 0.03375 0.008125
1 0.810625 0.469375 0.05375 0.01375
1 0.71375 0.5478125 0.035 0.009375
1 0.289375 0.455625 0.09875 0.019375
1 0.8540625 0.4446875 0.061875 0.014375
1 0.519375 0.5734375 0.114375 0.01625
1 0.978125 0.481875 0.041875 0.013125
