1 0.699375 0.4475 0.709375 0.4525 0.718125 0.460625 0.725 0.47375 0.715625 0.4775 0.70625 0.474375 0.6975 0.46 0.69875 0.448125
1 0.565625 0.4425 0.57625 0.446875 0.591875 0.4625 0.59375 0.474375 0.58875 0.479375 0.5775 0.474375 0.559375 0.45625 0.556875 0.44625 0.560625 0.4425 0.565 0.4425
1 0.673125 0.426875 0.71 0.451875 0.730625 0.473125 0.7325 0.480625 0.721875 0.485625 0.70625 0.481875 0.69875 0.47625 0.670625 0.435 0.669375 0.42875 0.6725 0.426875
1 0.301875 0.219375 0.31375 0.22625 0.318125 0.23125 0.323125 0.24125 0.323125 0.24875 0.320625 0.250625 0.3075 0.24625 0.2925 0.23125 0.293125 0.220625 0.30125 0.219375
1 0.80375 0.57125 0.814375 0.57625 0.825625 0.5875 0.839375 0.615625 0.833125 0.620625 0.8225 0.618125 0.81375 0.6125 0.79625 0.59 0.79375 0.574375 0.803125 0.57125
1 0.225 0.121875 0.2425 0.133125 0.2575 0.146875 0.26 0.151875 0.25875 0.156875 0.254375 0.156875 0.244375 0.15125 0.22625 0.134375 0.22125 0.12375 0.224375 0.121875
1 0.168125 0.0825 0.179375 0.088125 0.18875 0.09875 0.18875 0.10625 0.18125 0.110625 0.171875 0.10875 0.160625 0.0975 0.16 0.085 0.1675 0.0825
1 0.41375 0.38 0.424375 0.379375 0.43875 0.386875 0.460625 0.41125 0.46375 0.4175 0.4625 0.421875 0.458125 0.421875 0.445625 0.414375 0.4225 0.39375 0.41375 0.38375 0.41375 0.380625
1 0.480625 0.319375 0.489375 0.32375 0.510625 0.345625 0.51625 0.353125 0.515625 0.36 0.501875 0.353125 0.4825 0.335 0.47375 0.320625 0.475 0.31875 0.48 0.319375
1 0.5375 0.3625 0.55 0.370625 0.564375 0.385 0.56625 0.393125 0.56125 0.39875 0.55125 0.396875 0.533125 0.380625 0.5275 0.365625 0.536875 0.3625
