1 0.543125 0.46875 0.5475 0.47625 0.5475 0.49375 0.550625 0.505625 0.548125 0.5425 0.54 0.5575 0.538125 0.555625 0.539375 0.54625 0.536875 0.508125 0.543125 0.469375
1 0.449375 0.914375 0.4575 0.93125 0.460625 0.976875 0.460625 0.995625 0.458125 0.999375 0.451875 0.999375 0.45 0.99625 0.44625 0.9775 0.4425 0.935 0.445 0.916875 0.44875 0.914375
1 0.550625 0.6125 0.55375 0.615625 0.555 0.62375 0.554375 0.648125 0.550625 0.6525 0.54625 0.648125 0.54375 0.6325 0.545 0.615625 0.55 0.6125
1 0.494375 0.050625 0.4975 0.055 0.49875 0.06875 0.49875 0.11875 0.49625 0.134375 0.490625 0.13625 0.4875 0.13375 0.48625 0.120625 0.4875 0.063125 0.490625 0.051875 0.49375 0.05125
1 0.543125 0.81375 0.539375 0.811875 0.536875 0.80625 0.53375 0.785 0.5325 0.738125 0.535625 0.706875 0.53875 0.706875 0.540625 0.71 0.543125 0.73 0.54625 0.789375 0.54625 0.80375 0.54375 0.813125
1 0.516875 0.50125 0.52 0.50625 0.52 0.543125 0.518125 0.550625 0.515625 0.5525 0.511875 0.550625 0.508125 0.543125 0.505 0.518125 0.508125 0.504375 0.51125 0.500625 0.51625 0.50125
1 0.476875 0.941875 0.480625 0.9475 0.485625 0.994375 0.484375 0.999375 0.47625 0.999375 0.475625 0.9975 0.475 0.94875 0.476875 0.9425
1 0.445625 0.701875 0.449375 0.746875 0.446875 0.756875 0.443125 0.76 0.435 0.745 0.434375 0.718125 0.4375 0.70625 0.441875 0.701875 0.445 0.701875
1 0.540625 0.949375 0.5425 0.935625 0.54 0.900625 0.541875 0.89 0.54625 0.888125 0.54875 0.893125 0.55 0.90625 0.550625 0.976875 0.54875 0.985625 0.546875 0.988125 0.545 0.985625 0.54125 0.95
1 0.543125 0.419375 0.546875 0.4225 0.54875 0.439375 0.545625 0.458125 0.54375 0.46 0.5425 0.45875 0.53875 0.44 0.53875 0.4275 0.5425 0.42
1 0.494375 0.9175 0.498125 0.935625 0.5025 0.995 0.4975 0.996875 0.494375 0.994375 0.491875 0.978125 0.490625 0.92375 0.49375 0.918125
1 0.545 0.218125 0.5475 0.226875 0.548125 0.265625 0.5475 0.2725 0.54375 0.28 0.54 0.281875 0.535625 0.26625 0.535625 0.229375 0.536875 0.2225 0.544375 0.218125
1 0.428125 0.323125 0.435625 0.420625 0.435625 0.466875 0.4325 0.4725 0.42875 0.468125 0.424375 0.4325 0.42625 0.41375 0.424375 0.3575 0.421875 0.344375 0.423125 0.324375 0.425 0.32125 0.4275 0.323125
1 0.5325 0.50375 0.5375 0.5075 0.539375 0.525 0.54 0.55375 0.53625 0.565 0.531875 0.563125 0.52375 0.5525 0.52125 0.533125 0.5225 0.50625 0.525 0.50375 0.531875 0.50375
1 0.5175 0 0.528125 0 0.52625 0.053125 0.523125 0.06 0.52 0.058125 0.518125 0.050625 0.5175 0.000625
1 0.4525 0.16 0.454375 0.168125 0.4575 0.17125 0.459375 0.184375 0.459375 0.20125 0.456875 0.209375 0.4525 0.2075 0.44875 0.199375 0.448125 0.17875 0.4525 0.160625
1 0.433125 0.106875 0.43625 0.109375 0.438125 0.129375 0.438125 0.165625 0.435625 0.17375 0.42875 0.173125 0.425625 0.168125 0.42625 0.125625 0.4325 0.106875
1 0.449375 0.281875 0.4675 0.3025 0.470625 0.309375 0.4725 0.35125 0.470625 0.391875 0.466875 0.395625 0.4625 0.39375 0.449375 0.356875 0.445 0.305625 0.44875 0.2825
1 0.436875 0.119375 0.443125 0.084375 0.445625 0.08125 0.44875 0.08125 0.451875 0.08875 0.45375 0.13875 0.45875 0.185 0.45875 0.199375 0.45625 0.208125 0.454375 0.2075 0.448125 0.1975 0.446875 0.1725 0.440625 0.15375 0.4375 0.12
1 0.445 0.08125 0.449375 0.08125 0.45125 0.085625 0.45375 0.119375 0.4525 0.155 0.44875 0.15875 0.445625 0.15875 0.44125 0.14875 0.438125 0.12 0.4425 0.085 0.445 0.081875
1 0.465625 0.595 0.469375 0.601875 0.47125 0.636875 0.47125 0.67875 0.46875 0.695 0.46125 0.68875 0.459375 0.683125 0.454375 0.6475 0.45625 0.60375 0.45875 0.596875 0.465 0.595
1 0.514375 0.685625 0.515625 0.671875 0.51875 0.6675 0.523125 0.66875 0.52625 0.67625 0.52625 0.73375 0.523125 0.74875 0.51875 0.75125 0.515 0.74375 0.514375 0.735 0.515 0.68625
1 0.414375 0.0775 0.419375 0.09 0.416875 0.120625 0.414375 0.123125 0.41125 0.1225 0.410625 0.11875 0.410625 0.08625 0.41125 0.07875 0.41375 0.078125
1 0.4625 0 0.471875 0 0.473125 0.024375 0.47125 0.036875 0.466875 0.04 0.463125 0.03875 0.4625 0.000625
1 0.50875 0.260625 0.5125 0.265625 0.5125 0.314375 0.51 0.320625 0.505625 0.323125 0.50125 0.32 0.499375 0.314375 0.496875 0.279375 0.499375 0.261875 0.508125 0.260625
1 0.43625 0 0.4475 0 0.448125 0.005 0.44625 0.02 0.441875 0.02375 0.43625 0.015625 0.43625 0.000625
1 0.418125 0.321875 0.42125 0.325625 0.423125 0.34625 0.42625 0.355 0.426875 0.42125 0.425625 0.445625 0.42125 0.439375 0.42 0.4325 0.42 0.38625 0.416875 0.3475 0.418125 0.3225
1 0.525625 0.3725 0.529375 0.3725 0.53375 0.376875 0.53625 0.3875 0.53375 0.409375 0.529375 0.4125 0.52625 0.409375 0.5225 0.395625 0.5225 0.381875 0.525625 0.373125
1 0.51875 0.261875 0.5225 0.261875 0.525 0.2675 0.52625 0.2825 0.525625 0.303125 0.5225 0.308125 0.52 0.306875 0.518125 0.2975 0.51875 0.2625
1 0.5175 0.5025 0.53375 0.503125 0.53875 0.50875 0.53875 0.516875 0.54125 0.51875 0.54125 0.549375 0.539375 0.56125 0.53625 0.565625 0.511875 0.55125 0.50875 0.543125 0.50625 0.514375 0.510625 0.501875 0.516875 0.5025
1 0.5225 0.128125 0.52625 0.145625 0.525 0.161875 0.521875 0.164375 0.51875 0.1575 0.51875 0.1375 0.521875 0.12875
1 0.4425 0.64375 0.4425 0.65375 0.44625 0.6575 0.44875 0.748125 0.44625 0.7575 0.4425 0.75875 0.434375 0.73625 0.434375 0.71125 0.4375 0.7025 0.438125 0.690625 0.436875 0.6575 0.4425 0.651875 0.4425 0.644375
1 0.426875 0.17125 0.4325 0.185625 0.43375 0.200625 0.434375 0.245625 0.431875 0.256875 0.4275 0.2525 0.424375 0.228125 0.423125 0.17625 0.424375 0.17125 0.42625 0.17125
