1 0.23125 0.4 0.2375 0.40375 0.239375 0.411875 0.23625 0.416875 0.229375 0.42 0.2225 0.4175 0.22 0.409375 0.22625 0.400625 0.230625 0.4
1 0.305625 0.6425 0.315 0.6475 0.316875 0.65375 0.314375 0.655625 0.283125 0.654375 0.2825 0.64875 0.28625 0.644375 0.29375 0.641875 0.305 0.6425
1 0.58375 0.35625 0.593125 0.35875 0.595 0.3625 0.591875 0.369375 0.584375 0.374375 0.575625 0.374375 0.57 0.37 0.5725 0.359375 0.583125 0.35625
1 0.810625 0.54375 0.815 0.548125 0.815625 0.554375 0.81375 0.56 0.80875 0.563125 0.80125 0.561875 0.798125 0.5525 0.800625 0.545625 0.81 0.54375
1 0.644375 0.37625 0.64875 0.38125 0.6475 0.39375 0.6425 0.398125 0.6275 0.400625 0.609375 0.3975 0.60625 0.39125 0.6075 0.386875 0.628125 0.37625 0.64375 0.37625
1 0 0.3675 0.036875 0.370625 0.0425 0.373125 0.039375 0.379375 0.030625 0.388125 0.02375 0.39125 0.01125 0.3925 0 0.390625 0 0.368125
1 0.470625 0.573125 0.48375 0.57625 0.49 0.581875 0.490625 0.59125 0.484375 0.598125 0.460625 0.596875 0.44625 0.589375 0.445625 0.584375 0.44875 0.57875 0.459375 0.57375 0.47 0.573125
1 0.0625 0.525 0.069375 0.53 0.0725 0.53625 0.071875 0.54375 0.068125 0.546875 0.05875 0.544375 0.049375 0.536875 0.04875 0.53 0.051875 0.525 0.061875 0.525
1 0.85625 0.405 0.85875 0.406875 0.85875 0.415 0.855625 0.419375 0.849375 0.421875 0.841875 0.41875 0.84125 0.41125 0.845625 0.40625 0.855625 0.405
1 0.31875 0.56625 0.320625 0.574375 0.31625 0.580625 0.31 0.57875 0.30875 0.56875 0.31375 0.565 0.318125 0.56625
1 0.560625 0.42625 0.564375 0.428125 0.565625 0.435625 0.563125 0.43875 0.555625 0.44 0.546875 0.439375 0.545 0.436875 0.545625 0.430625 0.55 0.42625 0.56 0.42625
1 0.129375 0.536875 0.135 0.540625 0.138125 0.5475 0.138125 0.555625 0.134375 0.56 0.12375 0.556875 0.1175 0.5475 0.1175 0.541875 0.12 0.538125 0.12875 0.536875
1 0.42375 0.441875 0.430625 0.44625 0.4325 0.454375 0.43 0.46 0.4225 0.464375 0.41 0.463125 0.406875 0.459375 0.40625 0.453125 0.41 0.445625 0.4175 0.441875 0.423125 0.441875
1 0.171875 0.444375 0.17875 0.44875 0.18 0.453125 0.178125 0.461875 0.1725 0.466875 0.161875 0.46625 0.158125 0.459375 0.160625 0.449375 0.16625 0.445 0.17125 0.444375
1 0.319375 0.379375 0.328125 0.381875 0.330625 0.390625 0.325625 0.395 0.31125 0.39875 0.299375 0.3975 0.295625 0.389375 0.30375 0.38125 0.31875 0.379375
1 0.109375 0.54625 0.1175 0.548125 0.126875 0.55625 0.140625 0.5625 0.1475 0.57 0.1475 0.574375 0.1425 0.575625 0.105625 0.56625 0.10125 0.560625 0.1 0.553125 0.1025 0.54875 0.10875 0.546875
1 0.616875 0.629375 0.6225 0.635625 0.62125 0.64125 0.616875 0.64375 0.61 0.643125 0.60625 0.63875 0.609375 0.631875 0.61625 0.629375
1 0.2990625 0.555 0.015625 0.02
1 0.8925 0.52625 0.8975 0.529375 0.899375 0.5375 0.895 0.544375 0.8875 0.5475 0.878125 0.54375 0.875625 0.535 0.8825 0.526875 0.891875 0.52625
1 0.835 0.369375 0.84625 0.3725 0.8475 0.3775 0.84125 0.385 0.829375 0.389375 0.818125 0.38875 0.80875 0.385 0.805 0.380625 0.805 0.37625 0.81125 0.370625 0.834375 0.369375
1 0.98125 0.585 0.994375 0.589375 0.99625 0.595625 0.96375 0.608125 0.953125 0.60625 0.94375 0.595 0.944375 0.591875 0.956875 0.584375 0.980625 0.585
1 0.068125 0.394375 0.07375 0.3975 0.075625 0.405625 0.071875 0.41375 0.06375 0.418125 0.054375 0.416875 0.050625 0.408125 0.054375 0.399375 0.06 0.395625 0.0675 0.394375
1 0.019375 0.508125 0.02625 0.51125 0.02875 0.515 0.0275 0.525 0.02375 0.5275 0.015625 0.526875 0.0075 0.519375 0.008125 0.510625 0.0125 0.5075 0.01875 0.508125
1 0.20125 0.383125 0.204375 0.3875 0.205 0.39375 0.20375 0.3975 0.19625 0.404375 0.190625 0.404375 0.185625 0.40125 0.18375 0.389375 0.1875 0.383125 0.200625 0.383125
1 0.57125 0.455625 0.57625 0.46 0.576875 0.466875 0.57375 0.47125 0.56625 0.474375 0.556875 0.4725 0.55375 0.46625 0.556875 0.459375 0.560625 0.456875 0.570625 0.455625
1 0.30375 0.601875 0.335625 0.59875 0.3525 0.6 0.36625 0.608125 0.368125 0.6125 0.366875 0.618125 0.341875 0.62375 0.291875 0.6225 0.28625 0.618125 0.28875 0.6075 0.29375 0.60375 0.303125 0.6025
1 0.30625 0.368125 0.308125 0.37375 0.30375 0.379375 0.29125 0.386875 0.280625 0.38875 0.26125 0.386875 0.25875 0.3825 0.263125 0.37625 0.280625 0.370625 0.305625 0.368125
1 0.0325 0.45375 0.0375 0.45875 0.0375 0.470625 0.033125 0.475 0.026875 0.476875 0.01875 0.474375 0.01625 0.4675 0.016875 0.459375 0.021875 0.45375 0.031875 0.45375
1 0.318125 0.53625 0.321875 0.539375 0.323125 0.548125 0.320625 0.55375 0.31375 0.556875 0.3075 0.554375 0.305 0.543125 0.31 0.5375 0.3175 0.53625
1 0.7625 0.4 0.771875 0.40375 0.774375 0.408125 0.773125 0.415 0.76375 0.42 0.745625 0.419375 0.7375 0.415 0.735 0.41125 0.73625 0.40625 0.745 0.40125 0.761875 0.4
1 0.704375 0.595 0.721875 0.599375 0.735625 0.608125 0.7325 0.613125 0.71 0.616875 0.671875 0.61375 0.660625 0.61 0.656875 0.60625 0.658125 0.601875 0.665 0.598125 0.69125 0.594375 0.70375 0.595
1 0.506875 0.398125 0.511875 0.401875 0.5125 0.41 0.505625 0.41625 0.495625 0.415 0.4925 0.411875 0.491875 0.406875 0.495625 0.400625 0.50625 0.398125
1 0.28375 0.53 0.29 0.533125 0.2925 0.54375 0.2875 0.551875 0.28125 0.55375 0.271875 0.551875 0.269375 0.543125 0.271875 0.535625 0.275625 0.531875 0.283125 0.53
1 0.940625 0.375625 0.946875 0.37875 0.9425 0.3875 0.935625 0.3925 0.92 0.395625 0.908125 0.395625 0.90125 0.393125 0.89625 0.386875 0.896875 0.37875 0.923125 0.374375 0.94 0.375625
1 0.58875 0.541875 0.03 0.02375
1 0.528125 0.54 0.02125 0.02
1 0.5615625 0.555 0.020625 0.02
1 0.38875 0.3865625 0.0275 0.015625
1 0.9353125 0.6265625 0.023125 0.020625
