1 0.15125 0.601875 0.170625 0.6075 0.175625 0.61625 0.1725 0.623125 0.155 0.628125 0.139375 0.626875 0.13 0.62375 0.1275 0.62 0.12875 0.611875 0.134375 0.605625 0.14375 0.601875 0.150625 0.601875
1 0.523125 0.3575 0.546875 0.36625 0.550625 0.3775 0.54875 0.381875 0.53375 0.395 0.505625 0.405625 0.488125 0.405 0.479375 0.400625 0.48 0.386875 0.47625 0.37625 0.47625 0.369375 0.479375 0.365 0.485 0.3625 0.50875 0.36 0.51625 0.356875 0.5225 0.3575
1 0.39 0.4275 0.428125 0.43375 0.433125 0.435625 0.435 0.43875 0.4325 0.446875 0.42125 0.458125 0.403125 0.4625 0.37125 0.460625 0.360625 0.45625 0.358125 0.451875 0.355625 0.439375 0.35875 0.435625 0.38 0.428125 0.389375 0.4275
1 0.999375 0.440625 0.999375 0.460625 0.996875 0.46125 0.98875 0.460625 0.98625 0.450625 0.98875 0.4425 0.99875 0.440625
1 0.793125 0.3525 0.816875 0.355625 0.824375 0.38 0.823125 0.38375 0.81375 0.390625 0.788125 0.39625 0.775625 0.39625 0.74125 0.386875 0.73625 0.381875 0.735 0.368125 0.736875 0.359375 0.74375 0.354375 0.75625 0.351875 0.7925 0.3525
1 0.15375 0.438125 0.16375 0.43875 0.17375 0.44375 0.1825 0.445 0.183125 0.45 0.179375 0.45625 0.185625 0.466875 0.169375 0.483125 0.16625 0.4875 0.16625 0.494375 0.1625 0.498125 0.140625 0.503125 0.12875 0.5025 0.118125 0.49875 0.11 0.48625 0.09125 0.475625 0.085625 0.4625 0.07625 0.449375 0.099375 0.43875 0.119375 0.43625 0.153125 0.438125
1 0.27625 0.37875 0.2925 0.38625 0.2975 0.3975 0.295 0.401875 0.28875 0.405625 0.265 0.410625 0.2375 0.409375 0.226875 0.405625 0.219375 0.398125 0.21875 0.39 0.226875 0.383125 0.239375 0.38 0.275625 0.37875
1 0.2425 0.47625 0.251875 0.478125 0.254375 0.480625 0.253125 0.485625 0.244375 0.493125 0.230625 0.49875 0.226875 0.49875 0.214375 0.491875 0.2075 0.48375 0.205625 0.476875 0.215 0.475 0.241875 0.47625
1 0.315625 0.450625 0.32125 0.455 0.321875 0.463125 0.3175 0.46625 0.2975 0.469375 0.28625 0.468125 0.284375 0.465 0.285625 0.458125 0.306875 0.45 0.315 0.450625
1 0.5025 0.5175 0.516875 0.525 0.519375 0.53 0.519375 0.5375 0.514375 0.548125 0.499375 0.558125 0.485625 0.554375 0.4725 0.55375 0.465625 0.550625 0.460625 0.543125 0.460625 0.535625 0.465 0.52875 0.476875 0.518125 0.501875 0.5175
1 0 0.57 0.0175 0.570625 0.031875 0.574375 0.03875 0.57875 0.040625 0.58375 0.04 0.591875 0.033125 0.599375 0.02625 0.601875 0 0.60375 0 0.570625
1 0.131875 0.395625 0.13875 0.400625 0.14125 0.408125 0.13 0.41125 0.115 0.41125 0.111875 0.4075 0.1175 0.39625 0.13125 0.395625
1 0.361875 0.366875 0.364375 0.37625 0.355 0.383125 0.33875 0.38 0.33625 0.376875 0.33625 0.37 0.344375 0.365625 0.36125 0.366875
1 0.9025 0.48 0.910625 0.48125 0.91875 0.490625 0.91125 0.4975 0.9025 0.500625 0.900625 0.504375 0.90875 0.525625 0.906875 0.539375 0.904375 0.543125 0.8925 0.548125 0.88375 0.555 0.8625 0.56125 0.80875 0.556875 0.7975 0.5475 0.78875 0.529375 0.788125 0.519375 0.791875 0.499375 0.789375 0.485625 0.7925 0.483125 0.806875 0.480625 0.819375 0.48875 0.871875 0.48875 0.88625 0.4875 0.895625 0.480625 0.901875 0.48
1 0.05625 0.535625 0.058125 0.538125 0.0575 0.543125 0.05125 0.546875 0.04625 0.54625 0.045625 0.539375 0.050625 0.535 0.055625 0.535625
1 0.01 0.479375 0.014375 0.48375 0.014375 0.488125 0.01125 0.491875 0.005625 0.491875 0.003125 0.48875 0.004375 0.480625 0.009375 0.479375
1 0.686875 0.49875 0.6925 0.504375 0.69375 0.523125 0.699375 0.53625 0.696875 0.55125 0.675625 0.561875 0.65125 0.565 0.629375 0.5625 0.60625 0.54875 0.605 0.541875 0.611875 0.51875 0.619375 0.51375 0.653125 0.5 0.668125 0.49625 0.68625 0.49875
1 0.359375 0.5725 0.39 0.58 0.398125 0.584375 0.4025 0.59 0.398125 0.60625 0.39375 0.611875 0.385625 0.615625 0.363125 0.616875 0.33375 0.621875 0.325625 0.62125 0.31 0.61 0.30875 0.603125 0.31375 0.590625 0.319375 0.58375 0.334375 0.575 0.343125 0.5725 0.35875 0.5725
