1 0.325 0.25666666666666665 0.3875 0.2588888888888889 0.39416666666666667 0.26555555555555554 0.395 0.2688888888888889 0.39166666666666666 0.27 0.32416666666666666 0.26555555555555554 0.30333333333333334 0.2588888888888889 0.32416666666666666 0.25666666666666665
1 0.8308333333333333 0.43555555555555553 0.8416666666666667 0.4411111111111111 0.845 0.44555555555555554 0.8433333333333334 0.4488888888888889 0.8391666666666666 0.45 0.8225 0.4488888888888889 0.8116666666666666 0.44222222222222224 0.8116666666666666 0.4388888888888889 0.8141666666666667 0.43666666666666665 0.83 0.43555555555555553
1 0.24666666666666667 0.3711111111111111 0.2608333333333333 0.37555555555555553 0.2708333333333333 0.39 0.2658333333333333 0.39444444444444443 0.24666666666666667 0.39444444444444443 0.22666666666666666 0.3877777777777778 0.22333333333333333 0.38222222222222224 0.22416666666666665 0.37222222222222223 0.2275 0.37 0.24583333333333332 0.3711111111111111
1 0.7133333333333334 0.35555555555555557 0.7308333333333333 0.3622222222222222 0.7316666666666667 0.36777777777777776 0.7233333333333334 0.37333333333333335 0.7066666666666667 0.37222222222222223 0.6991666666666667 0.36666666666666664 0.6983333333333334 0.36 0.7 0.3566666666666667 0.7125 0.35555555555555557
1 0.16333333333333333 0.5188888888888888 0.16833333333333333 0.5222222222222223 0.1725 0.5344444444444445 0.17166666666666666 0.54 0.16583333333333333 0.5422222222222223 0.14416666666666667 0.5366666666666666 0.13916666666666666 0.5333333333333333 0.13666666666666666 0.5277777777777778 0.13916666666666666 0.5211111111111111 0.15583333333333332 0.5177777777777778 0.1625 0.5188888888888888
1 0.5516666666666666 0.30333333333333334 0.5625 0.3055555555555556 0.5741666666666667 0.31333333333333335 0.5791666666666667 0.3211111111111111 0.5775 0.3333333333333333 0.5491666666666667 0.3277777777777778 0.5375 0.3211111111111111 0.5341666666666667 0.31444444444444447 0.535 0.31 0.5416666666666666 0.30444444444444446 0.5508333333333333 0.30333333333333334
1 0.605 0.5377777777777778 0.6208333333333333 0.54 0.6341666666666667 0.5466666666666666 0.6375 0.5522222222222222 0.6391666666666667 0.5611111111111111 0.6366666666666667 0.5666666666666667 0.6316666666666667 0.5688888888888889 0.61 0.5688888888888889 0.585 0.5611111111111111 0.5816666666666667 0.5544444444444444 0.5816666666666667 0.5466666666666666 0.5841666666666666 0.5433333333333333 0.5933333333333334 0.5388888888888889 0.6041666666666666 0.5377777777777778
1 0.06666666666666667 0.28444444444444444 0.07666666666666666 0.28888888888888886 0.08 0.29333333333333333 0.0775 0.2966666666666667 0.07 0.29888888888888887 0.0575 0.2966666666666667 0.0475 0.29 0.05333333333333334 0.28555555555555556 0.06583333333333333 0.28444444444444444
1 0.4475 0.5177777777777778 0.47333333333333333 0.5222222222222223 0.4925 0.5288888888888889 0.49583333333333335 0.5355555555555556 0.495 0.5411111111111111 0.4891666666666667 0.5466666666666666 0.48333333333333334 0.5477777777777778 0.42833333333333334 0.5477777777777778 0.4225 0.5455555555555556 0.42 0.5355555555555556 0.415 0.5266666666666666 0.4175 0.5222222222222223 0.4325 0.5177777777777778 0.44666666666666666 0.5177777777777778
1 0.5366666666666666 0.37 0.5508333333333333 0.37555555555555553 0.565 0.3877777777777778 0.5616666666666666 0.3933333333333333 0.5458333333333333 0.39666666666666667 0.5083333333333333 0.39444444444444443 0.5033333333333333 0.38333333333333336 0.5025 0.37666666666666665 0.5083333333333333 0.37 0.5358333333333334 0.37
1 0.9383333333333334 0.38333333333333336 0.9533333333333334 0.39222222222222225 0.9558333333333333 0.4022222222222222 0.9558333333333333 0.40555555555555556 0.9533333333333334 0.4077777777777778 0.9383333333333334 0.40444444444444444 0.9241666666666667 0.39666666666666667 0.9191666666666667 0.39111111111111113 0.9183333333333333 0.38666666666666666 0.9233333333333333 0.38333333333333336 0.9375 0.38333333333333336
1 0.6658333333333334 0.4711111111111111 0.6708333333333333 0.47333333333333333 0.675 0.4811111111111111 0.675 0.48444444444444446 0.6691666666666667 0.4888888888888889 0.66 0.4855555555555556 0.6491666666666667 0.47333333333333333 0.6525 0.4711111111111111 0.665 0.4711111111111111
1 0.030833333333333334 0.25222222222222224 0.0325 0.2577777777777778 0.029166666666666667 0.2611111111111111 0.021666666666666667 0.2611111111111111 0.018333333333333333 0.2577777777777778 0.018333333333333333 0.2544444444444444 0.021666666666666667 0.2511111111111111 0.03 0.25222222222222224
1 0.9491666666666667 0.62 0.9533333333333334 0.6222222222222222 0.955 0.6277777777777778 0.9533333333333334 0.63 0.9425 0.63 0.9391666666666667 0.6277777777777778 0.9383333333333334 0.6233333333333333 0.9483333333333334 0.6211111111111111
1 0.2225 0.4577777777777778 0.23416666666666666 0.4622222222222222 0.23583333333333334 0.4666666666666667 0.2325 0.47 0.22083333333333333 0.4711111111111111 0.2025 0.4677777777777778 0.1975 0.4633333333333333 0.1975 0.46 0.20583333333333334 0.45555555555555555 0.22166666666666668 0.4577777777777778
1 0.6916666666666667 0.29444444444444445 0.7191666666666666 0.30333333333333334 0.7175 0.31222222222222223 0.7308333333333333 0.32555555555555554 0.7266666666666667 0.33111111111111113 0.7116666666666667 0.3277777777777778 0.7025 0.31666666666666665 0.6808333333333333 0.30666666666666664 0.6791666666666667 0.3022222222222222 0.6833333333333333 0.29555555555555557 0.6908333333333333 0.29444444444444445
1 0.8308333333333333 0.4066666666666667 0.8358333333333333 0.4088888888888889 0.84 0.41444444444444445 0.84 0.4177777777777778 0.835 0.42 0.8233333333333334 0.4177777777777778 0.8208333333333333 0.41444444444444445 0.8233333333333334 0.4077777777777778 0.83 0.4066666666666667
1 0.13833333333333334 0.30777777777777776 0.14583333333333334 0.31 0.15416666666666667 0.31666666666666665 0.15416666666666667 0.32222222222222224 0.145 0.32555555555555554 0.12833333333333333 0.3244444444444444 0.11583333333333333 0.31666666666666665 0.11583333333333333 0.31 0.12083333333333333 0.30666666666666664 0.1375 0.30777777777777776
1 0.235 0.49777777777777776 0.25166666666666665 0.5033333333333333 0.2575 0.5077777777777778 0.2608333333333333 0.5144444444444445 0.25916666666666666 0.5211111111111111 0.24416666666666667 0.5288888888888889 0.21333333333333335 0.5266666666666666 0.2025 0.5222222222222223 0.1875 0.51 0.1875 0.5044444444444445 0.19583333333333333 0.49777777777777776 0.21416666666666667 0.49444444444444446 0.23416666666666666 0.49777777777777776
1 0.9325 0.43777777777777777 0.9358333333333333 0.44222222222222224 0.93 0.44555555555555554 0.9191666666666667 0.44555555555555554 0.9116666666666666 0.44222222222222224 0.9058333333333334 0.43555555555555553 0.9191666666666667 0.43444444444444447 0.9316666666666666 0.43777777777777777
1 0.5441666666666667 0.4911111111111111 0.5566666666666666 0.49666666666666665 0.5583333333333333 0.5022222222222222 0.545 0.5144444444444445 0.535 0.5166666666666667 0.5216666666666666 0.5144444444444445 0.52 0.51 0.5208333333333334 0.4988888888888889 0.53 0.49 0.5433333333333333 0.4911111111111111
1 0.8941666666666667 0.38333333333333336 0.9033333333333333 0.38222222222222224 0.9116666666666666 0.38666666666666666 0.9108333333333334 0.3933333333333333 0.9025 0.39444444444444443 0.8966666666666666 0.39111111111111113 0.8941666666666667 0.3844444444444444
1 0.3308333333333333 0.5144444444444445 0.3375 0.5166666666666667 0.3425 0.5222222222222223 0.3416666666666667 0.5277777777777778 0.335 0.5322222222222223 0.32 0.5311111111111111 0.31333333333333335 0.5277777777777778 0.31166666666666665 0.5244444444444445 0.31166666666666665 0.52 0.3175 0.5144444444444445 0.33 0.5144444444444445
1 0.9008333333333334 0.5088888888888888 0.9216666666666666 0.5155555555555555 0.9266666666666666 0.5255555555555556 0.9183333333333333 0.5311111111111111 0.8808333333333334 0.53 0.8691666666666666 0.5222222222222223 0.8666666666666667 0.5122222222222222 0.87 0.51 0.9 0.5088888888888888
1 0.07416666666666667 0.33444444444444443 0.08166666666666667 0.3377777777777778 0.085 0.3422222222222222 0.08333333333333333 0.3466666666666667 0.056666666666666664 0.34555555555555556 0.0475 0.3411111111111111 0.045 0.3377777777777778 0.050833333333333335 0.33111111111111113 0.06333333333333334 0.33 0.07333333333333333 0.33444444444444443
1 0.2608333333333333 0.3188888888888889 0.27166666666666667 0.3244444444444444 0.2725 0.3277777777777778 0.26666666666666666 0.33111111111111113 0.255 0.3288888888888889 0.25083333333333335 0.32555555555555554 0.2525 0.3211111111111111 0.26 0.3188888888888889
1 0.019166666666666665 0.4577777777777778 0.025833333333333333 0.46 0.03 0.4666666666666667 0.028333333333333332 0.4711111111111111 0.0225 0.47444444444444445 0.010833333333333334 0.47444444444444445 0.005 0.4666666666666667 0.009166666666666667 0.4588888888888889 0.018333333333333333 0.4577777777777778
1 0.6416666666666667 0.3655555555555556 0.65 0.37333333333333335 0.6508333333333334 0.38 0.6533333333333333 0.38333333333333336 0.6641666666666667 0.39 0.6625 0.3933333333333333 0.6583333333333333 0.39444444444444443 0.6366666666666667 0.3933333333333333 0.61 0.38 0.6091666666666666 0.37555555555555553 0.6108333333333333 0.37222222222222223 0.6191666666666666 0.36444444444444446 0.6333333333333333 0.3622222222222222 0.6408333333333334 0.3655555555555556
1 0.49333333333333335 0.4666666666666667 0.505 0.4722222222222222 0.5016666666666667 0.48 0.49416666666666664 0.4822222222222222 0.4875 0.4811111111111111 0.48 0.47333333333333333 0.48083333333333333 0.4688888888888889 0.4925 0.4666666666666667
1 0.3983333333333333 0.45666666666666667 0.4091666666666667 0.4588888888888889 0.425 0.4677777777777778 0.42833333333333334 0.47333333333333333 0.42833333333333334 0.4811111111111111 0.4125 0.49777777777777776 0.3975 0.5011111111111111 0.37916666666666665 0.5011111111111111 0.35583333333333333 0.49444444444444446 0.34833333333333333 0.4888888888888889 0.34 0.47555555555555556 0.3416666666666667 0.46444444444444444 0.35 0.45444444444444443 0.3875 0.45444444444444443 0.3975 0.45666666666666667
1 0.3516666666666667 0.28 0.3625 0.2833333333333333 0.36666666666666664 0.2877777777777778 0.36583333333333334 0.2922222222222222 0.35583333333333333 0.29555555555555557 0.335 0.29333333333333333 0.32666666666666666 0.28555555555555556 0.33416666666666667 0.28 0.35083333333333333 0.28
1 0.31666666666666665 0.35888888888888887 0.3308333333333333 0.3655555555555556 0.33416666666666667 0.37222222222222223 0.33 0.37777777777777777 0.32083333333333336 0.38 0.30583333333333335 0.37666666666666665 0.295 0.3688888888888889 0.29583333333333334 0.3622222222222222 0.3 0.35888888888888887 0.31583333333333335 0.35888888888888887
1 0.6941666666666667 0.33444444444444443 0.7008333333333333 0.3411111111111111 0.7008333333333333 0.34444444444444444 0.6925 0.3488888888888889 0.6616666666666666 0.3422222222222222 0.655 0.3377777777777778 0.6541666666666667 0.33444444444444443 0.6591666666666667 0.33 0.675 0.33 0.6933333333333334 0.33444444444444443
1 0.9825 0.6411111111111111 0.9841666666666666 0.6433333333333333 0.9833333333333333 0.6477777777777778 0.9775 0.6533333333333333 0.9641666666666666 0.6533333333333333 0.9608333333333333 0.6466666666666666 0.97 0.64 0.9816666666666667 0.6411111111111111
1 0.7966666666666666 0.4722222222222222 0.8458333333333333 0.4811111111111111 0.8558333333333333 0.4855555555555556 0.8583333333333333 0.4911111111111111 0.8558333333333333 0.49777777777777776 0.825 0.5 0.7991666666666667 0.5 0.755 0.48444444444444446 0.7533333333333333 0.4811111111111111 0.755 0.47888888888888886 0.7625 0.47555555555555556 0.7958333333333333 0.4722222222222222
1 0.7558333333333334 0.44 0.7633333333333333 0.44222222222222224 0.765 0.44555555555555554 0.76 0.45111111111111113 0.7483333333333333 0.45 0.745 0.44555555555555554 0.7466666666666667 0.4411111111111111 0.755 0.44
1 0.5 0.31666666666666665 0.515 0.32 0.5241666666666667 0.32666666666666666 0.5266666666666666 0.3333333333333333 0.525 0.3388888888888889 0.5116666666666667 0.3422222222222222 0.48333333333333334 0.33666666666666667 0.47333333333333333 0.33 0.4741666666666667 0.3233333333333333 0.48 0.31666666666666665 0.49916666666666665 0.31666666666666665
1 0.19583333333333333 0.3655555555555556 0.205 0.3688888888888889 0.21083333333333334 0.37444444444444447 0.21 0.38666666666666666 0.19833333333333333 0.3888888888888889 0.18666666666666668 0.38333333333333336 0.185 0.37 0.18916666666666668 0.36666666666666664 0.195 0.36666666666666664
1 0.8475 0.35888888888888887 0.865 0.3622222222222222 0.8766666666666667 0.37222222222222223 0.8775 0.37666666666666665 0.8758333333333334 0.38 0.8591666666666666 0.38222222222222224 0.8391666666666666 0.37666666666666665 0.8308333333333333 0.3688888888888889 0.8325 0.36333333333333334 0.8366666666666667 0.36 0.8466666666666667 0.35888888888888887
1 0.5795833333333333 0.4816666666666667 0.030833333333333334 0.017777777777777778
1 0.6120833333333333 0.4772222222222222 0.03333333333333333 0.016666666666666666
1 0.54875 0.45444444444444443 0.034166666666666665 0.025555555555555557
1 0.10791666666666666 0.39944444444444444 0.02666666666666667 0.023333333333333334
1 0.84125 0.6333333333333333 0.023333333333333334 0.012222222222222223
1 0.6579166666666667 0.42388888888888887 0.0125 0.015555555555555555
1 0.695 0.45166666666666666 0.02 0.01888888888888889
1 0.7825 0.44277777777777777 0.019166666666666665 0.021111111111111112
1 0.3670833333333333 0.4083333333333333 0.020833333333333332 0.01888888888888889
1 0.34958333333333336 0.4411111111111111 0.020833333333333332 0.017777777777777778
1 0.34458333333333335 0.33944444444444444 0.020833333333333332 0.02
1 0.40458333333333335 0.3283333333333333 0.014166666666666666 0.012222222222222223
1 0.40125 0.28944444444444445 0.01 0.017777777777777778
1 0.43666666666666665 0.31722222222222224 0.015833333333333335 0.014444444444444444
1 0.4195833333333333 0.39166666666666666 0.015 0.01
1 0.058333333333333334 0.39166666666666666 0.015 0.0077777777777777776
