1 0.1309375 0.5034375 0.048125 0.02375
1 0.234375 0.424375 0.05625 0.0275
1 0.6015625 0.40625 0.06375 0.019375
1 0.5009375 0.546875 0.051875 0.0275
1 0.4146875 0.41625 0.03625 0.01625
1 0.095625 0.4484375 0.050625 0.025625
1 0.5621875 0.50125 0.03125 0.01625
1 0.689375 0.4009375 0.0525 0.0125
1 0.0425 0.508125 0.025625 0.023125
1 0.4559375 0.4496875 0.025 0.01625
1 0.175 0.54375 0.02625 0.018125
1 0.228125 0.4534375 0.0225 0.016875
1 0.261875 0.4690625 0.028125 0.01625
1 0.4453125 0.4228125 0.021875 0.015625
1 0.1221875 0.5559375 0.0325 0.015625
1 0.370625 0.491875 0.03125 0.015625
1 0.66375 0.5428125 0.0475 0.015
1 0.808125 0.43875 0.066875 0.034375
1 0.5140625 0.43375 0.033125 0.015
1 0.060625 0.4203125 0.0475 0.028125
1 0.2 0.525625 0.024375 0.015
1 0.69375 0.5196875 0.03 0.01875
1 0.7565625 0.41 0.0475 0.016875
1 0.919375 0.4346875 0.069375 0.03
1 0.6965625 0.44375 0.02375 0.0125
1 0.7003125 0.4528125 0.035 0.03
1 0.7025 0.459375 0.0275 0.016875
