1 0.24959428756897112 0.483835005574136 0.25381369685167154 0.4938684503901895 0.25413826679649465 0.5050167224080268 0.2460240181759169 0.5161649944258639 0.23985718922427784 0.5117056856187291 0.23758519961051608 0.496098104793757 0.24115546900357027 0.483835005574136 0.249269717624148 0.483835005574136
1 0.8481012658227848 0.40022296544035674 0.8500486854917235 0.41471571906354515 0.8461538461538461 0.42251950947603123 0.8419344368711458 0.4214046822742475 0.8406361570918532 0.41025641025641024 0.8422590068159689 0.40022296544035674 0.8477766958779617 0.40022296544035674
1 0.6465433300876339 0.2915273132664437 0.007140538786108407 0.021181716833890748
1 0.4115546900357027 0.4258639910813824 0.418370658876988 0.43032329988851725 0.4199935086011035 0.44258639910813824 0.4148003894839338 0.45707915273132665 0.406686140863356 0.463768115942029 0.39694904251866275 0.45819397993311034 0.3940279130152548 0.4414715719063545 0.3979227523531321 0.43032329988851725 0.41123012009087956 0.4258639910813824
1 0.23466407010710807 0.411371237458194 0.2385589094449854 0.42028985507246375 0.2388834793898085 0.4358974358974359 0.23433950016228497 0.44704570791527315 0.22752353132099967 0.4503901895206243 0.21973385264524506 0.43924191750278707 0.22038299253489127 0.41917502787068006 0.22622525154170725 0.40914158305462656 0.23433950016228497 0.411371237458194
1 0.19117169750081142 0.6254180602006689 0.1934436871145732 0.6443701226309922 0.18954884777669587 0.6510590858416946 0.18500486854917234 0.6488294314381271 0.1837065887698799 0.6354515050167224 0.186952288218111 0.6243032329988851 0.19084712755598832 0.6254180602006689
1 0.3080168776371308 0.5340022296544036 0.31028886725089255 0.5395763656633222 0.31028886725089255 0.5484949832775919 0.3047711781888997 0.5562987736900781 0.3015254787406686 0.5540691192865106 0.3002271989613762 0.5429208472686734 0.30249918857513797 0.5351170568561873 0.3076923076923077 0.5340022296544036
1 0.8334956183057449 0.30657748049052397 0.8360921778643298 0.31549609810479373 0.8315481986368062 0.3210702341137124 0.8292762090230444 0.3177257525083612 0.8289516390782213 0.3110367892976589 0.8331710483609218 0.30657748049052397
1 0.8536189548847777 0.6789297658862876 0.8607594936708861 0.6822742474916388 0.8617332035053554 0.693422519509476 0.8591366439467706 0.705685618729097 0.8529698149951315 0.7101449275362319 0.8429081467056151 0.7068004459308808 0.8412852969814996 0.6923076923076923 0.8448555663745537 0.6811594202898551 0.8532943849399546 0.6789297658862876
1 0.8828302499188575 0.4927536231884058 0.8860759493670886 0.5005574136008919 0.8864005193119118 0.5094760312151616 0.8838039597533268 0.5195094760312151 0.8799091204154496 0.5228539576365663 0.8721194417396949 0.5161649944258639 0.8717948717948718 0.5039018952062431 0.8750405712431029 0.4938684503901895 0.8825056799740344 0.4927536231884058
1 0.26777020447906524 0.8149386845039019 0.2697176241480039 0.8283166109253066 0.2635507951963648 0.8361204013377926 0.2583576760791951 0.8338907469342252 0.2567348263550795 0.8193979933110368 0.2606296656929568 0.8127090301003345 0.26744563453424214 0.8149386845039019
