1 0.1384375 0.5353125 0.0525 0.0475
1 0.22375 0.6009375 0.059375 0.048125
1 0.6778125 0.5709375 0.055 0.0525
1 0.4009375 0.3675 0.046875 0.050625
1 0.6371875 0.2834375 0.066875 0.095625
1 0.6090625 0.21625 0.04 0.0425
1 0.37625 0.3171875 0.04375 0.0525
1 0.3246875 0.369375 0.04125 0.063125
1 0.5690625 0.6690625 0.03375 0.043125
1 0.57375 0.466875 0.0475 0.045
1 0.8825 0.5834375 0.03 0.0425
1 0.40625 0.6275 0.064375 0.05875
1 0.7525 0.63375 0.05 0.05
1 0.45625 0.665 0.025625 0.035625
1 0.025625 0.523125 0.05125 0.061875
1 0.37375 0.79 0.05 0.045
1 0.9040625 0.0990625 0.03 0.028125
1 0.0496875 0.386875 0.049375 0.0425
1 0.2746875 0.431875 0.045 0.04125
1 0.414375 0.44 0.03625 0.035
1 0.0934375 0.4125 0.0225 0.030625
1 0.9090625 0.353125 0.034375 0.0375
1 0.643125 0.7028125 0.023125 0.026875
1 0.18625 0.4659375 0.023125 0.0325
1 0.1190625 0.758125 0.033125 0.035625
1 0.2746875 0.7515625 0.045625 0.06
1 0.4453125 0.288125 0.02 0.0275
1 0.1353125 0.3925 0.020625 0.03125
1 0.9259375 0.2540625 0.045625 0.045
1 0.52625 0.69 0.04375 0.050625
1 0.770625 0.1003125 0.02375 0.0375
1 0.6075 0.593125 0.01625 0.025
1 0.145625 0.695 0.023125 0.035625
1 0.225 0.69875 0.02125 0.025
1 0.034375 0.7778125 0.038125 0.04
1 0.26125 0.67375 0.029375 0.024375
1 0.9846875 0.1109375 0.02 0.03125
1 0.4609375 0.4325 0.03 0.030625
1 0.0865625 0.6953125 0.02 0.0275
1 0.6159375 0.6559375 0.0225 0.02625
1 0.675625 0.123125 0.02375 0.0275
1 0.705625 0.4059375 0.024375 0.0275
1 0.6721875 0.635 0.0175 0.023125
1 0.623125 0.4359375 0.02375 0.02625
1 0.14625 0.7915625 0.02 0.02875
1 0.561875 0.585625 0.019375 0.03
1 0.5746875 0.17625 0.015 0.0225
1 0.3075 0.3015625 0.01375 0.021875
1 0.2659375 0.3609375 0.016875 0.028125
1 0.3503125 0.5021875 0.023125 0.025
1 0.6453125 0.46875 0.02 0.02875
1 0.534375 0.178125 0.0175 0.02
1 0.45625 0.2384375 0.01375 0.024375
1 0.1653125 0.7725 0.015625 0.024375
1 0.1734375 0.321875 0.02875 0.026875
1 0.1971875 0.658125 0.021875 0.024375
1 0.24625 0.8003125 0.029375 0.030625
1 0.733125 0.3203125 0.015625 0.025
1 0.1165625 0.86375 0.016875 0.025
1 0.3471875 0.46625 0.04625 0.039375
1 0.4096875 0.534375 0.038125 0.0325
1 0.7421875 0.2015625 0.05 0.05375
1 0.93625 0.565625 0.0125 0.019375
1 0.605625 0.3628125 0.02625 0.040625
1 0.705 0.2578125 0.015 0.02375
1 0.683125 0.3284375 0.01875 0.021875
1 0.78125 0.239375 0.033125 0.045
1 0.0640625 0.58625 0.02 0.02125
1 0.3121875 0.5784375 0.018125 0.029375
1 0.8896875 0.5146875 0.0125 0.020625
1 0.3134375 0.7746875 0.0125 0.02375
1 0.0715625 0.619375 0.01625 0.02125
1 0.2390625 0.854375 0.014375 0.021875
1 0.2375 0.76875 0.015 0.025625
1 0.53625 0.429375 0.0125 0.01875
1 0.011875 0.65625 0.02125 0.033125
1 0.7965625 0.2928125 0.014375 0.019375
1 0.07875 0.54125 0.0225 0.02625
1 0.48375 0.4096875 0.015 0.025625
1 0.2140625 0.8065625 0.015 0.02625
1 0.1375 0.8609375 0.014375 0.023125
1 0.48625 0.563125 0.020625 0.02625
1 0.530625 0.3515625 0.016875 0.030625
1 0.758125 0.21875 0.0825 0.09
