1 0.8315481986368062 0.5841694537346711 0.8523206751054853 0.5953177257525084 0.8539435248296008 0.5986622073578596 0.8526452450503084 0.6086956521739131 0.8429081467056151 0.6176142697881828 0.8140214216163584 0.6153846153846154 0.8088283024991886 0.6198439241917503 0.7533268419344369 0.6142697881828316 0.7474845829276209 0.600891861761427 0.7517039922103214 0.5875139353400223 0.7620902304446608 0.5752508361204013 0.7721518987341772 0.5730211817168339 0.7900032456994482 0.5730211817168339 0.7961700746510874 0.5875139353400223 0.8312236286919831 0.5841694537346711
1 0.6484907497565725 0.3957636566332218 0.6650438169425511 0.3979933110367893 0.6689386562804285 0.4057971014492754 0.6653683868873742 0.4169453734671126 0.6497890295358649 0.4214046822742475 0.6329113924050633 0.42028985507246375 0.6303148328464784 0.411371237458194 0.6355079519636482 0.40022296544035674 0.6481661798117494 0.3957636566332218
1 0.774423888347939 0.6510590858416946 0.7848101265822784 0.6644370122630993 0.7792924375202857 0.6688963210702341 0.7581953911067835 0.6677814938684504 0.7513794222654983 0.6610925306577481 0.750730282375852 0.6555183946488294 0.7543005517689062 0.6510590858416946 0.7740993184031159 0.6510590858416946
1 0.418370658876988 0.4169453734671126 0.42388834793898084 0.431438127090301 0.4180460889321649 0.43924191750278707 0.3810451152223304 0.43812709030100333 0.3781239857189224 0.4336677814938685 0.379746835443038 0.41917502787068006 0.38493995456020774 0.41471571906354515 0.4180460889321649 0.4169453734671126
1 0.7604673807205453 0.6164994425863991 0.7747484582927621 0.633221850613155 0.7283349561830574 0.6365663322185061 0.7101590392729633 0.6354515050167224 0.7082116196040247 0.6265328874024526 0.7104836092177864 0.6220735785953178 0.7309315157416423 0.6153846153846154 0.7601428107757222 0.6164994425863991
1 0.10970464135021098 0.5663322185061316 0.12074001947419669 0.5741360089186176 0.12268743914313535 0.5819397993311036 0.11879259980525804 0.5886287625418061 0.103862382343395 0.5942028985507246 0.08860759493670886 0.5930880713489409 0.08536189548847777 0.5863991081382386 0.09477442388834793 0.568561872909699 0.10938007140538786 0.5663322185061316
1 0.9860434923726062 0.6833890746934225 0.9996754300551769 0.68561872909699 0.9996754300551769 0.7023411371237458 0.9827977929243752 0.6923076923076923 0.9811749432002597 0.68561872909699 0.9857189224277831 0.6833890746934225
1 0.0344044141512496 0.6064659977703456 0.03992210321324245 0.6109253065774805 0.043816942551119765 0.6220735785953178 0.04089581304771178 0.6298773690078038 0.0347289840960727 0.6343366778149386 0.02174618630314833 0.633221850613155 0.016877637130801686 0.6243032329988851 0.018175916910094125 0.6153846153846154 0.02207075624797144 0.6098104793756968 0.034079844206426485 0.6064659977703456
1 0.3044466082440766 0.6711259754738016 0.31158714703018503 0.6744704570791528 0.31320999675430056 0.6811594202898551 0.3028237585199611 0.6867335562987736 0.2804284323271665 0.68561872909699 0.2755598831548199 0.6778149386845039 0.28237585199610515 0.6722408026755853 0.3041220382992535 0.6711259754738016
1 0.7906523855890945 0.5730211817168339 0.7964946445959105 0.5863991081382386 0.8104511522233041 0.5875139353400223 0.8211619604024667 0.5819397993311036 0.8490749756572541 0.5919732441471572 0.8549172346640701 0.5986622073578596 0.8526452450503084 0.6098104793756968 0.8419344368711458 0.6187290969899666 0.7728010386238234 0.6176142697881828 0.7702044790652386 0.6198439241917503 0.7747484582927621 0.633221850613155 0.727036676403765 0.6365663322185061 0.7098344693281402 0.6354515050167224 0.7078870496592016 0.6309921962095875 0.7098344693281402 0.6220735785953178 0.7452125933138591 0.6142697881828316 0.7468354430379747 0.6109253065774805 0.7452125933138591 0.5997770345596433 0.7465108730931516 0.5953177257525084 0.7633885102239533 0.5741360089186176 0.7903278156442713 0.5730211817168339
1 0.8662771827328789 0.4738015607580825 0.866601752677702 0.4659977703455964 0.8698474521259332 0.46265328874024525 0.8997078870496592 0.4537346711259755 0.9068484258357676 0.45707915273132665 0.9061992859461214 0.4738015607580825 0.9019798766634209 0.48049052396878483 0.8857513794222655 0.48494983277591974 0.866601752677702 0.4738015607580825
