1 0.4425 0.01125 0.445625 0.015625 0.445 0.0225 0.4425 0.02625 0.439375 0.026875 0.435 0.0225 0.435 0.016875 0.43875 0.01125 0.441875 0.01125
1 0.385 0.856875 0.3875 0.86 0.390625 0.88125 0.3925 0.931875 0.388125 0.965 0.383125 0.97375 0.379375 0.969375 0.375625 0.95625 0.374375 0.895 0.379375 0.86125 0.384375 0.856875
1 0.569375 0.87125 0.5725 0.874375 0.5725 0.8825 0.570625 0.888125 0.5675 0.89 0.563125 0.88625 0.563125 0.87625 0.565625 0.871875 0.56875 0.87125
1 0.615625 0.325 0.620625 0.32875 0.624375 0.341875 0.62375 0.3575 0.618125 0.37 0.611875 0.37125 0.61 0.369375 0.60625 0.35375 0.606875 0.333125 0.61125 0.32625 0.615 0.325625
1 0.558125 0.089375 0.56125 0.0925 0.561875 0.100625 0.5575 0.10625 0.5525 0.105 0.550625 0.095625 0.553125 0.089375 0.5575 0.089375
1 0.595 0.945625 0.600625 0.9525 0.60375 0.970625 0.6025 0.98875 0.596875 0.999375 0.588125 0.999375 0.58375 0.985 0.585 0.9575 0.58875 0.9475 0.594375 0.945625
1 0.56 0.58125 0.5675 0.579375 0.569375 0.583125 0.5675 0.595 0.560625 0.5975 0.5575 0.59375 0.5575 0.586875 0.56 0.581875
1 0.44 0.531875 0.444375 0.53875 0.44625 0.553125 0.44375 0.563125 0.439375 0.56625 0.43125 0.564375 0.42625 0.55625 0.428125 0.53875 0.4325 0.533125 0.439375 0.531875
1 0.630625 0.7725 0.636875 0.781875 0.635625 0.789375 0.63125 0.7925 0.62625 0.79125 0.624375 0.78625 0.625 0.775625 0.626875 0.7725 0.63 0.7725
1 0.65 0.3875 0.0125 0.1025
1 0.41625 0.7325 0.42 0.73875 0.42 0.74875 0.418125 0.755 0.4125 0.76 0.408125 0.76 0.40375 0.75625 0.401875 0.7425 0.4075 0.733125 0.415625 0.7325
1 0.371875 0.676875 0.3775 0.6825 0.378125 0.69125 0.375625 0.69875 0.369375 0.70375 0.36375 0.703125 0.36 0.7 0.35875 0.688125 0.364375 0.678125 0.37125 0.676875
1 0.383125 0.534375 0.386875 0.53875 0.386875 0.545 0.385 0.55 0.380625 0.5525 0.37625 0.55125 0.375 0.543125 0.376875 0.53625 0.3825 0.534375
1 0.57875 0.145625 0.584375 0.15375 0.585625 0.1675 0.581875 0.175625 0.575 0.18125 0.570625 0.180625 0.565625 0.175 0.563125 0.159375 0.565625 0.151875 0.57 0.146875 0.578125 0.145625
1 0.611875 0.49375 0.615 0.505 0.61375 0.5275 0.61125 0.533125 0.605625 0.53625 0.59875 0.529375 0.5975 0.51375 0.601875 0.498125 0.608125 0.4925 0.61125 0.49375
1 0.400625 0.19125 0.405 0.194375 0.4075 0.21 0.4 0.220625 0.394375 0.234375 0.386875 0.275625 0.383125 0.27375 0.3825 0.265 0.38375 0.215 0.389375 0.195 0.4 0.191875
1 0.404375 0.2975 0.4075 0.3 0.40625 0.335625 0.41125 0.3475 0.410625 0.376875 0.404375 0.41125 0.399375 0.421875 0.390625 0.428125 0.385625 0.425625 0.381875 0.4175 0.3875 0.346875 0.3925 0.3325 0.396875 0.303125 0.400625 0.298125 0.40375 0.2975
1 0.351875 0.819375 0.3475 0.813125 0.344375 0.785 0.345 0.735625 0.349375 0.72125 0.353125 0.719375 0.3575 0.7275 0.36125 0.76375 0.359375 0.8 0.355625 0.815 0.3525 0.81875
1 0.57 0.6653125 0.01 0.018125
1 0.4425 0.108125 0.44375 0.1225 0.439375 0.128125 0.435 0.128125 0.4325 0.125625 0.43125 0.114375 0.435625 0.1075 0.441875 0.108125
1 0.438125 0.600625 0.443125 0.606875 0.44375 0.618125 0.441875 0.62625 0.436875 0.629375 0.430625 0.629375 0.425625 0.625625 0.42375 0.611875 0.429375 0.60375 0.4375 0.600625
1 0.40875 0.623125 0.415 0.634375 0.415625 0.6475 0.414375 0.65125 0.408125 0.65625 0.401875 0.655 0.39875 0.649375 0.400625 0.63125 0.403125 0.625 0.408125 0.623125
1 0.411875 0.97875 0.418125 0.98375 0.41875 0.999375 0.400625 0.999375 0.4 0.99 0.4025 0.98375 0.41125 0.97875
1 0.60625 0.64875 0.61125 0.655625 0.61125 0.673125 0.609375 0.681875 0.606875 0.685625 0.6025 0.686875 0.596875 0.678125 0.596875 0.6675 0.59875 0.655625 0.605625 0.64875
1 0.360625 0.449375 0.3625 0.4525 0.3625 0.465 0.359375 0.4825 0.355625 0.494375 0.34875 0.49875 0.345625 0.495 0.344375 0.4875 0.345625 0.463125 0.355 0.44875 0.36 0.449375
1 0.574375 0.550625 0.578125 0.555 0.578125 0.564375 0.571875 0.57 0.5675 0.56625 0.566875 0.5575 0.569375 0.5525 0.57375 0.550625
1 0.41625 0.7934375 0.01875 0.023125
1 0.609375 0.239375 0.613125 0.244375 0.61375 0.255625 0.60875 0.26375 0.60375 0.26125 0.600625 0.255 0.6025 0.241875 0.60875 0.239375
