1 0.4146875 0.706875 0.035625 0.12125
1 0.519375 0.3134375 0.045625 0.078125
1 0.3640625 0.6646875 0.021875 0.093125
1 0.5396875 0.5684375 0.0725 0.128125
1 0.593125 0.595625 0.02875 0.0475
1 0.461875 0.251875 0.018125 0.044375
1 0.4340625 0.14625 0.020625 0.14375
1 0.4325 0.821875 0.02125 0.0525
1 0.4684375 0.029375 0.016875 0.05875
1 0.57125 0.4625 0.0175 0.040625
1 0.62 0.4790625 0.020625 0.054375
1 0.3696875 0.8853125 0.0175 0.08125
1 0.496875 0.8396875 0.03 0.118125
1 0.5884375 0.9403125 0.01375 0.038125
1 0.4065625 0.434375 0.016875 0.035
1 0.4396875 0.5975 0.0125 0.021875
1 0.3746875 0.5271875 0.040625 0.134375
1 0.4103125 0.271875 0.0225 0.121875
1 0.584375 0.7559375 0.0175 0.030625
1 0.56375 0.1078125 0.0725 0.188125
1 0.5465625 0.4753125 0.01625 0.03125
1 0.4740625 0.455625 0.01375 0.039375
1 0.438125 0.0165625 0.014375 0.033125
1 0.41375 0.9459375 0.011875 0.025625
1 0.5278125 0.36625 0.01625 0.029375
1 0.5215625 0.9790625 0.01375 0.0225
1 0.5575 0.31375 0.008125 0.035625
1 0.39 0.425625 0.011875 0.024375
1 0.4596875 0.3375 0.010625 0.023125
1 0.3571875 0.766875 0.010625 0.026875
1 0.5934375 0.366875 0.01125 0.019375
1 0.5984375 0.2196875 0.055625 0.203125
1 0.4540625 0.736875 0.01125 0.02375
1 0.409375 0.5703125 0.009375 0.0225
1 0.46625 0.5846875 0.013125 0.05
