1 0.53 0.308125 0.533125 0.31 0.535625 0.319375 0.535 0.341875 0.53375 0.349375 0.530625 0.3525 0.528125 0.35125 0.52625 0.345625 0.524375 0.320625 0.525625 0.309375 0.529375 0.308125
1 0.460625 0.280625 0.46375 0.284375 0.465 0.293125 0.464375 0.301875 0.460625 0.306875 0.455625 0.305 0.4525 0.29625 0.45375 0.2825 0.45625 0.28 0.46 0.280625
1 0.51625 0.760625 0.521875 0.766875 0.52125 0.778125 0.51625 0.786875 0.511875 0.78375 0.50875 0.77375 0.509375 0.764375 0.515625 0.760625
1 0.5025 0.906875 0.51125 0.919375 0.509375 0.93625 0.505 0.9425 0.50125 0.9425 0.494375 0.935625 0.49125 0.926875 0.49375 0.91125 0.498125 0.906875 0.501875 0.906875
1 0.488125 0.594375 0.49125 0.596875 0.49375 0.609375 0.491875 0.625625 0.488125 0.63125 0.4825 0.629375 0.48 0.62 0.480625 0.599375 0.483125 0.595625 0.4875 0.594375
1 0.498125 0.815625 0.501875 0.8175 0.50625 0.8275 0.505 0.853125 0.5025 0.859375 0.499375 0.86125 0.49375 0.860625 0.489375 0.85625 0.486875 0.84125 0.49 0.82125 0.494375 0.815625 0.4975 0.815625
1 0.52875 0.783125 0.533125 0.781875 0.535625 0.78375 0.538125 0.791875 0.53625 0.80625 0.531875 0.80875 0.5275 0.808125 0.524375 0.801875 0.524375 0.791875 0.52875 0.78375
1 0.44 0.161875 0.44625 0.168125 0.453125 0.184375 0.45375 0.191875 0.45 0.213125 0.44 0.224375 0.43125 0.21375 0.428125 0.190625 0.43125 0.166875 0.435625 0.161875 0.439375 0.161875
1 0.471875 0.9575 0.47625 0.9625 0.476875 0.97375 0.474375 0.9825 0.470625 0.985 0.461875 0.9775 0.46125 0.97125 0.46375 0.960625 0.47125 0.9575
1 0.469375 0.7 0.4725 0.70625 0.473125 0.72 0.470625 0.729375 0.466875 0.73125 0.460625 0.721875 0.458125 0.713125 0.463125 0.700625 0.46875 0.7
1 0.425 0.8875 0.433125 0.8925 0.436875 0.89875 0.43625 0.916875 0.4325 0.925625 0.42875 0.928125 0.4225 0.925625 0.414375 0.915625 0.415 0.89375 0.419375 0.88875 0.424375 0.8875
1 0.45375 0.734375 0.45875 0.7375 0.460625 0.743125 0.46 0.753125 0.454375 0.75875 0.450625 0.75625 0.44875 0.746875 0.45 0.7375 0.453125 0.734375
1 0.4375 0.4725 0.01125 0.0325
1 0.534375 0.45875 0.540625 0.469375 0.543125 0.48125 0.54375 0.501875 0.53625 0.509375 0.5325 0.509375 0.52625 0.504375 0.521875 0.480625 0.524375 0.4625 0.52875 0.458125 0.53375 0.45875
1 0.5103125 0.301875 0.013125 0.02875
1 0.546875 0.830625 0.550625 0.835 0.551875 0.853125 0.55 0.85875 0.543125 0.86375 0.53875 0.863125 0.53625 0.85875 0.535625 0.838125 0.539375 0.83125 0.54625 0.830625
1 0.413125 0.36 0.418125 0.363125 0.42 0.36875 0.420625 0.40125 0.418125 0.41125 0.411875 0.4175 0.40375 0.41625 0.400625 0.4025 0.40375 0.36625 0.40625 0.361875 0.4125 0.36
1 0.446875 0.50625 0.455 0.510625 0.46 0.525625 0.45625 0.543125 0.448125 0.548125 0.445 0.546875 0.441875 0.53375 0.4425 0.51125 0.44625 0.50625
1 0.4425 0.3075 0.441875 0.291875 0.445625 0.286875 0.449375 0.291875 0.450625 0.303125 0.44875 0.308125 0.443125 0.3075
1 0.449375 0.8475 0.455625 0.85 0.458125 0.854375 0.45875 0.885625 0.456875 0.8925 0.445625 0.89625 0.441875 0.89125 0.440625 0.8575 0.441875 0.8525 0.44875 0.848125
1 0.404375 0.279375 0.40875 0.27875 0.411875 0.283125 0.415 0.305 0.411875 0.321875 0.4075 0.330625 0.404375 0.330625 0.4025 0.319375 0.4025 0.288125 0.404375 0.28
1 0.425 0.551875 0.42875 0.55875 0.429375 0.571875 0.428125 0.58 0.4225 0.585625 0.418125 0.583125 0.41625 0.578125 0.41625 0.556875 0.41875 0.551875 0.424375 0.551875
1 0.430625 0.528125 0.433125 0.531875 0.43375 0.54 0.4325 0.546875 0.429375 0.549375 0.42375 0.545 0.423125 0.53375 0.425625 0.528125 0.43 0.528125
1 0.44625 0.519375 0.453125 0.518125 0.45625 0.523125 0.45625 0.535625 0.453125 0.54 0.449375 0.540625 0.445625 0.5375 0.444375 0.5325 0.44625 0.52
1 0.495 0.4265625 0.015 0.029375
1 0.42875 0.710625 0.43625 0.7175 0.44125 0.733125 0.44 0.758125 0.4375 0.763125 0.4325 0.765625 0.41875 0.763125 0.415 0.750625 0.41625 0.723125 0.423125 0.7125 0.428125 0.710625
