1 0.8703125 0.49625 0.046875 0.023125
1 0.76625 0.5765625 0.0575 0.029375
1 0.39875 0.59375 0.065 0.02
1 0.499375 0.4534375 0.05375 0.026875
1 0.4384375 0.49875 0.03125 0.01625
1 0.9584375 0.493125 0.03 0.024375
1 0.5875 0.583125 0.036875 0.0175
1 0.8784375 0.4446875 0.034375 0.015
1 0.0821875 0.5646875 0.0675 0.03125
1 0.904375 0.5503125 0.05375 0.0275
1 0.3375 0.4575 0.05125 0.015
1 0.54625 0.5509375 0.025625 0.0175
1 0.803125 0.473125 0.02875 0.019375
1 0.82625 0.45625 0.03 0.019375
1 0.3 0.5465625 0.035 0.030625
1 0.4871875 0.565625 0.0325 0.014375
1 0.3084375 0.4796875 0.02875 0.016875
1 0.74 0.5309375 0.02875 0.01625
1 0.6315625 0.508125 0.0325 0.015625
1 0.773125 0.546875 0.025 0.0175
1 0.5559375 0.5771875 0.0225 0.01625
1 0.31125 0.5990625 0.053125 0.0125
1 0.193125 0.5640625 0.06375 0.026875
1 0.9253125 0.580625 0.078125 0.02875
