1 0.275625 0.3096875 0.025 0.024375
1 0.17 0.1609375 0.01625 0.016875
1 0.7946875 0.87125 0.018125 0.018125
1 0.869375 0.9003125 0.015625 0.015
1 0.8134375 0.8053125 0.016875 0.02
1 0.175 0.2396875 0.019375 0.0225
1 0.775625 0.74875 0.013125 0.016875
1 0.3315625 0.2796875 0.021875 0.020625
1 0.45875 0.4746875 0.01625 0.01625
1 0.27875 0.25 0.015625 0.01375
1 0.111875 0.1440625 0.019375 0.0275
1 0.4728125 0.435 0.024375 0.024375
1 0.25625 0.2634375 0.01375 0.011875
1 0.6515625 0.620625 0.008125 0.0075
1 0.23 0.20875 0.009375 0.009375
1 0.5821875 0.65 0.01 0.011875
