1 0.3703125 0.445625 0.0175 0.031875
1 0.3715625 0.1709375 0.020625 0.035
1 0.374375 0.491875 0.0125 0.03125
1 0.396875 0.7440625 0.015625 0.0425
1 0.4015625 0.6346875 0.01375 0.0275
1 0.4040625 0.5740625 0.01375 0.024375
1 0.366875 0.2859375 0.0175 0.035625
1 0.36 0.0515625 0.0275 0.053125
1 0.5 0.9153125 0.020625 0.030625
1 0.35375 0.4059375 0.013125 0.02625
1 0.474375 0.833125 0.0175 0.040625
1 0.49125 0.6571875 0.015625 0.025625
1 0.488125 0.95625 0.0125 0.030625
1 0.42375 0.0803125 0.013125 0.035
1 0.485 0.5396875 0.015 0.02875
1 0.45375 0.1034375 0.01625 0.023125
1 0.35 0.1490625 0.01125 0.02375
1 0.38875 0.31 0.011875 0.026875
1 0.4603125 0.4946875 0.01125 0.01875
1 0.389375 0.1215625 0.01625 0.045
1 0.4421875 0.06625 0.020625 0.03125
1 0.4728125 0.3221875 0.00875 0.014375
1 0.42375 0.7925 0.018125 0.01625
1 0.4053125 0.9821875 0.01125 0.033125
1 0.4865625 0.741875 0.018125 0.0375
1 0.3875 0.985 0.01 0.024375
1 0.4003125 0.8046875 0.013125 0.038125
1 0.4390625 0.974375 0.02 0.03125
1 0.4653125 0.79375 0.011875 0.02375
1 0.4378125 0.69 0.010625 0.02125
1 0.359375 0.245625 0.01 0.01875
1 0.426875 0.664375 0.009375 0.021875
1 0.450625 0.2634375 0.01125 0.0175
1 0.44125 0.9134375 0.014375 0.03375
1 0.375 0.5290625 0.0175 0.02625
1 0.439375 0.1471875 0.00875 0.01625
1 0.458125 0.731875 0.01 0.019375
1 0.46625 0.6825 0.01 0.016875
1 0.48125 0.6325 0.014375 0.02625
1 0.350625 0.365625 0.008125 0.02
1 0.370625 0.1159375 0.01875 0.03375
1 0.4696875 0.611875 0.009375 0.015625
1 0.51 0.401875 0.005625 0.048125
1 0.43 0.2475 0.011875 0.030625
1 0.471875 0.879375 0.0125 0.02875
1 0.503125 0.72 0.00625 0.01875
1 0.4146875 0.3634375 0.00875 0.0175
1 0.445625 0.55125 0.009375 0.01625
1 0.4971875 0.8071875 0.00875 0.01625
1 0.4303125 0.8353125 0.02375 0.035
1 0.4934375 0.774375 0.0075 0.015
