1 0.385 0.493125 0.088125 0.019375
1 0.896875 0.4771875 0.0625 0.010625
1 0.2259375 0.5246875 0.08375 0.01125
1 0.2221875 0.48 0.06875 0.015
1 0.4571875 0.471875 0.074375 0.010625
1 0.138125 0.5465625 0.03625 0.0075
1 0.6365625 0.5253125 0.049375 0.01125
1 0.555625 0.54625 0.04625 0.01125
1 0.611875 0.4659375 0.060625 0.0125
1 0.8553125 0.5278125 0.046875 0.010625
1 0.3146875 0.5284375 0.04 0.009375
1 0.9284375 0.5203125 0.06375 0.010625
1 0.4971875 0.541875 0.0525 0.011875
1 0.3275 0.4765625 0.03375 0.00875
1 0.81625 0.4890625 0.0875 0.011875
1 0.535625 0.5234375 0.06 0.01125
1 0.158125 0.4759375 0.0375 0.01125
1 0.0646875 0.5384375 0.038125 0.008125
1 0.3471875 0.5575 0.039375 0.009375
1 0.1115625 0.5178125 0.024375 0.005625
1 0.016875 0.4959375 0.02 0.006875
1 0.660625 0.491875 0.03375 0.008125
1 0.700625 0.5484375 0.045625 0.009375
1 0.7121875 0.5296875 0.033125 0.008125
1 0.5390625 0.4828125 0.044375 0.0125
1 0.495625 0.493125 0.0275 0.00625
1 0.6796875 0.5371875 0.04375 0.0075
1 0.833125 0.51125 0.023125 0.00625
1 0.5875 0.4909375 0.064375 0.008125
