1 0.48875 0.010625 0.49125 0.011875 0.49375 0.019375 0.49375 0.033125 0.490625 0.038125 0.486875 0.0375 0.485 0.033125 0.485 0.015 0.488125 0.010625
1 0.4575 0.21 0.460625 0.213125 0.461875 0.22375 0.461875 0.230625 0.459375 0.234375 0.455625 0.234375 0.4525 0.22875 0.4525 0.216875 0.456875 0.21
1 0.51 0.876875 0.515625 0.88625 0.51875 0.90625 0.51875 0.923125 0.511875 0.936875 0.506875 0.935 0.501875 0.916875 0.5025 0.895625 0.505625 0.879375 0.509375 0.876875
1 0.518125 0.44625 0.52125 0.4525 0.51875 0.4675 0.515 0.465625 0.513125 0.46 0.513125 0.450625 0.5175 0.44625
1 0.5215625 0.4265625 0.009375 0.036875
1 0.505625 0.1 0.509375 0.106875 0.51 0.133125 0.50875 0.140625 0.5025 0.14875 0.4975 0.145 0.495625 0.138125 0.495625 0.111875 0.498125 0.101875 0.505 0.1
1 0.509375 0.7725 0.5125 0.774375 0.515625 0.78125 0.5175 0.8025 0.51625 0.82 0.51125 0.82625 0.505 0.825 0.499375 0.803125 0.50125 0.779375 0.505625 0.773125 0.50875 0.7725
1 0.498125 0.68875 0.501875 0.69875 0.501875 0.7075 0.498125 0.715625 0.493125 0.713125 0.49125 0.704375 0.491875 0.693125 0.494375 0.68875 0.4975 0.68875
1 0.44375 0.534375 0.438125 0.52125 0.4375 0.49125 0.44 0.486875 0.445 0.485625 0.45 0.491875 0.4525 0.5225 0.449375 0.53375 0.44625 0.535625 0.444375 0.534375
1 0.4975 0.259375 0.495 0.245 0.499375 0.2375 0.501875 0.238125 0.503125 0.241875 0.503125 0.254375 0.501875 0.25875 0.498125 0.259375
1 0.448125 0.18 0.4525 0.1925 0.4525 0.20125 0.45 0.21125 0.446875 0.21375 0.441875 0.206875 0.44125 0.191875 0.444375 0.18 0.4475 0.18
1 0.4909375 0.281875 0.009375 0.0275
1 0.505625 0.685 0.508125 0.688125 0.50875 0.701875 0.505 0.708125 0.50125 0.69 0.505 0.685
1 0.45875 0.67875 0.463125 0.679375 0.465625 0.68875 0.464375 0.70375 0.4625 0.7075 0.459375 0.708125 0.455 0.691875 0.455625 0.684375 0.45875 0.679375
1 0.44125 0.13125 0.44375 0.14 0.44375 0.151875 0.443125 0.160625 0.440625 0.16375 0.435625 0.16125 0.43375 0.154375 0.434375 0.135625 0.43625 0.131875 0.440625 0.13125
1 0.51 0.51 0.5125 0.511875 0.515625 0.525625 0.515 0.533125 0.511875 0.5375 0.50875 0.535625 0.5075 0.529375 0.5075 0.511875 0.509375 0.51
1 0.51875 0.065625 0.525 0.0725 0.52875 0.0825 0.52875 0.09625 0.525 0.10625 0.51875 0.110625 0.510625 0.098125 0.51125 0.07875 0.515 0.06875 0.518125 0.06625
1 0.470625 0.135 0.475 0.139375 0.476875 0.155 0.475625 0.175 0.47125 0.180625 0.466875 0.17875 0.463125 0.16625 0.463125 0.146875 0.46625 0.13625 0.47 0.135
1 0.5325 0.66 0.535625 0.675 0.535 0.71375 0.5325 0.71625 0.53 0.713125 0.526875 0.69375 0.5275 0.6775 0.5325 0.660625
1 0.47375 0.554375 0.47625 0.56125 0.47625 0.57375 0.474375 0.581875 0.47125 0.58375 0.466875 0.575625 0.466875 0.56 0.47 0.554375 0.473125 0.554375
1 0.46875 0.055 0.47375 0.065 0.47375 0.076875 0.470625 0.085625 0.463125 0.083125 0.459375 0.07125 0.461875 0.0575 0.465625 0.054375 0.468125 0.055
1 0.44625 0.641875 0.449375 0.643125 0.450625 0.6525 0.449375 0.686875 0.445625 0.686875 0.44375 0.67875 0.445625 0.6425
1 0.476875 0.36375 0.48125 0.375625 0.480625 0.3975 0.476875 0.400625 0.473125 0.394375 0.473125 0.371875 0.47625 0.364375
1 0.52125 0.229375 0.52625 0.240625 0.52625 0.26625 0.52375 0.275625 0.519375 0.28125 0.515 0.28125 0.51125 0.27625 0.508125 0.265625 0.5075 0.250625 0.510625 0.2325 0.520625 0.229375
1 0.5025 0.454375 0.50625 0.46 0.50625 0.47375 0.501875 0.479375 0.4975 0.4725 0.4975 0.46 0.501875 0.454375
1 0.529375 0.6065625 0.015 0.058125
