1 0.4831081081081081 0.3409090909090909 0.4864864864864865 0.3522727272727273 0.49324324324324326 0.3522727272727273 0.4966216216216216 0.36363636363636365 0.5 0.36363636363636365 0.5067567567567568 0.3977272727272727 0.5033783783783784 0.4090909090909091 0.5033783783783784 0.42045454545454547 0.49324324324324326 0.4431818181818182 0.4594594594594595 0.4431818181818182 0.4560810810810811 0.4318181818181818 0.4527027027027027 0.4318181818181818 0.44594594594594594 0.4090909090909091 0.44594594594594594 0.375 0.4527027027027027 0.3522727272727273 0.4594594594594595 0.3522727272727273 0.46283783783783783 0.3409090909090909 0.4797297297297297 0.3409090909090909
1 0.6891891891891891 0.7840909090909091 0.6925675675675675 0.7954545454545454 0.6925675675675675 0.8068181818181818 0.6891891891891891 0.8181818181818182 0.5743243243243243 0.8181818181818182 0.5709459459459459 0.8295454545454546 0.5506756756756757 0.8295454545454546 0.5472972972972973 0.8409090909090909 0.5168918918918919 0.8409090909090909 0.5067567567567568 0.8068181818181818 0.5033783783783784 0.8068181818181818 0.5033783783783784 0.7954545454545454 0.5135135135135135 0.7954545454545454 0.5168918918918919 0.7840909090909091 0.5337837837837838 0.7840909090909091 0.5371621621621622 0.7727272727272727 0.5709459459459459 0.7727272727272727 0.5743243243243243 0.7613636363636364 0.6182432432432432 0.7613636363636364 0.6216216216216216 0.7727272727272727 0.6756756756756757 0.7727272727272727 0.6790540540540541 0.7840909090909091 0.6858108108108109 0.7840909090909091
1 0.9966216216216216 0.3068181818181818 0.9966216216216216 0.375 0.9763513513513513 0.375 0.9695945945945946 0.3522727272727273 0.9695945945945946 0.3409090909090909 0.9763513513513513 0.3181818181818182 0.9797297297297297 0.3181818181818182 0.9831081081081081 0.3068181818181818 0.9932432432432432 0.3068181818181818
1 0.27364864864864863 0.4431818181818182 0.2905405405405405 0.4431818181818182 0.2939189189189189 0.4318181818181818 0.36486486486486486 0.4318181818181818 0.36824324324324326 0.4431818181818182 0.36824324324324326 0.4659090909090909 0.3614864864864865 0.48863636363636365 0.27702702702702703 0.48863636363636365 0.2702702702702703 0.4659090909090909 0.27364864864864863 0.45454545454545453
1 0.75 0.5795454545454546 0.7533783783783784 0.5909090909090909 0.7567567567567568 0.5909090909090909 0.7567567567567568 0.6022727272727273 0.7533783783783784 0.6136363636363636 0.7466216216216216 0.6136363636363636 0.7432432432432432 0.625 0.7162162162162162 0.625 0.7128378378378378 0.6363636363636364 0.7027027027027027 0.6363636363636364 0.6993243243243243 0.625 0.6824324324324325 0.625 0.6790540540540541 0.6363636363636364 0.5506756756756757 0.6363636363636364 0.5472972972972973 0.6477272727272727 0.49324324324324326 0.6477272727272727 0.4831081081081081 0.625 0.49324324324324326 0.6022727272727273 0.5033783783783784 0.6022727272727273 0.5067567567567568 0.5909090909090909 0.543918918918919 0.5909090909090909 0.5472972972972973 0.5795454545454546 0.6621621621621622 0.5795454545454546 0.6655405405405406 0.5681818181818182 0.7364864864864865 0.5681818181818182 0.7398648648648649 0.5795454545454546 0.7466216216216216 0.5795454545454546
1 0.23310810810810811 0.6363636363636364 0.23648648648648649 0.6477272727272727 0.23986486486486486 0.6477272727272727 0.24662162162162163 0.6704545454545454 0.24662162162162163 0.6931818181818182 0.24324324324324326 0.6931818181818182 0.23986486486486486 0.7045454545454546 0.10472972972972973 0.7045454545454546 0.10135135135135136 0.6931818181818182 0.09797297297297297 0.6931818181818182 0.09797297297297297 0.6590909090909091 0.10135135135135136 0.6477272727272727 0.10810810810810811 0.6477272727272727 0.11148648648648649 0.6363636363636364 0.15202702702702703 0.6363636363636364 0.1554054054054054 0.625 0.20608108108108109 0.625 0.20945945945945946 0.6363636363636364 0.22972972972972974 0.6363636363636364
1 0.16216216216216217 0.4318181818181818 0.16554054054054054 0.4431818181818182 0.16554054054054054 0.4659090909090909 0.1554054054054054 0.48863636363636365 0.08445945945945946 0.48863636363636365 0.08108108108108109 0.4772727272727273 0.08108108108108109 0.4659090909090909 0.08445945945945946 0.4659090909090909 0.08783783783783784 0.45454545454545453 0.09797297297297297 0.45454545454545453 0.10135135135135136 0.4431818181818182 0.11824324324324324 0.4431818181818182 0.12162162162162163 0.4318181818181818 0.15878378378378377 0.4318181818181818
1 0.4155405405405405 0.6363636363636364 0.4189189189189189 0.6363636363636364 0.4222972972972973 0.625 0.4391891891891892 0.625 0.44256756756756754 0.6363636363636364 0.44256756756756754 0.6704545454545454 0.43243243243243246 0.6931818181818182 0.42567567567567566 0.6931818181818182 0.4222972972972973 0.6818181818181818 0.4189189189189189 0.6818181818181818 0.4155405405405405 0.6704545454545454 0.4155405405405405 0.6477272727272727
1 0.21621621621621623 0.4318181818181818 0.21621621621621623 0.4659090909090909 0.21283783783783783 0.4772727272727273 0.18243243243243243 0.4772727272727273 0.17905405405405406 0.4659090909090909 0.17905405405405406 0.4431818181818182 0.18243243243243243 0.4318181818181818 0.1891891891891892 0.4318181818181818 0.19256756756756757 0.42045454545454547 0.20945945945945946 0.42045454545454547 0.21283783783783783 0.4318181818181818
1 0.918918918918919 0.7727272727272727 0.9222972972972973 0.7840909090909091 0.9290540540540541 0.7840909090909091 0.9324324324324325 0.7954545454545454 0.9324324324324325 0.8068181818181818 0.9290540540540541 0.8181818181818182 0.9290540540540541 0.8295454545454546 0.9155405405405406 0.8295454545454546 0.9121621621621622 0.8409090909090909 0.8175675675675675 0.8409090909090909 0.8141891891891891 0.8522727272727273 0.7635135135135135 0.8522727272727273 0.7601351351351351 0.8409090909090909 0.75 0.8409090909090909 0.7466216216216216 0.8295454545454546 0.7398648648648649 0.8295454545454546 0.7364864864864865 0.8181818181818182 0.7398648648648649 0.8181818181818182 0.7466216216216216 0.7954545454545454 0.75 0.7954545454545454 0.7533783783783784 0.7840909090909091 0.7871621621621622 0.7840909090909091 0.7905405405405406 0.7727272727272727 0.9155405405405406 0.7727272727272727
1 0.22972972972972974 0.2727272727272727 0.3141891891891892 0.2727272727272727 0.30743243243243246 0.29545454545454547 0.30067567567567566 0.29545454545454547 0.28040540540540543 0.3409090909090909 0.25 0.3409090909090909 0.24662162162162163 0.32954545454545453 0.23310810810810811 0.32954545454545453 0.22635135135135134 0.3068181818181818 0.22635135135135134 0.29545454545454547 0.22972972972972974 0.2840909090909091
1 0.0033783783783783786 0.4659090909090909 0.006756756756756757 0.4659090909090909 0.010135135135135136 0.45454545454545453 0.0472972972972973 0.45454545454545453 0.05067567567567568 0.4659090909090909 0.05405405405405406 0.4659090909090909 0.05405405405405406 0.48863636363636365 0.04391891891891892 0.5113636363636364 0.02027027027027027 0.5113636363636364 0.016891891891891893 0.5227272727272727 0.0033783783783783786 0.5227272727272727 0.0033783783783783786 0.4772727272727273
1 0.3547297297297297 0.7840909090909091 0.3581081081081081 0.7954545454545454 0.36486486486486486 0.7954545454545454 0.36824324324324326 0.8068181818181818 0.375 0.8068181818181818 0.375 0.875 0.3716216216216216 0.875 0.36824324324324326 0.8863636363636364 0.3581081081081081 0.8863636363636364 0.3547297297297297 0.8977272727272727 0.3310810810810811 0.8977272727272727 0.3277027027027027 0.8863636363636364 0.32094594594594594 0.8863636363636364 0.31756756756756754 0.875 0.3141891891891892 0.875 0.3141891891891892 0.8636363636363636 0.3108108108108108 0.8522727272727273 0.3108108108108108 0.8068181818181818 0.31756756756756754 0.8068181818181818 0.32094594594594594 0.7954545454545454 0.33783783783783783 0.7954545454545454 0.34121621621621623 0.7840909090909091 0.35135135135135137 0.7840909090909091
1 0.9966216216216216 0.3068181818181818 0.9966216216216216 0.375 0.9932432432432432 0.38636363636363635 0.9662162162162162 0.38636363636363635 0.9594594594594594 0.3522727272727273 0.9594594594594594 0.3409090909090909 0.9628378378378378 0.32954545454545453 0.9628378378378378 0.3181818181818182 0.9662162162162162 0.3181818181818182 0.9695945945945946 0.3068181818181818 0.9932432432432432 0.3068181818181818
