1 0.4090625 0.535625 0.049375 0.014375
1 0.196875 0.558125 0.048125 0.015
1 0.266875 0.5496875 0.034375 0.010625
1 0.461875 0.5578125 0.044375 0.013125
1 0.3415625 0.541875 0.043125 0.011875
1 0.424375 0.494375 0.04 0.01
1 0.9421875 0.5475 0.04 0.013125
1 0.37375 0.520625 0.055625 0.014375
1 0.68375 0.540625 0.045625 0.01125
1 0.478125 0.464375 0.039375 0.0125
1 0.5028125 0.5390625 0.036875 0.011875
1 0.7028125 0.5575 0.053125 0.01
1 0.3421875 0.4721875 0.050625 0.0125
1 0.571875 0.4584375 0.050625 0.0125
1 0.2265625 0.4690625 0.050625 0.01125
1 0.8859375 0.4853125 0.064375 0.00875
1 0.983125 0.4446875 0.033125 0.0125
1 0.034375 0.565625 0.0375 0.011875
1 0.309375 0.48125 0.051875 0.01375
1 0.7428125 0.49 0.05125 0.01
1 0.1028125 0.5665625 0.025 0.008125
1 0.2271875 0.524375 0.058125 0.0125
1 0.1775 0.4640625 0.0425 0.008125
1 0.9234375 0.49875 0.05125 0.006875
1 0.8134375 0.455625 0.033125 0.01
1 0.2040625 0.5040625 0.040625 0.010625
1 0.074375 0.519375 0.045625 0.0125
1 0.165625 0.484375 0.053125 0.010625
1 0.1859375 0.530625 0.038125 0.011875
1 0.1203125 0.5196875 0.04625 0.011875
1 0.279375 0.465625 0.020625 0.005
1 0.6034375 0.5609375 0.026875 0.00375
1 0.295 0.5125 0.03625 0.006875
1 0.7875 0.5525 0.09125 0.018125
1 0.3096875 0.5028125 0.02875 0.005625
1 0.8034375 0.5503125 0.058125 0.01375
1 0.2178125 0.5115625 0.035625 0.009375
