1 0.47125 0.3928125 0.015 0.0575
1 0.5553125 0.48875 0.016875 0.05125
1 0.5296875 0.844375 0.015 0.0475
1 0.491875 0.195 0.02 0.065
1 0.469375 0.3090625 0.008125 0.053125
1 0.4896875 0.0921875 0.018125 0.063125
1 0.4809375 0.911875 0.019375 0.045625
1 0.4840625 0.7428125 0.02 0.055625
1 0.498125 0.875 0.014375 0.050625
1 0.5284375 0.43125 0.01 0.03
1 0.5328125 0.9290625 0.013125 0.030625
1 0.498125 0.53375 0.01 0.02625
1 0.4890625 0.4765625 0.008125 0.029375
1 0.5028125 0.2975 0.010625 0.03
1 0.500625 0.75125 0.00875 0.023125
1 0.5521875 0.335 0.00875 0.050625
1 0.5384375 0.3053125 0.009375 0.029375
1 0.4828125 0.541875 0.0075 0.021875
1 0.5109375 0.9765625 0.01 0.0275
1 0.5090625 0.71875 0.009375 0.026875
1 0.523125 0.6184375 0.009375 0.035
1 0.55375 0.800625 0.011875 0.03375
1 0.47875 0.57125 0.01 0.03625
1 0.5425 0.778125 0.01 0.026875
1 0.5615625 0.8515625 0.010625 0.034375
1 0.495625 0.30125 0.0075 0.02375
1 0.4765625 0.255 0.0075 0.019375
