1 0.8597640891218873 0.3917910447761194 0.8663171690694627 0.40671641791044777 0.8650065530799476 0.4141791044776119 0.8597640891218873 0.4291044776119403 0.8479685452162516 0.4291044776119403 0.8466579292267365 0.43283582089552236 0.8322411533420708 0.4291044776119403 0.8283093053735255 0.4141791044776119 0.8335517693315858 0.39552238805970147 0.8387942332896461 0.3843283582089552 0.8584534731323722 0.3917910447761194
1 0.2503276539973788 0.7201492537313433 0.2581913499344692 0.7276119402985075 0.2608125819134993 0.7350746268656716 0.2581913499344692 0.7425373134328358 0.2398427260812582 0.7388059701492538 0.23722149410222804 0.7313432835820896 0.23853211009174313 0.7238805970149254 0.2490170380078637 0.7201492537313433
1 0.7103538663171691 0.5223880597014925 0.7116644823066841 0.5261194029850746 0.7221494102228048 0.5261194029850746 0.7260812581913499 0.5335820895522388 0.7221494102228048 0.5410447761194029 0.7051114023591087 0.5410447761194029 0.6959370904325033 0.5335820895522388 0.7011795543905636 0.5261194029850746 0.709043250327654 0.5261194029850746
1 0.5740498034076016 0.15671641791044777 0.5779816513761468 0.16791044776119404 0.5779816513761468 0.17537313432835822 0.5701179554390564 0.19029850746268656 0.5557011795543906 0.1865671641791045 0.5504587155963303 0.17537313432835822 0.5504587155963303 0.16417910447761194 0.5530799475753604 0.15671641791044777 0.5609436435124509 0.14925373134328357 0.5674967234600262 0.14925373134328357 0.5727391874180865 0.15671641791044777
1 0.690694626474443 0.7910447761194029 0.6972477064220184 0.7947761194029851 0.7038007863695938 0.8097014925373134 0.7038007863695938 0.8171641791044776 0.6985583224115334 0.8246268656716418 0.6802096985583224 0.8208955223880597 0.6736566186107471 0.8097014925373134 0.6736566186107471 0.8022388059701493 0.6762778505897772 0.7947761194029851 0.6893840104849279 0.7910447761194029
1 0.039318479685452164 0.05223880597014925 0.04456094364351245 0.06343283582089553 0.04980340760157274 0.08582089552238806 0.045871559633027525 0.1044776119402985 0.035386631716906945 0.11194029850746269 0.02490170380078637 0.11194029850746269 0.014416775884665793 0.1044776119402985 0.010484927916120577 0.09701492537313433 0.010484927916120577 0.08582089552238806 0.01310615989515072 0.0708955223880597 0.020969855832241154 0.05223880597014925 0.03800786369593709 0.05223880597014925
1 0.5425950196592398 0.6305970149253731 0.5530799475753604 0.6380597014925373 0.562254259501966 0.6567164179104478 0.563564875491481 0.667910447761194 0.5557011795543906 0.6865671641791045 0.5334207077326344 0.6865671641791045 0.5242463958060288 0.667910447761194 0.5229357798165137 0.6604477611940298 0.5242463958060288 0.6417910447761194 0.5321100917431193 0.6305970149253731 0.5412844036697247 0.6305970149253731
1 0.7182175622542595 0.07835820895522388 0.01310615989515072 0.022388059701492536
1 0.4927916120576671 0.7238805970149254 0.4967234600262123 0.7201492537313433 0.5072083879423329 0.7238805970149254 0.5111402359108781 0.7350746268656716 0.5072083879423329 0.746268656716418 0.4980340760157274 0.746268656716418 0.4927916120576671 0.7388059701492538 0.49148099606815204 0.7313432835820896 0.4927916120576671 0.7276119402985075
1 0.42463958060288337 0.0037313432835820895 0.4272608125819135 0.007462686567164179 0.42857142857142855 0.018656716417910446 0.42201834862385323 0.026119402985074626 0.41022280471821754 0.022388059701492536 0.4089121887287025 0.011194029850746268 0.41415465268676277 0.0037313432835820895 0.4233289646133683 0.0037313432835820895
1 0.5242463958060288 0.2462686567164179 0.5321100917431193 0.2574626865671642 0.5307994757536042 0.26865671641791045 0.5137614678899083 0.26492537313432835 0.5124508519003932 0.26119402985074625 0.5137614678899083 0.2537313432835821 0.5229357798165137 0.2462686567164179
1 0.8466579292267365 0.7835820895522388 0.8532110091743119 0.8022388059701493 0.8492791612057667 0.8134328358208955 0.8335517693315858 0.8134328358208955 0.8269986893840104 0.8097014925373134 0.8230668414154653 0.8022388059701493 0.8230668414154653 0.7873134328358209 0.8269986893840104 0.7798507462686567 0.8453473132372215 0.7835820895522388
1 0.9659239842726082 0.33955223880597013 0.9711664482306684 0.34328358208955223 0.9737876802096985 0.35074626865671643 0.9711664482306684 0.3619402985074627 0.9593709043250328 0.3619402985074627 0.9515072083879423 0.35074626865671643 0.9528178243774574 0.34328358208955223 0.9646133682830931 0.33955223880597013
1 0.5792922673656619 0.5223880597014925 0.581913499344692 0.5261194029850746 0.581913499344692 0.5335820895522388 0.5792922673656619 0.5373134328358209 0.5674967234600262 0.5373134328358209 0.562254259501966 0.5335820895522388 0.5596330275229358 0.5261194029850746 0.5674967234600262 0.5186567164179104 0.5779816513761468 0.5223880597014925
1 0.6500655307994757 0.5335820895522388 0.6566186107470511 0.5373134328358209 0.6605504587155964 0.5485074626865671 0.6605504587155964 0.5559701492537313 0.6553079947575361 0.5634328358208955 0.6395806028833552 0.5634328358208955 0.6343381389252949 0.5597014925373134 0.6290956749672346 0.5485074626865671 0.6290956749672346 0.5373134328358209 0.6317169069462647 0.5335820895522388 0.6487549148099607 0.5335820895522388
1 0.6749672346002621 0.22761194029850745 0.6775884665792923 0.21641791044776118 0.6841415465268676 0.208955223880597 0.7024901703800787 0.2126865671641791 0.7077326343381389 0.23134328358208955 0.7024901703800787 0.2462686567164179 0.6985583224115334 0.25 0.6867627785058977 0.25 0.6802096985583224 0.24253731343283583 0.6762778505897772 0.23134328358208955
1 0.9003931847968545 0.3283582089552239 0.9108781127129751 0.33955223880597013 0.9108781127129751 0.34701492537313433 0.9043250327653998 0.3656716417910448 0.891218872870249 0.3656716417910448 0.8859764089121888 0.3582089552238806 0.8833551769331586 0.34701492537313433 0.8833551769331586 0.3358208955223881 0.8925294888597641 0.3283582089552239 0.8990825688073395 0.3283582089552239
1 0.5334207077326344 0.7201492537313433 0.5425950196592398 0.7276119402985075 0.5425950196592398 0.7350746268656716 0.526867627785059 0.7313432835820896 0.5255570117955439 0.7276119402985075 0.526867627785059 0.7238805970149254 0.5321100917431193 0.7201492537313433
1 0.45740498034076016 0.018656716417910446 0.4600262123197903 0.022388059701492536 0.4600262123197903 0.033582089552238806 0.4521625163826999 0.033582089552238806 0.4521625163826999 0.022388059701492536 0.45609436435124506 0.018656716417910446
1 0.35124508519003933 0.07835820895522388 0.35255570117955437 0.08208955223880597 0.36041939711664484 0.08208955223880597 0.3656618610747051 0.09701492537313433 0.35910878112712974 0.11194029850746269 0.35255570117955437 0.11567164179104478 0.34338138925294887 0.11194029850746269 0.3381389252948886 0.10074626865671642 0.3394495412844037 0.08955223880597014 0.34338138925294887 0.08208955223880597 0.34993446920052423 0.08208955223880597
1 0.9528178243774574 0.6753731343283582 0.9567496723460026 0.6828358208955224 0.9554390563564875 0.6940298507462687 0.9501965923984272 0.6977611940298507 0.9397116644823067 0.6902985074626866 0.9370904325032765 0.6828358208955224 0.9370904325032765 0.6753731343283582 0.9384010484927916 0.6716417910447762 0.9501965923984272 0.6716417910447762 0.9515072083879423 0.6753731343283582
1 0.41153342070773263 0.1865671641791045 0.418086500655308 0.20522388059701493 0.41939711664482304 0.21641791044776118 0.418086500655308 0.23507462686567165 0.40629095674967236 0.2462686567164179 0.3944954128440367 0.2462686567164179 0.3931847968545216 0.25 0.37745740498034075 0.2462686567164179 0.3735255570117955 0.23880597014925373 0.3735255570117955 0.23134328358208955 0.3761467889908257 0.22388059701492538 0.3840104849279161 0.21641791044776118 0.38663171690694625 0.20522388059701493 0.3905635648754915 0.20522388059701493 0.3931847968545216 0.2126865671641791 0.3984272608125819 0.19402985074626866 0.4036697247706422 0.1865671641791045 0.41022280471821754 0.1865671641791045
1 0.20576671035386632 0.5932835820895522 0.22018348623853212 0.6007462686567164 0.22673656618610746 0.6194029850746269 0.22673656618610746 0.6268656716417911 0.21231979030144169 0.6417910447761194 0.20445609436435125 0.6380597014925373 0.19528178243774574 0.6268656716417911 0.19003931847968544 0.6194029850746269 0.18872870249017037 0.6119402985074627 0.18872870249017037 0.6044776119402985 0.19397116644823068 0.5970149253731343 0.20445609436435125 0.5932835820895522
1 0.2634338138925295 0.26119402985074625 0.2686762778505898 0.26865671641791045 0.2686762778505898 0.2798507462686567 0.26474442988204455 0.2835820895522388 0.24770642201834864 0.2835820895522388 0.24115334207077327 0.27611940298507465 0.24115334207077327 0.26492537313432835 0.2437745740498034 0.26119402985074625 0.25557011795543905 0.26119402985074625 0.25688073394495414 0.2574626865671642 0.2621231979030144 0.26119402985074625
1 0.7680209698558322 0.39925373134328357 0.7719528178243774 0.40671641791044777 0.7719528178243774 0.417910447761194 0.7693315858453473 0.4216417910447761 0.7614678899082569 0.4216417910447761 0.7588466579292268 0.4141791044776119 0.7614678899082569 0.40298507462686567 0.7667103538663171 0.39925373134328357
1 0.799475753604194 0.3843283582089552 0.8138925294888598 0.39552238805970147 0.817824377457405 0.4141791044776119 0.8125819134993447 0.43283582089552236 0.8020969855832241 0.44402985074626866 0.7916120576671035 0.44402985074626866 0.781127129750983 0.4253731343283582 0.7798165137614679 0.417910447761194 0.7798165137614679 0.40298507462686567 0.7863695937090432 0.3880597014925373 0.7981651376146789 0.3843283582089552
1 0.30013106159895153 0.1791044776119403 0.30799475753604194 0.1865671641791045 0.3119266055045872 0.19776119402985073 0.3132372214941022 0.2126865671641791 0.30799475753604194 0.22761194029850745 0.29882044560943644 0.23507462686567165 0.2857142857142857 0.23134328358208955 0.27916120576671033 0.22014925373134328 0.2765399737876802 0.208955223880597 0.2778505897771953 0.19776119402985073 0.28309305373525556 0.1828358208955224 0.29882044560943644 0.1791044776119403
1 0.5360419397116645 0.20149253731343283 0.5439056356487549 0.21641791044776118 0.5439056356487549 0.22761194029850745 0.5399737876802096 0.23507462686567165 0.5334207077326344 0.23507462686567165 0.5321100917431193 0.23880597014925373 0.5229357798165137 0.23134328358208955 0.5203145478374837 0.22014925373134328 0.5242463958060288 0.20522388059701493 0.5347313237221494 0.20149253731343283
1 0.44626474442988207 0.13246268656716417 0.011795543905635648 0.018656716417910446
1 0.41153342070773263 0.1865671641791045 0.41546526867627787 0.19402985074626866 0.41546526867627787 0.20149253731343283 0.418086500655308 0.208955223880597 0.418086500655308 0.23507462686567165 0.4036697247706422 0.2462686567164179 0.399737876802097 0.24253731343283583 0.3944954128440367 0.21641791044776118 0.39580602883355176 0.20522388059701493 0.40104849279161203 0.19029850746268656 0.41022280471821754 0.1865671641791045
1 0.16120576671035386 0.6305970149253731 0.17169069462647443 0.6380597014925373 0.17300131061598953 0.6455223880597015 0.17169069462647443 0.6604477611940298 0.16382699868938402 0.667910447761194 0.145478374836173 0.667910447761194 0.1402359108781127 0.664179104477612 0.13237221494102228 0.6455223880597015 0.13237221494102228 0.6380597014925373 0.14154652686762778 0.6268656716417911 0.1598951507208388 0.6305970149253731
1 0.9986893840104849 0.6156716417910447 0.9986893840104849 0.6492537313432836 0.9921363040629095 0.6492537313432836 0.981651376146789 0.6305970149253731 0.981651376146789 0.6231343283582089 0.9855832241153342 0.6156716417910447 0.9973787680209698 0.6156716417910447
1 0.0655307994757536 0.16417910447761194 0.07339449541284404 0.16417910447761194 0.07470511140235911 0.16791044776119404 0.07339449541284404 0.1791044776119403 0.06684141546526867 0.1791044776119403 0.06422018348623854 0.17164179104477612 0.0655307994757536 0.16791044776119404
1 0.3145478374836173 0.12313432835820895 0.31847968545216254 0.13432835820895522 0.3132372214941022 0.1417910447761194 0.29882044560943644 0.1417910447761194 0.2961992136304063 0.13432835820895522 0.30144167758846657 0.12313432835820895 0.3132372214941022 0.12313432835820895
1 0.3918741808650065 0.22014925373134328 0.39711664482306686 0.23507462686567165 0.39711664482306686 0.24253731343283583 0.3918741808650065 0.25 0.37745740498034075 0.2462686567164179 0.3722149410222805 0.23507462686567165 0.37876802096985585 0.22014925373134328 0.3905635648754915 0.22014925373134328
1 0.9069462647444299 0.6492537313432836 0.9134993446920052 0.6567164179104478 0.9148099606815203 0.6604477611940298 0.9134993446920052 0.667910447761194 0.8951507208387942 0.664179104477612 0.8938401048492791 0.6567164179104478 0.9056356487549148 0.6492537313432836
1 0.2595019659239843 0.12313432835820895 0.2634338138925295 0.13059701492537312 0.2608125819134993 0.13805970149253732 0.24639580602883354 0.1455223880597015 0.23853211009174313 0.1417910447761194 0.23853211009174313 0.13432835820895522 0.24246395806028834 0.12313432835820895 0.2490170380078637 0.12313432835820895 0.2503276539973788 0.11940298507462686 0.2581913499344692 0.12313432835820895
1 0.6644823066841415 0.3694029850746269 0.6710353866317169 0.376865671641791 0.6749672346002621 0.3880597014925373 0.6710353866317169 0.39925373134328357 0.6644823066841415 0.40671641791044777 0.6513761467889908 0.40298507462686567 0.6461336828309305 0.39552238805970147 0.6448230668414154 0.3880597014925373 0.6500655307994757 0.373134328358209 0.6631716906946264 0.3694029850746269
1 0.8479685452162516 0.5746268656716418 0.8584534731323722 0.582089552238806 0.8623853211009175 0.5895522388059702 0.8623853211009175 0.6044776119402985 0.8532110091743119 0.6156716417910447 0.836173001310616 0.6119402985074627 0.8283093053735255 0.5970149253731343 0.8269986893840104 0.5895522388059702 0.8322411533420708 0.5746268656716418 0.8466579292267365 0.5746268656716418
1 0.47575360419397117 0.4216417910447761 0.4849279161205767 0.4291044776119403 0.48623853211009177 0.43656716417910446 0.4849279161205767 0.44402985074626866 0.4783748361730013 0.44402985074626866 0.47706422018348627 0.44776119402985076 0.46526867627785057 0.44402985074626866 0.4613368283093054 0.43283582089552236 0.46526867627785057 0.4216417910447761 0.4744429882044561 0.4216417910447761
1 0.35386631716906947 0.19029850746268656 0.3577981651376147 0.19402985074626866 0.36304062909567497 0.208955223880597 0.36304062909567497 0.22014925373134328 0.3577981651376147 0.23507462686567165 0.35386631716906947 0.23880597014925373 0.3302752293577982 0.23507462686567165 0.3237221494102228 0.22014925373134328 0.3237221494102228 0.2126865671641791 0.3315858453473132 0.19402985074626866 0.33551769331585846 0.19029850746268656 0.35255570117955437 0.19029850746268656
1 0.13761467889908258 0.3694029850746269 0.14154652686762778 0.376865671641791 0.14154652686762778 0.3843283582089552 0.1363040629095675 0.3917910447761194 0.11795543905635648 0.3917910447761194 0.11009174311926606 0.3805970149253731 0.11009174311926606 0.373134328358209 0.11664482306684142 0.3619402985074627 0.1310615989515072 0.3619402985074627 0.1363040629095675 0.3694029850746269
1 0.3197903014416776 0.5373134328358209 0.31847968545216254 0.5485074626865671 0.3119266055045872 0.5447761194029851 0.3132372214941022 0.5335820895522388 0.31847968545216254 0.5373134328358209
1 0.8794233289646134 0.8694029850746269 0.8846657929226737 0.8619402985074627 0.8938401048492791 0.8619402985074627 0.9017038007863696 0.8694029850746269 0.9069462647444299 0.8805970149253731 0.9017038007863696 0.8955223880597015 0.8899082568807339 0.8955223880597015 0.8794233289646134 0.8731343283582089
1 0.580602883355177 0.38619402985074625 0.01310615989515072 0.026119402985074626
1 0.7588466579292268 0.11567164179104478 0.762778505897772 0.12313432835820895 0.762778505897772 0.13432835820895522 0.7536041939711664 0.1455223880597015 0.7365661861074705 0.1455223880597015 0.7300131061598951 0.13059701492537312 0.7352555701179554 0.11567164179104478 0.7575360419397117 0.11567164179104478
1 0.9003931847968545 0.22014925373134328 0.9043250327653998 0.22761194029850745 0.9056356487549148 0.24253731343283583 0.9030144167758847 0.25 0.8951507208387942 0.2574626865671642 0.8885976408912188 0.2574626865671642 0.8781127129750983 0.2462686567164179 0.8754914809960681 0.23880597014925373 0.8754914809960681 0.22761194029850745 0.8833551769331586 0.21641791044776118 0.8990825688073395 0.22014925373134328
1 0.6002621231979031 0.1828358208955224 0.6094364351245085 0.19776119402985073 0.6094364351245085 0.208955223880597 0.601572739187418 0.22761194029850745 0.5871559633027523 0.22761194029850745 0.5779816513761468 0.208955223880597 0.5779816513761468 0.19776119402985073 0.5845347313237221 0.1828358208955224 0.5910878112712975 0.1791044776119403 0.598951507208388 0.1828358208955224
1 0.6553079947575361 0.2835820895522388 0.6592398427260813 0.2947761194029851 0.6526867627785059 0.30597014925373134 0.6474442988204456 0.30223880597014924 0.6448230668414154 0.2947761194029851 0.6474442988204456 0.2835820895522388 0.653997378768021 0.2835820895522388
1 0.8165137614678899 0.26119402985074625 0.8204456094364351 0.26492537313432835 0.8243774574049804 0.2798507462686567 0.8230668414154653 0.2873134328358209 0.8165137614678899 0.2947761194029851 0.8020969855832241 0.2947761194029851 0.7929226736566186 0.2798507462686567 0.7929226736566186 0.26492537313432835 0.7955439056356488 0.26119402985074625 0.8020969855832241 0.2574626865671642 0.8152031454783748 0.26119402985074625
1 0.28964613368283093 0.7164179104477612 0.3040629095674967 0.7126865671641791 0.3053735255570118 0.7164179104477612 0.3132372214941022 0.7164179104477612 0.31847968545216254 0.7238805970149254 0.31847968545216254 0.7313432835820896 0.31585845347313235 0.7350746268656716 0.29882044560943644 0.7350746268656716 0.28964613368283093 0.7201492537313433
