1 0.8704965920155794 0.48717948717948717 0.872444011684518 0.4938684503901895 0.8695228821811101 0.49944258639910816 0.8636806231742941 0.4938684503901895 0.8659526127880558 0.48717948717948717 0.8701720220707563 0.48717948717948717
1 0.1450827653359299 0.5875139353400223 0.14865303472898408 0.5908584169453734 0.14767932489451477 0.5964325529542921 0.14248620577734503 0.5953177257525084 0.14151249594287568 0.5908584169453734 0.1447581953911068 0.5875139353400223
1 0.6134371957156767 0.4069119286510591 0.6134371957156767 0.4124860646599777 0.6108406361570918 0.41471571906354515 0.6072703667640377 0.4136008918617614 0.6069457968192146 0.40914158305462656 0.6131126257708536 0.4069119286510591
1 0.45731905225576114 0.6566332218506131 0.459915611814346 0.6610925306577481 0.45829276209023045 0.6644370122630993 0.4508276533592989 0.6644370122630993 0.45180136319376824 0.6577480490523969 0.45699448231093803 0.6566332218506131
1 0.061668289516390785 0.6822742474916388 0.06361570918532944 0.6889632107023411 0.060694579681921455 0.693422519509476 0.05322947095098994 0.6923076923076923 0.05128205128205128 0.68561872909699 0.053554040895813046 0.6811594202898551 0.06134371957156767 0.6822742474916388
1 0.14021421616358326 0.49498327759197325 0.14281077572216813 0.5050167224080268 0.13469652710159039 0.5172798216276477 0.124634858812074 0.5128205128205128 0.1210645894190198 0.5083612040133779 0.12074001947419669 0.5016722408026756 0.12885426809477443 0.4938684503901895 0.13988964621876016 0.49498327759197325
1 0.2797792924375203 0.4069119286510591 0.28594612138915937 0.4180602006688963 0.28497241155469005 0.4269788182831661 0.2745861733203505 0.4403567447045708 0.26549821486530345 0.4336677814938685 0.26419993508601103 0.4214046822742475 0.27198961376176567 0.4069119286510591 0.27945472249269715 0.4069119286510591
1 0.6721843557286595 0.4537346711259755 0.6744563453424213 0.4593088071348941 0.6718597857838364 0.46265328874024525 0.667964946445959 0.4593088071348941 0.6718597857838364 0.4537346711259755
1 0.31645569620253167 0.6477146042363434 0.3193768257059396 0.6510590858416946 0.3171048360921779 0.6544035674470458 0.3041220382992535 0.6555183946488294 0.29276209023044464 0.6544035674470458 0.290814670561506 0.6499442586399108 0.29308666017526774 0.6465997770345596 0.31613112625770856 0.6477146042363434
1 0.4901006166828952 0.43478260869565216 0.4936708860759494 0.4358974358974359 0.49269717624148 0.443701226309922 0.4901006166828952 0.44258639910813824 0.4901006166828952 0.4358974358974359
1 0.614086335605323 0.5763656633221851 0.6160337552742616 0.5808249721293199 0.614086335605323 0.5841694537346711 0.6085686465433301 0.5819397993311036 0.6088932164881532 0.5774804905239688 0.6137617656604999 0.5763656633221851
1 0.9678675754625121 0.4659977703455964 0.9691658552418047 0.4593088071348941 0.9737098344693281 0.4604236343366778 0.9740344044141512 0.4659977703455964 0.9681921454073353 0.4659977703455964
1 0.17591691009412527 0.44816053511705684 0.18078545926647194 0.45261984392419174 0.17689061992859462 0.4593088071348941 0.17234664070107109 0.45484949832775917 0.17559234014930217 0.44816053511705684
1 0.5621551444336255 0.4414715719063545 0.5692956832197339 0.44481605351170567 0.572865952612788 0.4604236343366778 0.5722168127231418 0.47045707915273133 0.549172346640701 0.4782608695652174 0.540084388185654 0.4738015607580825 0.537163258682246 0.4593088071348941 0.5475494969165855 0.451505016722408 0.5527426160337553 0.4403567447045708 0.5618305744888024 0.4414715719063545
1 0.9221032132424537 0.483835005574136 0.9253489126906849 0.48717948717948717 0.9263226225251542 0.4983277591973244 0.9201557935735151 0.5072463768115942 0.9081467056150601 0.5050167224080268 0.9068484258357676 0.49498327759197325 0.911067835118468 0.48494983277591974 0.9217786432976306 0.483835005574136
1 0.2489451476793249 0.4659977703455964 0.2525154170723791 0.4693422519509476 0.2525154170723791 0.4738015607580825 0.24472573839662448 0.4793756967670011 0.24050632911392406 0.47268673355629875 0.24862057773450177 0.4659977703455964
1 0.14378448555663745 0.5596432552954292 0.14378448555663745 0.5652173913043478 0.1418370658876988 0.5674470457079153 0.13729308666017526 0.5607580824972129 0.14345991561181434 0.5596432552954292
1 0.3868873742291464 0.6845039018952063 0.3901330736773775 0.6889632107023411 0.38266796494644595 0.693422519509476 0.38234339500162284 0.6878483835005574 0.38656280428432327 0.68561872909699
1 0.7932489451476793 0.3857302118171683 0.7945472249269717 0.3935340022296544 0.7900032456994482 0.40022296544035674 0.7861084063615709 0.3979933110367893 0.7857838364167478 0.391304347826087 0.7929243752028562 0.3857302118171683
1 0.9665692956832197 0.41471571906354515 0.9672184355728659 0.42028985507246375 0.9652710159039273 0.42474916387959866 0.9620253164556962 0.42474916387959866 0.9607270366764038 0.4169453734671126 0.9662447257383966 0.41471571906354515
1 0.7458617332035054 0.39687848383500557 0.7484582927620902 0.40468227424749165 0.7435897435897436 0.411371237458194 0.7396949042518662 0.41025641025641024 0.7374229146381045 0.40245261984392416 0.7413177539759819 0.39464882943143814 0.7455371632586822 0.39687848383500557
1 0.18760142810775723 0.4816053511705686 0.18954884777669587 0.48606465997770343 0.18857513794222655 0.49052396878483834 0.18273287893541057 0.4938684503901895 0.17818889970788704 0.4927536231884058 0.17689061992859462 0.48606465997770343 0.1872768581629341 0.4816053511705686
1 0.25348912690684844 0.6555183946488294 0.2557611165206102 0.6577480490523969 0.25511197663096397 0.6644370122630993 0.24991885751379422 0.6622073578595318 0.24991885751379422 0.6577480490523969 0.25316455696202533 0.6555183946488294
