1 0.4646875 0.6496875 0.018125 0.11125
1 0.5396875 0.761875 0.013125 0.1075
1 0.493125 0.096875 0.01375 0.08
1 0.5046875 0.2925 0.014375 0.064375
1 0.4303125 0.3975 0.014375 0.15
1 0.44125 0.0121875 0.0125 0.024375
1 0.460625 0.34 0.025625 0.11375
1 0.541875 0.253125 0.013125 0.066875
1 0.520625 0.7125 0.01375 0.0875
1 0.451875 0.9571875 0.01625 0.084375
1 0.545625 0.94 0.01 0.10125
1 0.46875 0.020625 0.013125 0.04125
1 0.480625 0.96875 0.01 0.0625
1 0.498125 0.9590625 0.01125 0.08125
1 0.5225 0.0321875 0.011875 0.061875
1 0.5215625 0.286875 0.00875 0.050625
1 0.5496875 0.6353125 0.011875 0.04375
1 0.4471875 0.1159375 0.013125 0.070625
1 0.529375 0.3934375 0.014375 0.040625
1 0.4428125 0.6865625 0.01625 0.144375
1 0.415625 0.1021875 0.009375 0.043125
1 0.51375 0.5284375 0.014375 0.0525
1 0.4325 0.1409375 0.013125 0.069375
1 0.543125 0.4478125 0.01125 0.053125
1 0.4296875 0.21625 0.011875 0.0875
1 0.5221875 0.1471875 0.0075 0.039375
1 0.5409375 0.5340625 0.015625 0.068125
