1 0.5684375 0.294375 0.021875 0.03875
1 0.5778125 0.609375 0.018125 0.038125
1 0.62625 0.966875 0.02375 0.040625
1 0.6325 0.6459375 0.015 0.029375
1 0.571875 0.535625 0.023125 0.03625
1 0.5503125 0.75375 0.02 0.045625
1 0.520625 0.988125 0.019375 0.02375
1 0.5309375 0.368125 0.024375 0.050625
1 0.484375 0.3446875 0.013125 0.0375
1 0.4934375 0.433125 0.015625 0.030625
1 0.5853125 0.440625 0.015 0.031875
1 0.645625 0.2521875 0.01375 0.033125
1 0.505625 0.76875 0.0125 0.033125
1 0.5925 0.3990625 0.011875 0.031875
1 0.6015625 0.5796875 0.010625 0.021875
1 0.56625 0.0059375 0.01375 0.011875
1 0.500625 0.2415625 0.01375 0.020625
1 0.5153125 0.4571875 0.009375 0.02375
1 0.49125 0.128125 0.009375 0.015
1 0.5915625 0.946875 0.008125 0.020625
1 0.65375 0.434375 0.006875 0.028125
1 0.5303125 0.0059375 0.010625 0.01125
1 0.645625 0.6903125 0.00875 0.01875
1 0.5584375 0.160625 0.01875 0.045625
1 0.5003125 0.858125 0.00875 0.02375
1 0.645 0.55125 0.0075 0.011875
1 0.5290625 0.3275 0.00875 0.010625
1 0.5496875 0.9428125 0.006875 0.009375
1 0.6065625 0.5403125 0.0075 0.010625
1 0.501875 0.6359375 0.010625 0.0225
1 0.4759375 0.0696875 0.0175 0.036875
1 0.64625 0.748125 0.01 0.023125
1 0.4984375 0.8846875 0.01 0.015625
1 0.6253125 0.2809375 0.0075 0.01
1 0.4971875 0.633125 0.021875 0.028125
1 0.4934375 0.6809375 0.005 0.009375
