1 0.5721875 0.8040625 0.006875 0.011875
1 0.4775 0.204375 0.47375 0.171875 0.474375 0.13375 0.476875 0.1325 0.47875 0.136875 0.48 0.1525 0.480625 0.2025 0.478125 0.20375
1 0.550625 0.563125 0.553125 0.56625 0.553125 0.57125 0.55 0.57625 0.545 0.57125 0.545625 0.56625 0.55 0.563125
1 0.564375 0.57 0.5675 0.574375 0.56875 0.58625 0.5675 0.61125 0.56375 0.620625 0.56 0.618125 0.5575 0.605625 0.559375 0.5775 0.56375 0.57
1 0.545625 0 0.5575 0 0.55375 0.01 0.5475 0.008125 0.545625 0.000625
1 0.46 0.418125 0.465 0.421875 0.468125 0.44125 0.469375 0.5 0.4675 0.50625 0.463125 0.5075 0.46 0.50125 0.455625 0.475 0.45625 0.428125 0.459375 0.41875
1 0.55 0.718125 0.55125 0.725 0.548125 0.72875 0.544375 0.726875 0.544375 0.721875 0.54625 0.718125 0.549375 0.718125
1 0.495 0.908125 0.49875 0.921875 0.498125 0.929375 0.49625 0.930625 0.493125 0.929375 0.49125 0.92125 0.49125 0.913125 0.494375 0.908125
1 0.56125 0.68875 0.564375 0.693125 0.56375 0.69625 0.560625 0.6975 0.558125 0.69375 0.560625 0.68875
1 0.5325 0.37625 0.535625 0.38 0.538125 0.391875 0.538125 0.398125 0.534375 0.405 0.5325 0.40625 0.529375 0.40375 0.526875 0.3975 0.531875 0.376875
1 0.463125 0.441875 0.466875 0.449375 0.46625 0.493125 0.463125 0.495 0.46 0.491875 0.45875 0.484375 0.45875 0.458125 0.4625 0.4425
1 0.569375 0.2475 0.574375 0.248125 0.575625 0.265625 0.575 0.281875 0.5725 0.283125 0.57 0.280625 0.566875 0.26375 0.566875 0.25375 0.569375 0.248125
