1 0.7253125 0.3096875 0.025 0.02375
1 0.20625 0.8715625 0.01875 0.0175
1 0.830625 0.1609375 0.016875 0.01625
1 0.8896875 0.14375 0.019375 0.026875
1 0.1871875 0.8046875 0.016875 0.016875
1 0.131875 0.9 0.015625 0.014375
1 0.2253125 0.74875 0.011875 0.015
1 0.5290625 0.4353125 0.025 0.025
1 0.721875 0.25 0.013125 0.0125
1 0.5415625 0.475 0.015625 0.0175
1 0.2196875 0.83375 0.01375 0.014375
1 0.7446875 0.2621875 0.0125 0.010625
1 0.6684375 0.28 0.019375 0.01875
1 0.34875 0.620625 0.0075 0.006875
1 0.77 0.209375 0.009375 0.01
1 0.4184375 0.6496875 0.009375 0.01125
