1 0.919375 0.9590625 0.08375 0.080625
1 0.5721875 0.73625 0.07375 0.15375
1 0.3975 0.573125 0.18375 0.114375
1 0.4428125 0.693125 0.065625 0.081875
1 0.7003125 0.705625 0.060625 0.095625
1 0.4109375 0.980625 0.07125 0.03875
1 0.0478125 0.7828125 0.0475 0.069375
1 0.513125 0.9425 0.0775 0.041875
1 0.9625 0.489375 0.06625 0.048125
1 0.8821875 0.491875 0.041875 0.050625
1 0.1490625 0.7428125 0.034375 0.051875
1 0.6934375 0.4553125 0.063125 0.086875
1 0.8484375 0.601875 0.0475 0.0725
1 0.933125 0.5984375 0.04125 0.056875
1 0.593125 0.5125 0.02875 0.055625
1 0.2925 0.8259375 0.02875 0.076875
1 0.8021875 0.7528125 0.016875 0.023125
1 0.2196875 0.77375 0.0325 0.07375
1 0.2509375 0.810625 0.03625 0.065
