1 0.3746875 0.966875 0.02375 0.039375
1 0.4325 0.294375 0.021875 0.03875
1 0.429375 0.5353125 0.021875 0.03625
1 0.4509375 0.75375 0.019375 0.045625
1 0.42375 0.609375 0.018125 0.038125
1 0.5165625 0.3446875 0.013125 0.0375
1 0.3684375 0.64625 0.014375 0.029375
1 0.47 0.3675 0.02375 0.051875
1 0.4796875 0.988125 0.02 0.02375
1 0.355625 0.251875 0.01375 0.033125
1 0.5071875 0.4334375 0.01625 0.03125
1 0.408125 0.399375 0.01125 0.0325
1 0.4953125 0.7678125 0.011875 0.034375
1 0.4159375 0.4409375 0.015 0.031875
1 0.3996875 0.58 0.010625 0.02125
1 0.4346875 0.0059375 0.01375 0.011875
1 0.484375 0.4565625 0.009375 0.023125
1 0.500625 0.24125 0.013125 0.020625
1 0.509375 0.1284375 0.009375 0.015
1 0.346875 0.434375 0.006875 0.028125
1 0.40875 0.946875 0.0075 0.02125
1 0.47 0.005625 0.00875 0.01125
1 0.3553125 0.6903125 0.009375 0.0175
1 0.5003125 0.85875 0.009375 0.0275
1 0.5 0.635 0.01375 0.0225
1 0.4721875 0.3271875 0.00875 0.010625
1 0.35625 0.55125 0.0075 0.01125
1 0.4509375 0.9425 0.0075 0.01
1 0.441875 0.1603125 0.018125 0.045625
1 0.3953125 0.54125 0.0075 0.01
