1 0.6754300551768906 0.5418060200668896 0.6751054852320675 0.5496098104793757 0.6702369360597209 0.5529542920847269 0.6640701071080818 0.5507246376811594 0.6637455371632587 0.5418060200668896 0.6751054852320675 0.5418060200668896
1 0.18922427783187276 0.7959866220735786 0.1905225576111652 0.8049052396878483 0.18825056799740345 0.8093645484949833 0.18240830899058746 0.8082497212931996 0.18111002921129504 0.7993311036789298 0.18889970788704966 0.7959866220735786
1 0.5069782538136969 0.5362318840579711 0.5160662122687439 0.5529542920847269 0.5167153521583902 0.5596432552954292 0.5056799740344045 0.568561872909699 0.4664070107108082 0.5674470457079153 0.462836741317754 0.5641025641025641 0.4625121713729309 0.5585284280936454 0.4651087309315157 0.5518394648829431 0.4845829276209023 0.5351170568561873 0.5066536838688738 0.5362318840579711
1 0.643946770529049 0.7536231884057971 0.6462187601428108 0.7547380156075808 0.646867900032457 0.7614269788182831 0.6445959104186952 0.7670011148272018 0.6400519311911717 0.7658862876254181 0.6410256410256411 0.7558528428093646 0.6436222005842259 0.7547380156075808
1 0.5404089581304771 0.6867335562987736 0.5426809477442389 0.6967670011148273 0.5391106783511846 0.7101449275362319 0.5352158390133074 0.7201783723522854 0.5274261603375527 0.7279821627647715 0.5024342745861733 0.7268673355629878 0.49983771502758845 0.7201783723522854 0.5030834144758195 0.7034559643255296 0.5118468029860435 0.6923076923076923 0.540084388185654 0.6867335562987736
1 0.32586822460240183 0.7079152731326644 0.32651736449204805 0.7190635451505016 0.3226225251541707 0.7246376811594203 0.317429406037001 0.7201783723522854 0.3171048360921779 0.7123745819397993 0.3200259655955858 0.7068004459308808 0.32554365465757873 0.7079152731326644
1 0.2940603700097371 0.496098104793757 0.29860434923726065 0.5050167224080268 0.29730606945796817 0.5117056856187291 0.29243752028562153 0.5161649944258639 0.28464784160986695 0.5150501672240803 0.28172671210645894 0.5027870680044593 0.28497241155469005 0.4972129319955407 0.293735800064914 0.496098104793757
1 0.42973060694579684 0.4738015607580825 0.4323271665043817 0.4793756967670011 0.43102888672508927 0.483835005574136 0.42486205777345015 0.483835005574136 0.4255111976630964 0.47491638795986624 0.4294060370009737 0.4738015607580825
1 0.09217786432976306 0.7848383500557413 0.09509899383317105 0.7892976588628763 0.09574813372281726 0.7971014492753623 0.0902304446608244 0.8049052396878483 0.08373904576436222 0.8015607580824972 0.08244076598506979 0.79041248606466 0.08471275559883155 0.7848383500557413 0.09185329438493996 0.7848383500557413
1 0.756897111327491 0.5763656633221851 0.7572216812723142 0.5819397993311036 0.7549496916585524 0.5852842809364549 0.7530022719896138 0.5774804905239688 0.7565725413826679 0.5763656633221851
1 0.42973060694579684 0.7012263099219621 0.4326517364492048 0.7045707915273133 0.4320025965595586 0.7123745819397993 0.4255111976630964 0.7090301003344481 0.4294060370009737 0.7012263099219621
1 0.8704965920155794 0.5362318840579711 0.872444011684518 0.5429208472686734 0.8698474521259332 0.5484949832775919 0.866601752677702 0.5462653288740246 0.866601752677702 0.5395763656633222 0.8701720220707563 0.5362318840579711
1 0.750730282375852 0.496098104793757 0.7526777020447907 0.5016722408026756 0.7487828627069133 0.5061315496098104 0.7422914638104512 0.5061315496098104 0.7403440441415124 0.5005574136008919 0.7439143135345667 0.49498327759197325 0.7504057124310289 0.496098104793757
1 0.5546900357026939 0.5707915273132664 0.5592340149302175 0.5652173913043478 0.5641025641025641 0.5674470457079153 0.5647517039922103 0.5741360089186176 0.5605322947095099 0.5797101449275363 0.5569620253164557 0.5785953177257525 0.555014605647517 0.5719063545150501
1 0.8000649139889646 0.49498327759197325 0.804284323271665 0.4972129319955407 0.8003894839337877 0.5016722408026756 0.8000649139889646 0.496098104793757
