1 0.399375 0.34375 0.439375 0.345 0.436875 0.34875 0.4075 0.35375 0.393125 0.353125 0.385 0.355 0.340625 0.351875 0.3375 0.35 0.336875 0.345 0.39875 0.34375
1 0.79875 0.574375 0.804375 0.57875 0.80625 0.583125 0.805 0.59 0.8 0.593125 0.7875 0.591875 0.783125 0.588125 0.78125 0.5825 0.781875 0.578125 0.785625 0.574375 0.798125 0.574375
1 0.996875 0.57875 0.999375 0.579375 0.999375 0.6 0.9875 0.599375 0.979375 0.59125 0.98 0.584375 0.98375 0.580625 0.99625 0.57875
1 0.693125 0.62125 0.700625 0.625 0.704375 0.63 0.70375 0.6375 0.696875 0.64125 0.685 0.64 0.6775 0.6325 0.678125 0.626875 0.681875 0.6225 0.6925 0.62125
1 0.681875 0.38875 0.686875 0.3925 0.6875 0.3975 0.68375 0.40125 0.675 0.403125 0.658125 0.40125 0.650625 0.39625 0.65 0.391875 0.65375 0.388125 0.66125 0.385625 0.675 0.38625 0.68125 0.38875
1 0.464375 0.636875 0.495 0.643125 0.49875 0.646875 0.499375 0.651875 0.495 0.655 0.4875 0.655625 0.46625 0.655 0.4575 0.6525 0.450625 0.645 0.45 0.64 0.455625 0.636875 0.46375 0.636875
1 0.5575 0.5525 0.56625 0.55625 0.568125 0.5625 0.563125 0.57125 0.554375 0.574375 0.538125 0.570625 0.5325 0.564375 0.5325 0.56 0.541875 0.553125 0.556875 0.5525
1 0.648125 0.583125 0.654375 0.58625 0.6575 0.591875 0.655625 0.59875 0.65125 0.600625 0.62875 0.598125 0.6225 0.593125 0.623125 0.59 0.628125 0.586875 0.639375 0.583125 0.6475 0.583125
1 0.74875 0.578125 0.755625 0.580625 0.76125 0.588125 0.75875 0.595 0.749375 0.598125 0.73875 0.59625 0.7325 0.59 0.7325 0.58375 0.735 0.580625 0.748125 0.578125
1 0.355 0.37375 0.36875 0.379375 0.371875 0.383125 0.371875 0.3875 0.36875 0.390625 0.354375 0.39375 0.33375 0.3925 0.328125 0.38875 0.326875 0.385 0.330625 0.378125 0.345625 0.373125 0.354375 0.37375
1 0.214375 0.5925 0.23125 0.603125 0.27375 0.6125 0.274375 0.61625 0.26375 0.6175 0.221875 0.61625 0.195 0.611875 0.193125 0.609375 0.193125 0.59625 0.20375 0.591875 0.21375 0.5925
1 0.255 0.385 0.26 0.386875 0.2625 0.394375 0.26 0.3975 0.251875 0.4 0.243125 0.3975 0.240625 0.39 0.245 0.385625 0.254375 0.385
1 0.77375 0.6375 0.8025 0.64 0.815 0.64375 0.81875 0.6475 0.816875 0.65125 0.804375 0.654375 0.780625 0.655625 0.734375 0.655 0.725625 0.6525 0.719375 0.6475 0.7225 0.64375 0.733125 0.640625 0.773125 0.6375
1 0.561875 0.426875 0.02 0.0125
1 0.94625 0.6075 0.968125 0.6125 0.973125 0.61625 0.971875 0.619375 0.9575 0.62375 0.92375 0.62625 0.88875 0.625625 0.871875 0.623125 0.86 0.619375 0.8575 0.61625 0.85875 0.6125 0.91375 0.60625 0.945625 0.6075
1 0.550625 0.61375 0.553125 0.621875 0.548125 0.625625 0.536875 0.623125 0.535 0.615625 0.538125 0.6125 0.55 0.61375
1 0.379375 0.588125 0.42125 0.5975 0.42625 0.601875 0.429375 0.61 0.428125 0.613125 0.419375 0.618125 0.348125 0.613125 0.30125 0.60125 0.298125 0.595 0.30375 0.59125 0.33125 0.594375 0.354375 0.588125 0.37875 0.588125
1 0.116875 0.554375 0.12375 0.555625 0.12875 0.56 0.12875 0.565 0.123125 0.56875 0.11375 0.568125 0.108125 0.563125 0.10875 0.556875 0.11625 0.554375
1 0.62375 0.555625 0.629375 0.56 0.63125 0.568125 0.626875 0.575 0.619375 0.576875 0.608125 0.574375 0.601875 0.565625 0.60125 0.56 0.610625 0.555 0.623125 0.555625
1 0.786875 0.3625 0.791875 0.365625 0.793125 0.369375 0.7925 0.373125 0.7875 0.37625 0.779375 0.37625 0.77375 0.3725 0.776875 0.364375 0.78625 0.3625
1 0.5225 0.38375 0.53625 0.38875 0.5375 0.395625 0.533125 0.400625 0.521875 0.403125 0.505 0.400625 0.4975 0.396875 0.49375 0.39125 0.494375 0.3875 0.500625 0.384375 0.521875 0.38375
1 0.17 0.413125 0.179375 0.41875 0.18125 0.428125 0.176875 0.43375 0.168125 0.436875 0.158125 0.43625 0.150625 0.4325 0.14625 0.42625 0.14625 0.420625 0.154375 0.41375 0.169375 0.413125
1 0.98625 0.395625 0.999375 0.4 0.999375 0.411875 0.983125 0.416875 0.96375 0.41625 0.95375 0.41375 0.948125 0.410625 0.946875 0.404375 0.95 0.4 0.959375 0.396875 0.985625 0.395625
1 0.666875 0.429375 0.03125 0.01875
1 0.8784375 0.43125 0.029375 0.0175
1 0.8565625 0.4284375 0.015625 0.016875
