1 0.393125 0.5296875 0.055625 0.014375
1 0.8434375 0.470625 0.04625 0.015
1 0.43125 0.4725 0.030625 0.01125
1 0.489375 0.445 0.051875 0.018125
1 0.5725 0.52125 0.035 0.01125
1 0.5334375 0.5025 0.025 0.010625
1 0.8509375 0.438125 0.031875 0.0125
1 0.9290625 0.4675 0.026875 0.01375
1 0.4765625 0.511875 0.030625 0.00875
1 0.3090625 0.53125 0.051875 0.00875
1 0.975625 0.489375 0.025625 0.010625
1 0.7453125 0.5125 0.050625 0.03
1 0.8009375 0.4465625 0.026875 0.01125
1 0.3059375 0.461875 0.026875 0.009375
1 0.2990625 0.5 0.0325 0.019375
1 0.7190625 0.490625 0.025625 0.01
1 0.88625 0.511875 0.093125 0.034375
1 0.61375 0.4778125 0.02875 0.010625
1 0.77875 0.456875 0.025625 0.010625
1 0.1928125 0.505625 0.068125 0.023125
1 0.543125 0.51625 0.019375 0.01
1 0.3359375 0.4471875 0.0475 0.00875
1 0.87625 0.503125 0.05 0.015625
