1 0.578125 0.433125 0.5825 0.44 0.5825 0.44875 0.578125 0.455 0.5725 0.4525 0.57 0.44625 0.57125 0.43625 0.5775 0.433125
1 0.585 0.394375 0.58875 0.3975 0.590625 0.405 0.59 0.42375 0.585625 0.430625 0.579375 0.426875 0.57625 0.411875 0.576875 0.400625 0.58125 0.394375 0.584375 0.394375
1 0.55875 0.07125 0.561875 0.07375 0.563125 0.079375 0.56375 0.108125 0.556875 0.118125 0.550625 0.120625 0.543125 0.11875 0.54 0.11 0.540625 0.08 0.544375 0.0725 0.5525 0.07 0.558125 0.07125
1 0.565625 0.775 0.570625 0.780625 0.57375 0.789375 0.575625 0.8175 0.57125 0.83375 0.560625 0.838125 0.556875 0.835 0.54875 0.8175 0.5475 0.809375 0.54875 0.7925 0.553125 0.78125 0.56 0.774375 0.565 0.775
1 0.543125 0.685625 0.548125 0.6925 0.54875 0.706875 0.54625 0.714375 0.540625 0.718125 0.531875 0.709375 0.530625 0.695 0.53625 0.685625 0.5425 0.685625
1 0.509375 0.346875 0.511875 0.34875 0.514375 0.365 0.513125 0.380625 0.509375 0.384375 0.50375 0.381875 0.50125 0.375 0.5025 0.353125 0.50375 0.349375 0.50875 0.346875
1 0.56625 0.884375 0.574375 0.895 0.57875 0.924375 0.57625 0.93625 0.57125 0.94625 0.56375 0.95375 0.556875 0.95125 0.555 0.93875 0.549375 0.926875 0.54875 0.9125 0.55 0.90375 0.556875 0.886875 0.56 0.883125 0.565625 0.884375
1 0.588125 0.731875 0.595 0.736875 0.596875 0.74125 0.6 0.765625 0.59875 0.78 0.594375 0.780625 0.59 0.778125 0.585 0.76875 0.5825 0.744375 0.584375 0.735 0.5875 0.7325
1 0.5025 0.108125 0.506875 0.11875 0.5075 0.140625 0.50375 0.15125 0.498125 0.154375 0.49125 0.151875 0.4875 0.1475 0.484375 0.140625 0.48375 0.128125 0.48875 0.11 0.494375 0.10625 0.501875 0.108125
1 0.556875 0.6825 0.56 0.685 0.56125 0.69125 0.559375 0.706875 0.556875 0.709375 0.553125 0.7075 0.55 0.69625 0.55125 0.685625 0.55625 0.683125
1 0.47375 0.185625 0.4775 0.186875 0.480625 0.193125 0.480625 0.209375 0.47375 0.211875 0.466875 0.205 0.4675 0.193125 0.47 0.186875 0.473125 0.18625
1 0.55 0.21625 0.551875 0.233125 0.5475 0.238125 0.54125 0.235625 0.53875 0.224375 0.54375 0.21625 0.549375 0.21625
1 0.453125 0.474375 0.4625 0.480625 0.46625 0.503125 0.46375 0.521875 0.4575 0.526875 0.446875 0.521875 0.439375 0.5025 0.44 0.48 0.445625 0.475625 0.4525 0.474375
1 0.5 0.54625 0.505 0.549375 0.506875 0.555625 0.50625 0.56875 0.50375 0.574375 0.5 0.576875 0.494375 0.57625 0.490625 0.565 0.4925 0.55 0.499375 0.54625
1 0.45625 0.151875 0.4625 0.1575 0.465625 0.1675 0.465 0.17875 0.46125 0.189375 0.4575 0.191875 0.453125 0.19125 0.44875 0.186875 0.445625 0.174375 0.4475 0.1575 0.45125 0.153125 0.455625 0.151875
1 0.48125 0.676875 0.485 0.67875 0.488125 0.685625 0.4875 0.699375 0.4825 0.705 0.47625 0.7025 0.473125 0.695 0.473125 0.6825 0.47625 0.678125 0.480625 0.676875
1 0.4475 0.104375 0.450625 0.110625 0.450625 0.131875 0.446875 0.136875 0.443125 0.138125 0.43875 0.135625 0.43625 0.129375 0.435625 0.1125 0.4375 0.105625 0.446875 0.104375
1 0.601875 0.663125 0.605 0.685 0.604375 0.704375 0.601875 0.714375 0.598125 0.7125 0.594375 0.701875 0.593125 0.686875 0.595 0.67125 0.598125 0.664375 0.60125 0.663125
1 0.56625 0.498125 0.570625 0.5025 0.5725 0.5125 0.571875 0.525625 0.5675 0.52875 0.5625 0.52625 0.56 0.52 0.560625 0.500625 0.563125 0.4975 0.565625 0.498125
1 0.579375 0.035625 0.591875 0.04625 0.595 0.065 0.591875 0.076875 0.5775 0.083125 0.573125 0.081875 0.566875 0.0725 0.565625 0.05375 0.57 0.040625 0.574375 0.03625 0.57875 0.035625
1 0.495625 0.025 0.50125 0.0325 0.5025 0.044375 0.50125 0.050625 0.495 0.0575 0.4875 0.056875 0.48 0.04375 0.48 0.034375 0.4825 0.028125 0.488125 0.02375 0.495 0.025
1 0.551875 0.440625 0.556875 0.444375 0.558125 0.45 0.5575 0.4625 0.55375 0.468125 0.546875 0.46625 0.5425 0.4575 0.544375 0.445 0.55125 0.440625
1 0.45875 0.63875 0.4625 0.64625 0.46375 0.6575 0.46375 0.681875 0.46 0.686875 0.45625 0.686875 0.4525 0.68125 0.450625 0.665 0.4525 0.64375 0.45625 0.6375 0.458125 0.63875
1 0.58 0.20625 0.585625 0.208125 0.58875 0.213125 0.588125 0.253125 0.58625 0.25875 0.58 0.26375 0.573125 0.263125 0.56625 0.25625 0.5625 0.246875 0.56125 0.22875 0.564375 0.210625 0.57125 0.20625 0.579375 0.20625
1 0.533125 0.24375 0.540625 0.256875 0.540625 0.26875 0.534375 0.275625 0.5275 0.27375 0.524375 0.261875 0.525625 0.248125 0.52875 0.243125 0.5325 0.24375
1 0.6 0.57 0.601875 0.5725 0.600625 0.620625 0.599375 0.628125 0.595 0.631875 0.58875 0.628125 0.585625 0.62 0.585 0.586875 0.59 0.5725 0.594375 0.569375 0.599375 0.57
