1 0.37625 0.943125 0.02 0.070625
1 0.5515625 0.2778125 0.01625 0.068125
1 0.5496875 0.173125 0.01375 0.046875
1 0.505625 0.3225 0.01375 0.04
1 0.3775 0.055625 0.013125 0.035625
1 0.418125 0.3634375 0.01125 0.035625
1 0.375625 0.4153125 0.01375 0.0525
1 0.603125 0.0240625 0.013125 0.0475
1 0.41375 0.7234375 0.011875 0.040625
1 0.5415625 0.089375 0.011875 0.03
1 0.5159375 0.2515625 0.011875 0.028125
1 0.60875 0.1059375 0.01 0.0325
1 0.575625 0.2715625 0.010625 0.034375
1 0.5775 0.32375 0.019375 0.059375
1 0.3725 0.5815625 0.00875 0.0275
1 0.426875 0.26875 0.01 0.02875
1 0.5228125 0.0275 0.025 0.05375
1 0.464375 0.4925 0.021875 0.06625
1 0.603125 0.18 0.010625 0.0275
1 0.590625 0.1846875 0.0125 0.034375
1 0.4721875 0.32625 0.01625 0.04875
1 0.39625 0.125625 0.009375 0.02875
1 0.5234375 0.4315625 0.013125 0.049375
1 0.371875 0.6315625 0.008125 0.02125
1 0.451875 0.7115625 0.015 0.040625
1 0.445625 0.4878125 0.011875 0.024375
1 0.6009375 0.14 0.008125 0.02625
1 0.374375 0.2909375 0.013125 0.02125
1 0.380625 0.3359375 0.014375 0.02875
1 0.389375 0.25625 0.010625 0.053125
1 0.4375 0.71875 0.0125 0.06875
1 0.579375 0.054375 0.00875 0.016875
1 0.4678125 0.573125 0.01375 0.044375
1 0.476875 0.36875 0.016875 0.0575
1 0.3740625 0.775 0.010625 0.02375
1 0.37125 0.1746875 0.008125 0.023125
1 0.493125 0.21375 0.015625 0.0325
1 0.5071875 0.4546875 0.008125 0.019375
1 0.3796875 0.3621875 0.0125 0.024375
1 0.503125 0.150625 0.011875 0.02625
1 0.4871875 0.4075 0.01 0.01875
1 0.366875 0.5290625 0.009375 0.02125
1 0.4946875 0.65 0.009375 0.02625
1 0.630625 0.091875 0.010625 0.029375
1 0.37625 0.478125 0.019375 0.06875
1 0.618125 0.15375 0.01625 0.065625
1 0.57875 0.2209375 0.0075 0.019375
1 0.405 0.1515625 0.008125 0.02125
1 0.480625 0.585 0.01 0.025
1 0.4978125 0.6078125 0.016875 0.044375
1 0.4378125 0.7846875 0.009375 0.02875
1 0.5171875 0.5596875 0.028125 0.068125
1 0.4621875 0.4196875 0.009375 0.028125
1 0.5453125 0.46 0.026875 0.089375
1 0.4865625 0.2715625 0.010625 0.0325
1 0.4278125 0.5653125 0.009375 0.02125
1 0.46 0.633125 0.016875 0.046875
1 0.4165625 0.8146875 0.00875 0.01875
1 0.364375 0.1959375 0.01125 0.019375
1 0.3690625 0.2371875 0.018125 0.034375
1 0.3884375 0.19875 0.006875 0.0125
1 0.3790625 0.2609375 0.010625 0.014375
1 0.5534375 0.383125 0.028125 0.05125
1 0.521875 0.3703125 0.00875 0.010625
1 0.465625 0.769375 0.02125 0.04625
