1 0.5265625 0.295 0.009375 0.015
1 0.561875 0.728125 0.566875 0.7375 0.565625 0.741875 0.560625 0.745 0.555625 0.741875 0.554375 0.733125 0.5575 0.7275 0.56125 0.728125
1 0.560625 0.7315625 0.01875 0.046875
1 0.516875 0.356875 0.520625 0.365625 0.519375 0.388125 0.5175 0.395625 0.514375 0.39875 0.504375 0.3975 0.500625 0.395 0.495 0.3725 0.496875 0.365 0.50125 0.360625 0.510625 0.355625 0.51625 0.356875
1 0.49125 0.111875 0.496875 0.115625 0.49875 0.12375 0.496875 0.129375 0.488125 0.134375 0.481875 0.131875 0.480625 0.120625 0.485 0.1125 0.490625 0.111875
1 0.460625 0.21625 0.46375 0.2175 0.471875 0.23 0.47125 0.23375 0.4675 0.236875 0.46125 0.235625 0.4575 0.23 0.45625 0.223125 0.46 0.21625
1 0.465625 0.304375 0.46875 0.3075 0.46875 0.31125 0.46375 0.315 0.459375 0.313125 0.458125 0.306875 0.46 0.30375 0.465 0.304375
1 0.5075 0.944375 0.510625 0.94875 0.51625 0.970625 0.519375 0.999375 0.50875 0.999375 0.508125 0.996875 0.5025 0.95375 0.503125 0.945 0.506875 0.944375
1 0.48875 0.269375 0.49125 0.271875 0.49125 0.279375 0.48375 0.286875 0.4775 0.284375 0.476875 0.27625 0.480625 0.27 0.488125 0.269375
1 0.470625 0.06625 0.474375 0.07 0.475625 0.080625 0.473125 0.09125 0.4675 0.098125 0.4625 0.0975 0.459375 0.093125 0.455625 0.08125 0.455625 0.07375 0.47 0.06625
