1 0.9808823529411764 0.6914893617021277 0.014705882352941176 0.0425531914893617
1 0.17941176470588235 0.9680851063829787 0.18235294117647058 0.9574468085106383 0.19117647058823528 0.9574468085106383 0.19411764705882353 0.9468085106382979 0.2676470588235294 0.9468085106382979 0.27058823529411763 0.9574468085106383 0.27647058823529413 0.9574468085106383 0.27941176470588236 0.9680851063829787 0.27647058823529413 0.9680851063829787 0.2735294117647059 0.9787234042553191 0.2647058823529412 0.9787234042553191 0.26176470588235295 0.9893617021276596 0.19705882352941176 0.9893617021276596 0.19411764705882353 0.9787234042553191 0.18529411764705883 0.9787234042553191 0.18235294117647058 0.9680851063829787
1 0.7470588235294118 0.1276595744680851 0.75 0.13829787234042554 0.7558823529411764 0.13829787234042554 0.7588235294117647 0.14893617021276595 0.7588235294117647 0.1595744680851064 0.7558823529411764 0.1595744680851064 0.7529411764705882 0.1702127659574468 0.7411764705882353 0.1702127659574468 0.7382352941176471 0.1595744680851064 0.7352941176470589 0.1595744680851064 0.7352941176470589 0.13829787234042554 0.7441176470588236 0.13829787234042554
1 0.5 0.1276595744680851 0.5029411764705882 0.13829787234042554 0.5029411764705882 0.1595744680851064 0.5 0.1595744680851064 0.4970588235294118 0.1702127659574468 0.49117647058823527 0.1702127659574468 0.48823529411764705 0.18085106382978725 0.47058823529411764 0.18085106382978725 0.4676470588235294 0.1702127659574468 0.4647058823529412 0.1702127659574468 0.46176470588235297 0.1595744680851064 0.46176470588235297 0.14893617021276595 0.4647058823529412 0.13829787234042554 0.47352941176470587 0.13829787234042554 0.4764705882352941 0.1276595744680851 0.4970588235294118 0.1276595744680851
1 0.4323529411764706 0.6808510638297872 0.43529411764705883 0.6808510638297872 0.43823529411764706 0.6702127659574468 0.4588235294117647 0.6702127659574468 0.46176470588235297 0.6808510638297872 0.4647058823529412 0.6808510638297872 0.4647058823529412 0.7127659574468085 0.46176470588235297 0.7127659574468085 0.4588235294117647 0.723404255319149 0.43823529411764706 0.723404255319149 0.4323529411764706 0.7021276595744681 0.4323529411764706 0.6914893617021277
1 0.3779411764705882 0.9893617021276596 0.014705882352941176 0.02127659574468085
1 0.5705882352941176 0.851063829787234 0.5705882352941176 0.8404255319148937 0.5794117647058824 0.8085106382978723 0.5882352941176471 0.8085106382978723 0.5911764705882353 0.7978723404255319 0.6029411764705882 0.7978723404255319 0.6058823529411764 0.7872340425531915 0.6558823529411765 0.7872340425531915 0.6588235294117647 0.7978723404255319 0.7 0.7978723404255319 0.7 0.8085106382978723 0.6970588235294117 0.8191489361702128 0.6794117647058824 0.8191489361702128 0.6764705882352942 0.8297872340425532 0.6647058823529411 0.8297872340425532 0.6617647058823529 0.8404255319148937 0.6558823529411765 0.8404255319148937 0.6529411764705882 0.851063829787234 0.6176470588235294 0.851063829787234 0.6147058823529412 0.8617021276595744 0.5882352941176471 0.8617021276595744 0.5852941176470589 0.8723404255319149 0.5823529411764706 0.8617021276595744 0.5764705882352941 0.8617021276595744 0.5735294117647058 0.851063829787234
1 0.34411764705882353 0.13829787234042554 0.34705882352941175 0.14893617021276595 0.34705882352941175 0.1702127659574468 0.3411764705882353 0.1702127659574468 0.3382352941176471 0.18085106382978725 0.31470588235294117 0.18085106382978725 0.31176470588235294 0.1702127659574468 0.31176470588235294 0.14893617021276595 0.3176470588235294 0.14893617021276595 0.3205882352941177 0.13829787234042554 0.3411764705882353 0.13829787234042554
1 0.6264705882352941 0.11702127659574468 0.6294117647058823 0.11702127659574468 0.6323529411764706 0.10638297872340426 0.638235294117647 0.10638297872340426 0.6411764705882353 0.09574468085106383 0.6558823529411765 0.09574468085106383 0.6588235294117647 0.10638297872340426 0.6647058823529411 0.10638297872340426 0.6676470588235294 0.11702127659574468 0.6705882352941176 0.11702127659574468 0.6705882352941176 0.1276595744680851 0.6617647058823529 0.14893617021276595 0.6352941176470588 0.14893617021276595 0.6264705882352941 0.1276595744680851
1 0.8941176470588236 0.30851063829787234 0.9029411764705882 0.2978723404255319 0.9088235294117647 0.3191489361702128 0.9058823529411765 0.32978723404255317 0.8970588235294118 0.32978723404255317 0.8941176470588236 0.3191489361702128
1 0.3382352941176471 0.925531914893617 0.35 0.925531914893617 0.35 0.9468085106382979 0.3411764705882353 0.9468085106382979 0.3382352941176471 0.9361702127659575
1 0.8676470588235294 0.7872340425531915 0.8705882352941177 0.7978723404255319 0.8705882352941177 0.8085106382978723 0.8676470588235294 0.8085106382978723 0.8647058823529412 0.8191489361702128 0.8352941176470589 0.8191489361702128 0.8323529411764706 0.8085106382978723 0.8323529411764706 0.7978723404255319 0.8411764705882353 0.7978723404255319 0.8441176470588235 0.7872340425531915 0.8647058823529412 0.7872340425531915
1 0.5588235294117647 0 0.6617647058823529 0 0.6617647058823529 0.010638297872340425 0.6588235294117647 0.02127659574468085 0.5676470588235294 0.02127659574468085 0.5647058823529412 0.010638297872340425 0.5588235294117647 0.010638297872340425
1 0.26176470588235295 0.7553191489361702 0.2647058823529412 0.7659574468085106 0.2647058823529412 0.7872340425531915 0.26176470588235295 0.7978723404255319 0.25588235294117645 0.7978723404255319 0.2529411764705882 0.8085106382978723 0.25 0.8085106382978723 0.24705882352941178 0.7978723404255319 0.2411764705882353 0.7978723404255319 0.23823529411764705 0.7872340425531915 0.23823529411764705 0.776595744680851 0.24411764705882352 0.7553191489361702 0.25882352941176473 0.7553191489361702
1 0.4176470588235294 0.2765957446808511 0.4176470588235294 0.2978723404255319 0.4117647058823529 0.2978723404255319 0.4088235294117647 0.30851063829787234 0.4 0.2978723404255319 0.40588235294117647 0.2765957446808511 0.4147058823529412 0.2765957446808511
1 0.4470588235294118 0.2553191489361702 0.4470588235294118 0.26595744680851063 0.4441176470588235 0.26595744680851063 0.4411764705882353 0.2765957446808511 0.4323529411764706 0.2765957446808511 0.4294117647058823 0.26595744680851063 0.4294117647058823 0.2553191489361702 0.4323529411764706 0.24468085106382978 0.4411764705882353 0.24468085106382978 0.4441176470588235 0.2553191489361702
1 0.3235294117647059 0.26595744680851063 0.3264705882352941 0.26595744680851063 0.32941176470588235 0.2553191489361702 0.3382352941176471 0.2553191489361702 0.3411764705882353 0.26595744680851063 0.3411764705882353 0.2765957446808511 0.3235294117647059 0.2765957446808511
1 0.026470588235294117 0.8617021276595744 0.03529411764705882 0.8617021276595744 0.03823529411764706 0.851063829787234 0.05 0.851063829787234 0.052941176470588235 0.8404255319148937 0.09705882352941177 0.8404255319148937 0.1 0.851063829787234 0.13529411764705881 0.851063829787234 0.13823529411764707 0.8617021276595744 0.1411764705882353 0.8617021276595744 0.1323529411764706 0.8829787234042553 0.10882352941176471 0.8829787234042553 0.10588235294117647 0.8936170212765957 0.05 0.8936170212765957 0.047058823529411764 0.8829787234042553 0.03529411764705882 0.8829787234042553 0.03235294117647059 0.8723404255319149 0.026470588235294117 0.8723404255319149
1 0.5264705882352941 0.9680851063829787 0.052941176470588235 0.06382978723404255
1 0.46176470588235297 0.8617021276595744 0.4647058823529412 0.8723404255319149 0.45588235294117646 0.8936170212765957 0.45 0.8936170212765957 0.4470588235294118 0.8829787234042553 0.4470588235294118 0.8723404255319149 0.45 0.8617021276595744 0.4588235294117647 0.8617021276595744
1 0.3088235294117647 0.8829787234042553 0.31176470588235294 0.8936170212765957 0.3205882352941177 0.8936170212765957 0.3205882352941177 0.925531914893617 0.3176470588235294 0.925531914893617 0.31470588235294117 0.9361702127659575 0.3088235294117647 0.9361702127659575 0.3058823529411765 0.9468085106382979 0.3029411764705882 0.9361702127659575 0.29705882352941176 0.9361702127659575 0.29411764705882354 0.925531914893617 0.29411764705882354 0.9148936170212766 0.3 0.8936170212765957 0.3058823529411765 0.8936170212765957
1 0.13529411764705881 0.2872340425531915 0.13529411764705881 0.2765957446808511 0.13823529411764707 0.26595744680851063 0.14705882352941177 0.26595744680851063 0.15 0.2765957446808511 0.14705882352941177 0.2872340425531915 0.13823529411764707 0.2872340425531915
1 0 0.7553191489361702 0.014705882352941176 0.7553191489361702 0.01764705882352941 0.7659574468085106 0.01764705882352941 0.7978723404255319 0.014705882352941176 0.7978723404255319 0.011764705882352941 0.8085106382978723 0 0.8085106382978723 0 0.7659574468085106
1 0.7235294117647059 0.8617021276595744 0.7264705882352941 0.8617021276595744 0.7294117647058823 0.851063829787234 0.7441176470588236 0.851063829787234 0.7470588235294118 0.8404255319148937 0.7676470588235295 0.8404255319148937 0.7705882352941177 0.8297872340425532 0.7794117647058824 0.8191489361702128 0.7852941176470588 0.7978723404255319 0.8058823529411765 0.7978723404255319 0.8058823529411765 0.8404255319148937 0.8029411764705883 0.851063829787234 0.7911764705882353 0.851063829787234 0.788235294117647 0.8617021276595744 0.7264705882352941 0.8617021276595744
1 0.3735294117647059 0.776595744680851 0.3764705882352941 0.7872340425531915 0.3764705882352941 0.7978723404255319 0.3735294117647059 0.7978723404255319 0.37058823529411766 0.8085106382978723 0.34411764705882353 0.8085106382978723 0.3411764705882353 0.7978723404255319 0.3411764705882353 0.7872340425531915 0.34705882352941175 0.7659574468085106 0.36176470588235293 0.7659574468085106 0.36470588235294116 0.776595744680851 0.37058823529411766 0.776595744680851
1 0.22058823529411764 0.06382978723404255 0.22647058823529412 0.0851063829787234 0.2235294117647059 0.0851063829787234 0.22058823529411764 0.09574468085106383 0.21176470588235294 0.09574468085106383 0.20588235294117646 0.07446808510638298 0.2088235294117647 0.06382978723404255 0.21764705882352942 0.06382978723404255
1 0.2088235294117647 0.7340425531914894 0.21764705882352942 0.7553191489361702 0.21470588235294116 0.7659574468085106 0.21470588235294116 0.776595744680851 0.21176470588235294 0.776595744680851 0.2088235294117647 0.7872340425531915 0.19705882352941176 0.7872340425531915 0.19411764705882353 0.776595744680851 0.19411764705882353 0.7553191489361702 0.19705882352941176 0.7446808510638298 0.20588235294117646 0.7340425531914894
1 0.37058823529411766 0.6808510638297872 0.3941176470588235 0.6808510638297872 0.39705882352941174 0.6914893617021277 0.3941176470588235 0.723404255319149 0.3911764705882353 0.723404255319149 0.38823529411764707 0.7340425531914894 0.3735294117647059 0.7340425531914894 0.36764705882352944 0.7127659574468085 0.36764705882352944 0.7021276595744681 0.37058823529411766 0.6914893617021277
1 0.8705882352941177 0.6808510638297872 0.8911764705882353 0.6808510638297872 0.8911764705882353 0.6914893617021277 0.8852941176470588 0.7127659574468085 0.8764705882352941 0.7127659574468085 0.8735294117647059 0.7021276595744681 0.8705882352941177 0.7021276595744681 0.8705882352941177 0.6914893617021277
1 0.4970588235294118 0.2978723404255319 0.5 0.30851063829787234 0.5029411764705882 0.30851063829787234 0.5029411764705882 0.3191489361702128 0.49117647058823527 0.3191489361702128 0.48823529411764705 0.30851063829787234 0.49117647058823527 0.2978723404255319 0.49411764705882355 0.2978723404255319
1 0 0.18085106382978725 0.0029411764705882353 0.18085106382978725 0.0058823529411764705 0.1702127659574468 0.04411764705882353 0.1702127659574468 0.052941176470588235 0.19148936170212766 0.052941176470588235 0.20212765957446807 0.05 0.20212765957446807 0.047058823529411764 0.2127659574468085 0.041176470588235294 0.2127659574468085 0.03823529411764706 0.22340425531914893 0.008823529411764706 0.22340425531914893 0.0058823529411764705 0.2127659574468085 0.0029411764705882353 0.2127659574468085 0 0.20212765957446807 0 0.19148936170212766
1 0.10882352941176471 0.2872340425531915 0.10882352941176471 0.2765957446808511 0.11176470588235295 0.26595744680851063 0.1264705882352941 0.26595744680851063 0.1264705882352941 0.2765957446808511 0.12352941176470589 0.2872340425531915 0.11176470588235295 0.2872340425531915
1 0.8205882352941176 0.2765957446808511 0.8176470588235294 0.24468085106382978 0.8264705882352941 0.22340425531914893 0.8470588235294118 0.22340425531914893 0.8529411764705882 0.24468085106382978 0.8529411764705882 0.26595744680851063 0.8441176470588235 0.2872340425531915 0.8264705882352941 0.2872340425531915 0.8235294117647058 0.2765957446808511
