1 0.7440159574468085 0.11145510835913312 0.7732712765957447 0.12074303405572756 0.7785904255319149 0.14241486068111456 0.7819148936170213 0.17027863777089783 0.7799202127659575 0.1826625386996904 0.7706117021276596 0.20123839009287925 0.7373670212765957 0.21362229102167182 0.7094414893617021 0.19814241486068113 0.7021276595744681 0.1826625386996904 0.7007978723404256 0.16718266253869968 0.7074468085106383 0.13312693498452013 0.7107712765957447 0.12693498452012383 0.7267287234042553 0.11145510835913312 0.7433510638297872 0.11145510835913312
1 0.6363031914893617 0.0804953560371517 0.6416223404255319 0.07120743034055728 0.6502659574468085 0.07120743034055728 0.6589095744680851 0.0804953560371517 0.6622340425531915 0.09597523219814241 0.6622340425531915 0.11145510835913312 0.6602393617021277 0.11764705882352941 0.6416223404255319 0.12074303405572756 0.6356382978723404 0.11145510835913312 0.6363031914893617 0.08359133126934984
1 0.7925531914893617 0.42105263157894735 0.7945478723404256 0.42724458204334365 0.7892287234042553 0.4613003095975232 0.773936170212766 0.4953560371517028 0.7672872340425532 0.4953560371517028 0.761968085106383 0.47987616099071206 0.7559840425531915 0.47678018575851394 0.7460106382978723 0.4520123839009288 0.7440159574468085 0.43653250773993807 0.769281914893617 0.4179566563467492 0.7918882978723404 0.42105263157894735
1 0.6589095744680851 0.7368421052631579 0.6675531914893617 0.7461300309597523 0.6808510638297872 0.7739938080495357 0.6868351063829787 0.7956656346749226 0.6908244680851063 0.8328173374613003 0.6908244680851063 0.848297213622291 0.6875 0.8606811145510835 0.668218085106383 0.8854489164086687 0.6097074468085106 0.8668730650154799 0.6003989361702128 0.8359133126934984 0.5970744680851063 0.8018575851393189 0.5964095744680851 0.7863777089783281 0.5977393617021277 0.7770897832817337 0.6077127659574468 0.7585139318885449 0.636968085106383 0.7337461300309598 0.6582446808510638 0.7368421052631579
1 0.5219414893617021 0.544891640866873 0.5465425531914894 0.5727554179566563 0.5538563829787234 0.5944272445820433 0.5531914893617021 0.6006191950464397 0.5585106382978723 0.6160990712074303 0.5598404255319149 0.6346749226006192 0.5525265957446809 0.6563467492260062 0.5465425531914894 0.6594427244582043 0.5378989361702128 0.6811145510835913 0.5259308510638298 0.6811145510835913 0.519281914893617 0.6996904024767802 0.5079787234042553 0.7089783281733746 0.4940159574468085 0.7058823529411765 0.4853723404255319 0.7151702786377709 0.47606382978723405 0.6873065015479877 0.4747340425531915 0.6780185758513931 0.4753989361702128 0.6625386996904025 0.46875 0.6470588235294118 0.4654255319148936 0.6222910216718266 0.46875 0.6068111455108359 0.46675531914893614 0.5975232198142415 0.4627659574468085 0.5975232198142415 0.4627659574468085 0.5851393188854489 0.46808510638297873 0.5758513931888545 0.47007978723404253 0.5603715170278638 0.48470744680851063 0.544891640866873 0.5212765957446809 0.544891640866873
1 0.995345744680851 0.43962848297213625 0.9966755319148937 0.4551083591331269 0.995345744680851 0.47368421052631576 0.9867021276595744 0.47058823529411764 0.9847074468085106 0.4551083591331269 0.9867021276595744 0.43653250773993807 0.9946808510638298 0.43962848297213625
1 0.4853723404255319 0.030959752321981424 0.5166223404255319 0.06191950464396285 0.5226063829787234 0.07430340557275542 0.523936170212766 0.09907120743034056 0.5199468085106383 0.13622291021671826 0.5246010638297872 0.16718266253869968 0.5246010638297872 0.18575851393188855 0.5079787234042553 0.20123839009287925 0.4940159574468085 0.20123839009287925 0.47805851063829785 0.17337461300309598 0.46675531914893614 0.16408668730650156 0.44813829787234044 0.11455108359133127 0.4474734042553192 0.09597523219814241 0.4521276595744681 0.06501547987616099 0.4654255319148936 0.05263157894736842 0.4773936170212766 0.030959752321981424 0.48470744680851063 0.030959752321981424
1 0.7107712765957447 0.28173374613003094 0.785904255319149 0.28792569659442724 0.7892287234042553 0.30340557275541796 0.7892287234042553 0.3126934984520124 0.7819148936170213 0.3219814241486068 0.7792553191489362 0.34674922600619196 0.776595744680851 0.35294117647058826 0.7726063829787234 0.35294117647058826 0.7599734042553191 0.3219814241486068 0.706781914893617 0.3281733746130031 0.6868351063829787 0.3188854489164087 0.6841755319148937 0.30959752321981426 0.6848404255319149 0.28792569659442724 0.7101063829787234 0.28173374613003094
1 0.6868351063829787 0.44891640866873067 0.6881648936170213 0.4582043343653251 0.6835106382978723 0.4674922600619195 0.6742021276595744 0.46439628482972134 0.6715425531914894 0.4520123839009288 0.6781914893617021 0.43343653250773995 0.6835106382978723 0.43653250773993807 0.6861702127659575 0.44891640866873067
1 0.9993351063829787 0.7275541795665634 0.9993351063829787 0.8235294117647058 0.9694148936170213 0.8204334365325078 0.9621010638297872 0.8080495356037152 0.9581117021276596 0.7863777089783281 0.9587765957446809 0.7616099071207431 0.9621010638297872 0.7461300309597523 0.9833776595744681 0.7275541795665634 0.9986702127659575 0.7275541795665634
1 0.16555851063829788 0.2476780185758514 0.1702127659574468 0.26625386996904027 0.16888297872340424 0.28792569659442724 0.16622340425531915 0.29411764705882354 0.15492021276595744 0.29411764705882354 0.15226063829787234 0.28792569659442724 0.15226063829787234 0.2693498452012384 0.15558510638297873 0.25077399380804954 0.16489361702127658 0.2476780185758514
1 0.24135638297872342 0.02476780185758514 0.2579787234042553 0.034055727554179564 0.26263297872340424 0.043343653250773995 0.26595744680851063 0.08359133126934984 0.2646276595744681 0.11764705882352941 0.26263297872340424 0.13003095975232198 0.2579787234042553 0.1393188854489164 0.2440159574468085 0.14551083591331268 0.22340425531914893 0.16718266253869968 0.19614361702127658 0.15789473684210525 0.17819148936170212 0.1393188854489164 0.1735372340425532 0.11145510835913312 0.17952127659574468 0.07739938080495357 0.18018617021276595 0.043343653250773995 0.18882978723404256 0.030959752321981424 0.24069148936170212 0.02476780185758514
1 0.694813829787234 0.34055727554179566 0.7074468085106383 0.34674922600619196 0.7134308510638298 0.3591331269349845 0.7154255319148937 0.37770897832817335 0.7147606382978723 0.39009287925696595 0.711436170212766 0.3993808049535604 0.6795212765957447 0.39009287925696595 0.6768617021276596 0.3746130030959752 0.6768617021276596 0.3622291021671827 0.6788563829787234 0.35294117647058826 0.6855053191489362 0.34055727554179566 0.6941489361702128 0.34055727554179566
1 0.8603723404255319 0.29411764705882354 0.9009308510638298 0.3065015479876161 0.9228723404255319 0.33436532507739936 0.9242021276595744 0.34365325077399383 0.9122340425531915 0.38390092879256965 0.9115691489361702 0.4055727554179567 0.9082446808510638 0.4241486068111455 0.8896276595744681 0.4551083591331269 0.8836436170212766 0.47678018575851394 0.8816489361702128 0.4953560371517028 0.8636968085106383 0.5077399380804953 0.8264627659574468 0.4891640866873065 0.824468085106383 0.48297213622291024 0.8344414893617021 0.47368421052631576 0.8351063829787234 0.46439628482972134 0.8224734042553191 0.4148606811145511 0.8125 0.3931888544891641 0.8131648936170213 0.38080495356037153 0.819813829787234 0.3653250773993808 0.819813829787234 0.3560371517027864 0.8151595744680851 0.34055727554179566 0.817154255319149 0.32507739938080493 0.8271276595744681 0.3219814241486068 0.8331117021276596 0.30959752321981426 0.8444148936170213 0.30959752321981426 0.8523936170212766 0.29411764705882354 0.8597074468085106 0.29411764705882354
1 0.9913563829787234 0.25077399380804954 0.9933510638297872 0.26006191950464397 0.9913563829787234 0.2786377708978328 0.9827127659574468 0.26625386996904027 0.9827127659574468 0.25386996904024767 0.9906914893617021 0.25077399380804954
1 0.1023936170212766 0.43034055727554177 0.11170212765957446 0.4551083591331269 0.12300531914893617 0.4613003095975232 0.17819148936170212 0.4613003095975232 0.18351063829787234 0.4458204334365325 0.1848404255319149 0.43343653250773995 0.18816489361702127 0.43034055727554177 0.20079787234042554 0.43343653250773995 0.21077127659574468 0.4551083591331269 0.21210106382978725 0.47058823529411764 0.20877659574468085 0.48606811145510836 0.2081117021276596 0.5077399380804953 0.21210106382978725 0.541795665634675 0.21077127659574468 0.5913312693498453 0.20678191489361702 0.628482972136223 0.2014627659574468 0.6563467492260062 0.1981382978723404 0.6594427244582043 0.19281914893617022 0.6811145510835913 0.16156914893617022 0.6873065015479877 0.14893617021276595 0.6934984520123839 0.14428191489361702 0.7027863777089783 0.1363031914893617 0.7027863777089783 0.12965425531914893 0.6842105263157895 0.11502659574468085 0.6749226006191951 0.10904255319148937 0.6563467492260062 0.10039893617021277 0.653250773993808 0.09308510638297872 0.6408668730650154 0.08976063829787234 0.5944272445820433 0.09042553191489362 0.5789473684210527 0.09840425531914894 0.5232198142414861 0.09773936170212766 0.5139318885448917 0.07712765957446809 0.4674922600619195 0.08976063829787234 0.42724458204334365 0.10172872340425532 0.43034055727554177
1 0.33311170212765956 0.49226006191950467 0.3537234042553192 0.5077399380804953 0.36569148936170215 0.5294117647058824 0.37699468085106386 0.5386996904024768 0.38763297872340424 0.5572755417956656 0.3896276595744681 0.5696594427244582 0.3896276595744681 0.5975232198142415 0.39561170212765956 0.6377708978328174 0.394281914893617 0.6594427244582043 0.3796542553191489 0.6749226006191951 0.3670212765957447 0.6996904024767802 0.3523936170212766 0.7058823529411765 0.3357712765957447 0.6996904024767802 0.3125 0.6780185758513931 0.3025265957446808 0.6625386996904025 0.2992021276595745 0.6470588235294118 0.2978723404255319 0.6222910216718266 0.3058510638297872 0.5758513931888545 0.3045212765957447 0.5386996904024768 0.30851063829787234 0.5046439628482973 0.31981382978723405 0.49226006191950467 0.3324468085106383 0.49226006191950467
1 0.8829787234042553 0.17027863777089783 0.886968085106383 0.19504643962848298 0.886968085106383 0.21052631578947367 0.879654255319149 0.21671826625386997 0.8636968085106383 0.21362229102167182 0.8603723404255319 0.20743034055727555 0.8590425531914894 0.19504643962848298 0.867686170212766 0.16718266253869968 0.882313829787234 0.17027863777089783
1 0.9514627659574468 0.6160990712074303 0.9547872340425532 0.6253869969040248 0.9534574468085106 0.6501547987616099 0.9454787234042553 0.6470588235294118 0.942154255319149 0.6346749226006192 0.942154255319149 0.6191950464396285 0.9441489361702128 0.6130030959752322 0.9507978723404256 0.6160990712074303
1 0.867686170212766 0.8452012383900929 0.8710106382978723 0.8668730650154799 0.8710106382978723 0.8885448916408669 0.8497340425531915 0.9040247678018576 0.8257978723404256 0.891640866873065 0.8238031914893617 0.8854489164086687 0.8238031914893617 0.8761609907120743 0.8264627659574468 0.8513931888544891 0.8477393617021277 0.826625386996904 0.8597074468085106 0.8297213622291022 0.8670212765957447 0.8452012383900929
1 0.1768617021276596 0.17337461300309598 0.1848404255319149 0.18885448916408668 0.18617021276595744 0.19814241486068113 0.18018617021276595 0.20743034055727555 0.16422872340425532 0.21362229102167182 0.1356382978723404 0.2043343653250774 0.13297872340425532 0.19814241486068113 0.13430851063829788 0.18885448916408668 0.14361702127659576 0.17956656346749225 0.1589095744680851 0.17956656346749225 0.16489361702127658 0.16718266253869968 0.1761968085106383 0.17337461300309598
1 0 0.30959752321981426 0.009308510638297872 0.3126934984520124 0.013297872340425532 0.33126934984520123 0.012632978723404254 0.3715170278637771 0 0.37770897832817335 0 0.3126934984520124
1 0.6223404255319149 0.2755417956656347 0.6422872340425532 0.29721362229102166 0.6449468085106383 0.30959752321981426 0.6429521276595744 0.33436532507739936 0.6456117021276596 0.33746130030959753 0.6436170212765957 0.34055727554179566 0.6456117021276596 0.34674922600619196 0.6409574468085106 0.3622291021671827 0.6236702127659575 0.37770897832817335 0.598404255319149 0.37770897832817335 0.5777925531914894 0.3684210526315789 0.5724734042553191 0.3498452012383901 0.5644946808510638 0.33746130030959753 0.5651595744680851 0.33126934984520123 0.5631648936170213 0.32507739938080493 0.5625 0.30959752321981426 0.5638297872340425 0.29411764705882354 0.5738031914893617 0.28173374613003094 0.5897606382978723 0.28173374613003094 0.6063829787234043 0.2693498452012384 0.6216755319148937 0.2755417956656347
1 0.5206117021276596 0.5572755417956656 0.526595744680851 0.56656346749226 0.5372340425531915 0.6037151702786377 0.5405585106382979 0.6222910216718266 0.538563829787234 0.6408668730650154 0.5279255319148937 0.6687306501547987 0.5132978723404256 0.6718266253869969 0.5033244680851063 0.6873065015479877 0.4953457446808511 0.6811145510835913 0.48271276595744683 0.6439628482972136 0.4787234042553192 0.6253869969040248 0.4800531914893617 0.5944272445820433 0.48736702127659576 0.5727554179566563 0.49933510638297873 0.5572755417956656 0.5199468085106383 0.5572755417956656
