1 0.9375 0.795 0.940625 0.80125 0.93625 0.804375 0.931875 0.801875 0.93 0.795625 0.93125 0.79375 0.936875 0.795
1 0.56375 0.488125 0.58875 0.508125 0.591875 0.51125 0.59125 0.515 0.58375 0.5125 0.560625 0.4925 0.558125 0.4875 0.56125 0.48625 0.563125 0.488125
1 0.6634375 0.6125 0.019375 0.02125
1 0.3975 0.405625 0.43 0.42875 0.435 0.43625 0.42875 0.435625 0.406875 0.41875 0.39875 0.41125 0.396875 0.40625
1 0.45625 0.46375 0.465625 0.465625 0.4725 0.47375 0.470625 0.4775 0.46375 0.47625 0.456875 0.47 0.45625 0.464375
1 0.838125 0.780625 0.84875 0.785 0.8525 0.788125 0.853125 0.793125 0.84125 0.7875 0.83625 0.7825 0.8375 0.78125
1 0.31375 0.3225 0.341875 0.345 0.345625 0.34875 0.345625 0.354375 0.30875 0.325 0.303125 0.31875 0.303125 0.315625 0.306875 0.31625 0.313125 0.3225
1 0.205 0.215625 0.210625 0.220625 0.210625 0.22625 0.20125 0.22 0.200625 0.21625 0.204375 0.215625
1 0.579375 0.57375 0.59375 0.585 0.595625 0.59125 0.58875 0.588125 0.578125 0.578125 0.57625 0.574375 0.57875 0.57375
1 0.713125 0.60125 0.72375 0.60375 0.734375 0.61125 0.74125 0.619375 0.74 0.621875 0.73375 0.62 0.713125 0.601875
1 0.741875 0.694375 0.7625 0.710625 0.763125 0.71625 0.755625 0.715 0.741875 0.706875 0.73625 0.7 0.7375 0.69625 0.74125 0.694375
