1 0.55375 0.6325 0.5575 0.634375 0.559375 0.6475 0.55875 0.670625 0.55625 0.674375 0.5525 0.65625 0.55375 0.633125
1 0.545 0.41875 0.548125 0.4225 0.55 0.431875 0.55 0.466875 0.5475 0.468125 0.543125 0.46375 0.54 0.44375 0.540625 0.42125 0.544375 0.41875
1 0.529375 0.300625 0.525625 0.2925 0.52625 0.271875 0.528125 0.2675 0.530625 0.27 0.533125 0.286875 0.533125 0.2975 0.53 0.3
1 0.53625 0.915 0.54 0.916875 0.5425 0.931875 0.54125 0.9525 0.539375 0.955625 0.536875 0.95125 0.535 0.935625 0.53625 0.915625
1 0.4775 0.07125 0.48125 0.109375 0.48 0.13 0.4775 0.13375 0.47375 0.12125 0.4725 0.105 0.473125 0.078125 0.47375 0.07375 0.476875 0.07125
1 0.5225 0.3375 0.53 0.359375 0.528125 0.38875 0.525 0.3875 0.52 0.365625 0.519375 0.34125 0.521875 0.3375
1 0.524375 0.77375 0.01125 0.085
1 0.543125 0.26375 0.55 0.28375 0.551875 0.309375 0.55 0.323125 0.543125 0.29125 0.543125 0.264375
1 0.47375 0.504375 0.476875 0.540625 0.476875 0.5675 0.47375 0.579375 0.470625 0.579375 0.4675 0.57375 0.46625 0.551875 0.466875 0.506875 0.46875 0.504375 0.473125 0.504375
1 0.494375 0.763125 0.498125 0.765 0.499375 0.77375 0.49875 0.798125 0.4975 0.800625 0.494375 0.8 0.491875 0.7825 0.494375 0.76375
1 0.493125 0.999375 0.491875 0.976875 0.494375 0.969375 0.498125 0.97625 0.499375 0.99625 0.49875 0.999375 0.49375 0.999375
1 0.543125 0.5275 0.539375 0.52 0.53625 0.49625 0.539375 0.469375 0.543125 0.46875 0.54625 0.493125 0.546875 0.51625 0.54375 0.526875
1 0.47375 0.654375 0.4775 0.65625 0.48 0.665 0.48 0.67625 0.476875 0.689375 0.473125 0.688125 0.47125 0.67625 0.473125 0.655
1 0.515625 0.039375 0.519375 0.040625 0.5225 0.050625 0.525 0.093125 0.5225 0.1025 0.519375 0.096875 0.51875 0.076875 0.515 0.054375 0.515625 0.04
1 0.49125 0.32 0.494375 0.33375 0.49375 0.34625 0.49125 0.34875 0.486875 0.34125 0.486875 0.324375 0.490625 0.32
1 0.484375 0.136875 0.4875 0.138125 0.49 0.14375 0.491875 0.166875 0.493125 0.2175 0.49125 0.230625 0.4875 0.231875 0.4825 0.198125 0.48375 0.1375
1 0.47375 0.815625 0.4775 0.820625 0.480625 0.841875 0.476875 0.861875 0.473125 0.863125 0.469375 0.850625 0.469375 0.82375 0.473125 0.81625
1 0.54375 0.845 0.54625 0.84375 0.5475 0.845625 0.549375 0.8625 0.54875 0.878125 0.545625 0.88 0.543125 0.87625 0.54375 0.845625
1 0.529375 0.708125 0.525625 0.70125 0.523125 0.688125 0.525625 0.665625 0.53 0.66375 0.5325 0.676875 0.5325 0.70375 0.53 0.7075
1 0.491875 0.56875 0.495625 0.57375 0.5 0.610625 0.499375 0.646875 0.494375 0.663125 0.48625 0.648125 0.4825 0.615 0.48375 0.5875 0.486875 0.574375 0.49125 0.56875
1 0.560625 0.566875 0.56375 0.591875 0.564375 0.69 0.561875 0.673125 0.56375 0.6575 0.56 0.615625 0.56 0.5675
1 0.53625 0.299375 0.54125 0.31625 0.540625 0.340625 0.539375 0.341875 0.536875 0.336875 0.534375 0.320625 0.53375 0.306875 0.535625 0.3
1 0.5225 0.43125 0.525625 0.4425 0.52875 0.48125 0.528125 0.4925 0.525625 0.498125 0.5225 0.4975 0.520625 0.49375 0.518125 0.480625 0.518125 0.443125 0.519375 0.43375 0.521875 0.43125
1 0.463125 0.35375 0.4675 0.35875 0.470625 0.38625 0.469375 0.414375 0.466875 0.4175 0.464375 0.416875 0.46125 0.409375 0.459375 0.365 0.463125 0.354375
1 0.5278125 0.145625 0.009375 0.04625
1 0.480625 0.736875 0.48625 0.779375 0.48375 0.81125 0.479375 0.81 0.471875 0.77625 0.473125 0.74625 0.47625 0.7375 0.48 0.736875
1 0.515625 0.876875 0.51875 0.87625 0.52 0.878125 0.52125 0.89 0.519375 0.901875 0.515625 0.89875 0.515625 0.8775
1 0.49 0.405 0.0075 0.0675
1 0.481875 0.4628125 0.01625 0.055625
1 0.5034375 0.1709375 0.006875 0.031875
