1 0.44375 0.975625 0.446875 0.98125 0.446875 0.999375 0.43625 0.999375 0.435625 0.996875 0.436875 0.979375 0.439375 0.975625 0.443125 0.975625
1 0.5375 0.433125 0.540625 0.4425 0.541875 0.46125 0.536875 0.4875 0.533125 0.491875 0.529375 0.49125 0.52625 0.486875 0.528125 0.48125 0.526875 0.455 0.5275 0.44625 0.5325 0.435625 0.536875 0.433125
1 0.525625 0.626875 0.5225 0.609375 0.523125 0.598125 0.52875 0.585625 0.53375 0.588125 0.53625 0.61 0.533125 0.62375 0.52625 0.626875
1 0.5225 0.936875 0.52625 0.949375 0.5275 0.999375 0.5175 0.999375 0.516875 0.9975 0.5175 0.955 0.519375 0.93875 0.521875 0.936875
1 0.51875 0.246875 0.52375 0.251875 0.525 0.2625 0.526875 0.313125 0.523125 0.32875 0.51875 0.330625 0.515625 0.32875 0.513125 0.3075 0.515 0.258125 0.518125 0.2475
1 0.508125 0.67625 0.511875 0.684375 0.5125 0.699375 0.51 0.735625 0.506875 0.73875 0.500625 0.736875 0.498125 0.72875 0.4975 0.705625 0.5 0.681875 0.50375 0.67625 0.5075 0.67625
1 0.543125 0.71375 0.54625 0.719375 0.5475 0.734375 0.546875 0.76875 0.544375 0.779375 0.539375 0.780625 0.536875 0.778125 0.535 0.76375 0.535625 0.724375 0.538125 0.716875 0.5425 0.714375
1 0.46125 0.994375 0.4625 0.9625 0.466875 0.955625 0.471875 0.968125 0.471875 0.99625 0.47125 0.999375 0.4625 0.999375 0.461875 0.995
1 0.55 0.344375 0.55375 0.348125 0.555625 0.359375 0.55375 0.383125 0.550625 0.385625 0.546875 0.385 0.54375 0.378125 0.545625 0.3525 0.549375 0.345
1 0.545 0.5325 0.548125 0.541875 0.549375 0.55875 0.546875 0.576875 0.54375 0.58 0.539375 0.57625 0.53875 0.550625 0.541875 0.533125 0.544375 0.5325
1 0.435625 0.825625 0.4375 0.83 0.436875 0.8875 0.433125 0.893125 0.43 0.886875 0.4275 0.856875 0.43 0.83125 0.431875 0.82625 0.435 0.825625
1 0.445625 0.241875 0.44875 0.25375 0.44875 0.29 0.44625 0.341875 0.4425 0.345625 0.438125 0.329375 0.43875 0.31 0.435625 0.281875 0.439375 0.25 0.4425 0.2425 0.445 0.241875
1 0.453125 0.789375 0.456875 0.78875 0.459375 0.79875 0.455625 0.835 0.451875 0.83625 0.4475 0.823125 0.4475 0.805 0.453125 0.79
1 0.463125 0.605 0.4675 0.604375 0.47125 0.61 0.4725 0.64625 0.47 0.68625 0.46375 0.70125 0.45625 0.70625 0.449375 0.715 0.44625 0.713125 0.445625 0.70875 0.44875 0.65125 0.4525 0.63 0.45875 0.62125 0.463125 0.605625
1 0.42875 0.744375 0.4325 0.745625 0.43375 0.755625 0.433125 0.789375 0.428125 0.824375 0.425 0.829375 0.421875 0.826875 0.423125 0.788125 0.42875 0.745
1 0.47 0.30125 0.471875 0.318125 0.470625 0.383125 0.468125 0.4 0.463125 0.405 0.459375 0.40375 0.455625 0.39375 0.454375 0.34 0.46125 0.3075 0.466875 0.300625 0.469375 0.30125
1 0.5221875 0.8515625 0.008125 0.039375
1 0.494375 0.863125 0.498125 0.871875 0.49875 0.8925 0.498125 0.94125 0.495625 0.945625 0.49125 0.945 0.488125 0.938125 0.485625 0.901875 0.4875 0.866875 0.490625 0.863125 0.49375 0.863125
1 0.51875 0.73625 0.518125 0.695625 0.521875 0.6875 0.525625 0.695 0.525625 0.725 0.523125 0.735625 0.519375 0.73625
1 0.445625 0.840625 0.45 0.84125 0.453125 0.85375 0.45 0.9125 0.44625 0.9175 0.4425 0.915 0.439375 0.88875 0.439375 0.85875 0.4425 0.845625 0.445625 0.84125
1 0.41125 0.92 0.41 0.896875 0.41125 0.8775 0.413125 0.87625 0.41625 0.878125 0.4175 0.883125 0.41875 0.905 0.4175 0.915 0.414375 0.92 0.411875 0.92
1 0.478125 0 0.48375 0 0.484375 0.00375 0.480625 0.050625 0.476875 0.056875 0.475 0.02125 0.478125 0.000625
1 0.451875 0 0.46 0 0.460625 0.0025 0.456875 0.066875 0.4525 0.076875 0.446875 0.080625 0.445625 0.05375 0.451875 0.000625
1 0.546875 0.01 0.55 0.015625 0.550625 0.026875 0.5475 0.109375 0.54375 0.11 0.541875 0.104375 0.5425 0.028125 0.54625 0.010625
1 0.51625 0.448125 0.51875 0.449375 0.520625 0.455 0.52 0.489375 0.51625 0.498125 0.51125 0.498125 0.506875 0.485625 0.508125 0.4575 0.511875 0.44875 0.515625 0.448125
1 0.4325 0.528125 0.435625 0.534375 0.433125 0.624375 0.429375 0.669375 0.425625 0.6775 0.423125 0.675 0.421875 0.6625 0.41875 0.655625 0.423125 0.6275 0.420625 0.59875 0.42125 0.56625 0.4275 0.549375 0.429375 0.5325 0.431875 0.528125
1 0.539375 0.185625 0.54375 0.185 0.54625 0.195625 0.5425 0.28 0.539375 0.291875 0.53625 0.291875 0.533125 0.2625 0.53375 0.2175 0.539375 0.18625
