1 0.4334375 0.1825 0.03375 0.0775
1 0.4853125 0.7740625 0.021875 0.06
1 0.571875 0.4353125 0.019375 0.08125
1 0.445625 0.3496875 0.0225 0.09375
1 0.5203125 0.584375 0.023125 0.099375
1 0.633125 0.4128125 0.0225 0.140625
1 0.506875 0.86625 0.02125 0.039375
1 0.4946875 0.169375 0.01875 0.035625
1 0.42625 0.64625 0.024375 0.05125
1 0.4525 0.5075 0.02125 0.040625
1 0.5409375 0.39125 0.018125 0.03
1 0.621875 0.015625 0.019375 0.030625
1 0.4103125 0.4375 0.019375 0.029375
1 0.5065625 0.0090625 0.0275 0.0175
1 0.565625 0.166875 0.01625 0.05
1 0.541875 0.1040625 0.018125 0.033125
1 0.605 0.7528125 0.02 0.104375
1 0.4384375 0.00625 0.018125 0.0125
1 0.46625 0.6609375 0.019375 0.02875
1 0.4715625 0.8121875 0.016875 0.02875
1 0.363125 0.043125 0.015625 0.024375
1 0.4209375 0.118125 0.013125 0.025
