1 0.3925 0.4709375 0.05875 0.015
1 0.4309375 0.5284375 0.029375 0.01
1 0.84375 0.5296875 0.044375 0.015625
1 0.4903125 0.5553125 0.050625 0.0175
1 0.9759375 0.5115625 0.028125 0.01
1 0.5725 0.4784375 0.03375 0.010625
1 0.7425 0.48375 0.055625 0.02
1 0.929375 0.53375 0.026875 0.013125
1 0.8003125 0.5534375 0.02625 0.011875
1 0.308125 0.4690625 0.050625 0.008125
1 0.3359375 0.5525 0.0475 0.01
1 0.6146875 0.5228125 0.0275 0.009375
1 0.8765625 0.496875 0.05 0.01625
1 0.719375 0.509375 0.02625 0.010625
1 0.85125 0.5621875 0.03375 0.011875
1 0.5334375 0.4978125 0.024375 0.01
1 0.29875 0.500625 0.0325 0.0175
1 0.750625 0.5003125 0.0225 0.01
1 0.4765625 0.488125 0.030625 0.00875
1 0.7778125 0.541875 0.025 0.00875
1 0.5440625 0.481875 0.020625 0.009375
1 0.1965625 0.4934375 0.06125 0.021875
1 0.30625 0.5384375 0.02625 0.01
1 0.255625 0.4765625 0.01875 0.0075
1 0.885 0.4884375 0.096875 0.03375
1 0.0915625 0.490625 0.061875 0.019375
1 0.3028125 0.4946875 0.02125 0.0075
