1 0.8384375 0.509375 0.046875 0.02
1 0.4853125 0.4771875 0.04875 0.021875
1 0.389375 0.5853125 0.05875 0.01625
1 0.7396875 0.570625 0.055625 0.025625
1 0.4278125 0.5128125 0.03125 0.014375
1 0.92375 0.50625 0.029375 0.01875
1 0.7965625 0.47875 0.025625 0.015
1 0.5684375 0.5771875 0.035625 0.013125
1 0.8471875 0.47 0.0325 0.011875
1 0.8790625 0.5640625 0.0975 0.043125
1 0.5290625 0.5515625 0.02375 0.013125
1 0.088125 0.5634375 0.063125 0.025
1 0.7734375 0.493125 0.025625 0.014375
1 0.333125 0.4790625 0.0475 0.01
1 0.7465625 0.548125 0.021875 0.013125
1 0.9715625 0.5359375 0.026875 0.015
1 0.3034375 0.498125 0.0275 0.013125
1 0.4740625 0.564375 0.030625 0.011875
1 0.538125 0.5721875 0.0225 0.011875
1 0.7153125 0.5365625 0.02375 0.011875
1 0.611875 0.5203125 0.028125 0.0125
1 0.1915625 0.56125 0.065625 0.025625
1 0.3034375 0.589375 0.045625 0.01125
1 0.87125 0.5525 0.04875 0.02
1 0.2959375 0.54875 0.033125 0.024375
1 0.299375 0.555 0.0225 0.010625
