1 0.24475524475524477 0.41304347826086957 0.24825174825174826 0.42391304347826086 0.2517482517482518 0.42391304347826086 0.25524475524475526 0.43478260869565216 0.25524475524475526 0.44565217391304346 0.24825174825174826 0.4673913043478261 0.24475524475524477 0.4673913043478261 0.24125874125874125 0.4782608695652174 0.2062937062937063 0.4782608695652174 0.1958041958041958 0.45652173913043476 0.1958041958041958 0.42391304347826086 0.1993006993006993 0.42391304347826086 0.20279720279720279 0.41304347826086957 0.22377622377622378 0.41304347826086957 0.22727272727272727 0.40217391304347827 0.23076923076923078 0.40217391304347827 0.23426573426573427 0.41304347826086957 0.24125874125874125 0.41304347826086957
1 0.6818181818181818 0.2608695652173913 0.6853146853146853 0.2717391304347826 0.6923076923076923 0.2717391304347826 0.6923076923076923 0.2826086956521739 0.6958041958041958 0.29347826086956524 0.6993006993006993 0.29347826086956524 0.6993006993006993 0.31521739130434784 0.7027972027972028 0.32608695652173914 0.7027972027972028 0.33695652173913043 0.6993006993006993 0.34782608695652173 0.6958041958041958 0.34782608695652173 0.6923076923076923 0.358695652173913 0.6853146853146853 0.358695652173913 0.6818181818181818 0.3695652173913043 0.6328671328671329 0.3695652173913043 0.6293706293706294 0.3804347826086957 0.6258741258741258 0.3695652173913043 0.6223776223776224 0.3804347826086957 0.6188811188811189 0.3695652173913043 0.6083916083916084 0.3695652173913043 0.6048951048951049 0.358695652173913 0.5979020979020979 0.358695652173913 0.5979020979020979 0.31521739130434784 0.6048951048951049 0.29347826086956524 0.6153846153846154 0.29347826086956524 0.6188811188811189 0.2826086956521739 0.6363636363636364 0.2826086956521739 0.6398601398601399 0.2717391304347826 0.6643356643356644 0.2717391304347826 0.6678321678321678 0.2608695652173913 0.6783216783216783 0.2608695652173913
1 0.5629370629370629 0.21195652173913043 0.027972027972027972 0.05434782608695652
1 0.5769230769230769 0.8586956521739131 0.5804195804195804 0.8695652173913043 0.5909090909090909 0.8695652173913043 0.5944055944055944 0.8586956521739131 0.6013986013986014 0.8586956521739131 0.6048951048951049 0.8695652173913043 0.6258741258741258 0.8695652173913043 0.6293706293706294 0.8586956521739131 0.6363636363636364 0.8586956521739131 0.6398601398601399 0.8695652173913043 0.6538461538461539 0.8695652173913043 0.6573426573426573 0.8804347826086957 0.6608391608391608 0.8804347826086957 0.6643356643356644 0.8913043478260869 0.6678321678321678 0.8913043478260869 0.6713286713286714 0.9021739130434783 0.6713286713286714 0.9130434782608695 0.6678321678321678 0.9130434782608695 0.6643356643356644 0.9239130434782609 0.6538461538461539 0.9239130434782609 0.6503496503496503 0.9347826086956522 0.6223776223776224 0.9347826086956522 0.6188811188811189 0.9456521739130435 0.5174825174825175 0.9456521739130435 0.5104895104895105 0.9239130434782609 0.5104895104895105 0.9130434782608695 0.5209790209790209 0.8913043478260869 0.527972027972028 0.8913043478260869 0.5314685314685315 0.8804347826086957 0.548951048951049 0.8804347826086957 0.5524475524475524 0.8695652173913043 0.5734265734265734 0.8695652173913043
1 0.6853146853146853 0.2826086956521739 0.6923076923076923 0.30434782608695654 0.6923076923076923 0.32608695652173914 0.6888111888111889 0.32608695652173914 0.6853146853146853 0.33695652173913043 0.6503496503496503 0.33695652173913043 0.6468531468531469 0.34782608695652173 0.6083916083916084 0.34782608695652173 0.6048951048951049 0.33695652173913043 0.6048951048951049 0.31521739130434784 0.6083916083916084 0.31521739130434784 0.6118881118881119 0.30434782608695654 0.6188811188811189 0.30434782608695654 0.6223776223776224 0.29347826086956524 0.6433566433566433 0.29347826086956524 0.6468531468531469 0.2826086956521739 0.6503496503496503 0.2826086956521739 0.6538461538461539 0.29347826086956524 0.6608391608391608 0.29347826086956524 0.6643356643356644 0.2826086956521739 0.6818181818181818 0.2826086956521739
1 0.9825174825174825 0.4782608695652174 0.9965034965034965 0.4782608695652174 0.9965034965034965 0.5543478260869565 0.993006993006993 0.5543478260869565 0.9790209790209791 0.5108695652173914 0.9790209790209791 0.5 0.9825174825174825 0.4891304347826087
1 0.3776223776223776 0.1956521739130435 0.3811188811188811 0.20652173913043478 0.38461538461538464 0.20652173913043478 0.38461538461538464 0.21739130434782608 0.3916083916083916 0.2391304347826087 0.3916083916083916 0.2608695652173913 0.38461538461538464 0.2826086956521739 0.38461538461538464 0.29347826086956524 0.3811188811188811 0.29347826086956524 0.3741258741258741 0.31521739130434784 0.36013986013986016 0.31521739130434784 0.35664335664335667 0.32608695652173914 0.3356643356643357 0.32608695652173914 0.3321678321678322 0.31521739130434784 0.3321678321678322 0.30434782608695654 0.32867132867132864 0.29347826086956524 0.32517482517482516 0.29347826086956524 0.32517482517482516 0.2826086956521739 0.32167832167832167 0.2717391304347826 0.32517482517482516 0.2608695652173913 0.32167832167832167 0.25 0.32167832167832167 0.22826086956521738 0.32517482517482516 0.22826086956521738 0.3321678321678322 0.20652173913043478 0.33916083916083917 0.20652173913043478 0.34265734265734266 0.1956521739130435 0.3741258741258741 0.1956521739130435
1 0.6083916083916084 0.6521739130434783 0.6048951048951049 0.6413043478260869 0.5944055944055944 0.6413043478260869 0.5909090909090909 0.6304347826086957 0.5909090909090909 0.6086956521739131 0.5944055944055944 0.5978260869565217 0.6188811188811189 0.5978260869565217 0.6223776223776224 0.6086956521739131 0.6223776223776224 0.6304347826086957 0.6188811188811189 0.6413043478260869 0.6118881118881119 0.6413043478260869
1 0.993006993006993 0.8478260869565217 0.9965034965034965 0.8586956521739131 0.9965034965034965 0.9130434782608695 0.986013986013986 0.9130434782608695 0.9825174825174825 0.9021739130434783 0.9755244755244755 0.9021739130434783 0.972027972027972 0.8913043478260869 0.9685314685314685 0.8913043478260869 0.9685314685314685 0.8695652173913043 0.972027972027972 0.8695652173913043 0.9755244755244755 0.8586956521739131 0.9895104895104895 0.8586956521739131
1 0.8496503496503497 0.22826086956521738 0.8531468531468531 0.2391304347826087 0.8531468531468531 0.2717391304347826 0.8496503496503497 0.2826086956521739 0.8496503496503497 0.29347826086956524 0.8426573426573427 0.31521739130434784 0.8391608391608392 0.31521739130434784 0.8356643356643356 0.32608695652173914 0.8286713286713286 0.32608695652173914 0.8251748251748252 0.33695652173913043 0.8216783216783217 0.33695652173913043 0.8181818181818182 0.32608695652173914 0.8041958041958042 0.32608695652173914 0.8006993006993007 0.31521739130434784 0.7937062937062938 0.31521739130434784 0.7902097902097902 0.30434782608695654 0.7867132867132867 0.30434782608695654 0.7832167832167832 0.29347826086956524 0.7797202797202797 0.29347826086956524 0.7797202797202797 0.2608695652173913 0.7867132867132867 0.2391304347826087 0.7972027972027972 0.2391304347826087 0.8006993006993007 0.22826086956521738 0.8461538461538461 0.22826086956521738
1 0.13986013986013987 0.4673913043478261 0.14335664335664336 0.4782608695652174 0.15034965034965034 0.4782608695652174 0.15384615384615385 0.4891304347826087 0.15384615384615385 0.532608695652174 0.15034965034965034 0.532608695652174 0.14685314685314685 0.5434782608695652 0.10839160839160839 0.5434782608695652 0.10839160839160839 0.532608695652174 0.10139860139860139 0.5108695652173914 0.10139860139860139 0.5 0.10839160839160839 0.4782608695652174 0.11538461538461539 0.4782608695652174 0.11888111888111888 0.4673913043478261 0.13636363636363635 0.4673913043478261
1 0.8356643356643356 0.43478260869565216 0.8391608391608392 0.44565217391304346 0.8426573426573427 0.44565217391304346 0.8496503496503497 0.4673913043478261 0.8496503496503497 0.4782608695652174 0.8426573426573427 0.5 0.8391608391608392 0.5 0.8356643356643356 0.5108695652173914 0.8181818181818182 0.5108695652173914 0.8146853146853147 0.5 0.8111888111888111 0.5 0.8111888111888111 0.4891304347826087 0.8076923076923077 0.4782608695652174 0.8111888111888111 0.4673913043478261 0.8111888111888111 0.45652173913043476 0.8146853146853147 0.45652173913043476 0.8181818181818182 0.44565217391304346 0.8251748251748252 0.44565217391304346 0.8286713286713286 0.43478260869565216 0.8321678321678322 0.43478260869565216
1 0.4965034965034965 0.30434782608695654 0.5 0.31521739130434784 0.506993006993007 0.31521739130434784 0.506993006993007 0.34782608695652173 0.4965034965034965 0.3695652173913043 0.479020979020979 0.3695652173913043 0.4755244755244755 0.358695652173913 0.4755244755244755 0.32608695652173914 0.479020979020979 0.32608695652173914 0.4825174825174825 0.31521739130434784 0.486013986013986 0.31521739130434784 0.48951048951048953 0.30434782608695654 0.493006993006993 0.30434782608695654
1 0.1958041958041958 0.8260869565217391 0.1993006993006993 0.8260869565217391 0.20279720279720279 0.8152173913043478 0.22377622377622378 0.8152173913043478 0.22727272727272727 0.8043478260869565 0.26223776223776224 0.8043478260869565 0.26573426573426573 0.7934782608695652 0.32867132867132864 0.7934782608695652 0.3321678321678322 0.782608695652174 0.35664335664335667 0.782608695652174 0.36013986013986016 0.7934782608695652 0.36713286713286714 0.7934782608695652 0.3706293706293706 0.8043478260869565 0.3706293706293706 0.8260869565217391 0.36363636363636365 0.8260869565217391 0.36013986013986016 0.8369565217391305 0.3181818181818182 0.8369565217391305 0.3146853146853147 0.8478260869565217 0.26573426573426573 0.8478260869565217 0.26223776223776224 0.8586956521739131 0.20279720279720279 0.8586956521739131 0.1993006993006993 0.8478260869565217 0.1958041958041958 0.8478260869565217 0.1958041958041958 0.8369565217391305
1 0 0.9130434782608695 0.055944055944055944 0.9130434782608695 0.05944055944055944 0.9239130434782609 0.09090909090909091 0.9239130434782609 0.0944055944055944 0.9347826086956522 0.09090909090909091 0.9456521739130435 0.08391608391608392 0.9456521739130435 0.07692307692307693 0.967391304347826 0.07692307692307693 0.9782608695652174 0.07342657342657342 0.9891304347826086 0 0.9891304347826086 0 0.9239130434782609
1 0.8776223776223776 0.6086956521739131 0.8846153846153846 0.6086956521739131 0.8881118881118881 0.5978260869565217 0.9055944055944056 0.5978260869565217 0.9090909090909091 0.6086956521739131 0.9125874125874126 0.6086956521739131 0.9125874125874126 0.6413043478260869 0.9090909090909091 0.6521739130434783 0.8811188811188811 0.6521739130434783 0.8776223776223776 0.6413043478260869 0.8776223776223776 0.6195652173913043
1 0.6048951048951049 0.6956521739130435 0.6083916083916084 0.7065217391304348 0.6083916083916084 0.7282608695652174 0.6048951048951049 0.7391304347826086 0.5979020979020979 0.7391304347826086 0.5944055944055944 0.75 0.527972027972028 0.75 0.5244755244755245 0.7391304347826086 0.5209790209790209 0.7391304347826086 0.5209790209790209 0.7282608695652174 0.527972027972028 0.7065217391304348 0.5314685314685315 0.7065217391304348 0.534965034965035 0.6956521739130435 0.5769230769230769 0.6956521739130435 0.5804195804195804 0.6847826086956522 0.5909090909090909 0.6847826086956522 0.5944055944055944 0.6956521739130435 0.6013986013986014 0.6956521739130435
1 0.1888111888111888 0.40217391304347827 0.027972027972027972 0.043478260869565216
1 0.45454545454545453 0.5108695652173914 0.458041958041958 0.5217391304347826 0.46153846153846156 0.5217391304347826 0.46853146853146854 0.5434782608695652 0.46853146853146854 0.5652173913043478 0.46503496503496505 0.5760869565217391 0.46153846153846156 0.5760869565217391 0.458041958041958 0.5869565217391305 0.4090909090909091 0.5869565217391305 0.40559440559440557 0.5978260869565217 0.3776223776223776 0.5978260869565217 0.3741258741258741 0.5869565217391305 0.36713286713286714 0.5869565217391305 0.36363636363636365 0.5760869565217391 0.36363636363636365 0.5543478260869565 0.36713286713286714 0.5434782608695652 0.3706293706293706 0.5434782608695652 0.3741258741258741 0.532608695652174 0.3811188811188811 0.532608695652174 0.38461538461538464 0.5217391304347826 0.3951048951048951 0.5217391304347826 0.3986013986013986 0.5108695652173914 0.45104895104895104 0.5108695652173914
1 0.32867132867132864 0.2717391304347826 0.32867132867132864 0.2391304347826087 0.3321678321678322 0.22826086956521738 0.33916083916083917 0.22826086956521738 0.34265734265734266 0.21739130434782608 0.36713286713286714 0.21739130434782608 0.3741258741258741 0.2391304347826087 0.3741258741258741 0.2717391304347826 0.3706293706293706 0.2717391304347826 0.36713286713286714 0.2826086956521739 0.36013986013986016 0.2826086956521739 0.35664335664335667 0.29347826086956524 0.34265734265734266 0.29347826086956524 0.3321678321678322 0.2717391304347826
1 0.13636363636363635 0.4782608695652174 0.13986013986013987 0.4891304347826087 0.14685314685314685 0.4891304347826087 0.15034965034965034 0.5 0.15034965034965034 0.5217391304347826 0.13986013986013987 0.5434782608695652 0.12237762237762238 0.5434782608695652 0.11538461538461539 0.5217391304347826 0.11538461538461539 0.5108695652173914 0.11888111888111888 0.5 0.11888111888111888 0.4891304347826087 0.1258741258741259 0.4891304347826087 0.12937062937062938 0.4782608695652174 0.13286713286713286 0.4782608695652174
1 0.32167832167832167 0.3695652173913043 0.32517482517482516 0.3695652173913043 0.32867132867132864 0.358695652173913 0.34615384615384615 0.358695652173913 0.35664335664335667 0.3804347826086957 0.35664335664335667 0.391304347826087 0.34965034965034963 0.41304347826086957 0.32517482517482516 0.41304347826086957 0.32167832167832167 0.40217391304347827 0.32167832167832167 0.3804347826086957
1 0.8531468531468531 0.6739130434782609 0.8601398601398601 0.6956521739130435 0.8601398601398601 0.7065217391304348 0.8566433566433567 0.717391304347826 0.8566433566433567 0.7391304347826086 0.8391608391608392 0.7391304347826086 0.8356643356643356 0.75 0.8321678321678322 0.7391304347826086 0.8146853146853147 0.7391304347826086 0.8111888111888111 0.7282608695652174 0.8076923076923077 0.7282608695652174 0.8076923076923077 0.6956521739130435 0.8111888111888111 0.6956521739130435 0.8146853146853147 0.6847826086956522 0.8216783216783217 0.6847826086956522 0.8251748251748252 0.6739130434782609 0.8496503496503497 0.6739130434782609
1 0.958041958041958 0.03260869565217391 0.9615384615384616 0.043478260869565216 0.965034965034965 0.043478260869565216 0.965034965034965 0.06521739130434782 0.9615384615384616 0.07608695652173914 0.951048951048951 0.07608695652173914 0.9475524475524476 0.06521739130434782 0.9475524475524476 0.043478260869565216 0.951048951048951 0.03260869565217391 0.9545454545454546 0.03260869565217391
1 0.8461538461538461 0.6739130434782609 0.8566433566433567 0.6956521739130435 0.8566433566433567 0.7065217391304348 0.8461538461538461 0.7282608695652174 0.8321678321678322 0.7282608695652174 0.8286713286713286 0.717391304347826 0.8181818181818182 0.717391304347826 0.8146853146853147 0.7065217391304348 0.8146853146853147 0.6956521739130435 0.8181818181818182 0.6956521739130435 0.8216783216783217 0.6847826086956522 0.8286713286713286 0.6847826086956522 0.8321678321678322 0.6739130434782609 0.8426573426573427 0.6739130434782609
1 0.5104895104895105 0.30434782608695654 0.5209790209790209 0.32608695652173914 0.5209790209790209 0.33695652173913043 0.5244755244755245 0.34782608695652173 0.5244755244755245 0.3695652173913043 0.5174825174825175 0.391304347826087 0.5034965034965035 0.391304347826087 0.5 0.40217391304347827 0.4965034965034965 0.391304347826087 0.493006993006993 0.391304347826087 0.48951048951048953 0.40217391304347827 0.486013986013986 0.391304347826087 0.479020979020979 0.391304347826087 0.4755244755244755 0.3804347826086957 0.47202797202797203 0.3804347826086957 0.46503496503496505 0.358695652173913 0.47202797202797203 0.33695652173913043 0.47202797202797203 0.32608695652173914 0.4825174825174825 0.30434782608695654 0.506993006993007 0.30434782608695654
