1 0.459375 0.09875 0.461875 0.104375 0.460625 0.12125 0.45625 0.121875 0.455 0.1175 0.455 0.101875 0.45875 0.099375
1 0.515 0.4175 0.519375 0.420625 0.52125 0.429375 0.52 0.493125 0.5175 0.495 0.511875 0.49375 0.509375 0.476875 0.508125 0.433125 0.51 0.42125 0.514375 0.418125
1 0.431875 0.044375 0.436875 0.0575 0.435625 0.083125 0.43125 0.0825 0.428125 0.07375 0.428125 0.050625 0.43125 0.045
1 0.449375 0.496875 0.453125 0.5 0.456875 0.516875 0.45625 0.5675 0.453125 0.56875 0.449375 0.561875 0.44625 0.545 0.445 0.50875 0.445625 0.501875 0.44875 0.4975
1 0.508125 0.864375 0.514375 0.886875 0.511875 0.92625 0.508125 0.9275 0.506875 0.925625 0.504375 0.906875 0.504375 0.87375 0.5075 0.865
1 0.495625 0.811875 0.01375 0.1025
1 0.4225 0.526875 0.42625 0.530625 0.429375 0.5475 0.43 0.57625 0.4275 0.58 0.42125 0.57625 0.4175 0.56375 0.4175 0.533125 0.421875 0.526875
1 0.428125 0.47 0.434375 0.49875 0.434375 0.518125 0.431875 0.53 0.43 0.530625 0.4275 0.529375 0.424375 0.5175 0.42125 0.495 0.421875 0.474375 0.425 0.468125 0.4275 0.47
1 0.464375 0.821875 0.4675 0.83 0.46625 0.8475 0.463125 0.845625 0.46125 0.83875 0.46125 0.825625 0.46375 0.821875
1 0.42375 0.119375 0.4275 0.125625 0.426875 0.15 0.425 0.154375 0.420625 0.15125 0.418125 0.13125 0.41875 0.1225 0.423125 0.119375
1 0.484375 0.1975 0.488125 0.200625 0.489375 0.208125 0.4875 0.235 0.484375 0.23625 0.483125 0.234375 0.480625 0.220625 0.480625 0.21 0.48375 0.198125
1 0.48125 0 0.489375 0 0.490625 0.009375 0.489375 0.025 0.4875 0.028125 0.485 0.028125 0.481875 0.019375 0.48125 0.000625
1 0.44375 0.291875 0.4475 0.295625 0.45125 0.31 0.45 0.33 0.44625 0.334375 0.4425 0.330625 0.44 0.309375 0.440625 0.29625 0.443125 0.291875
1 0.431875 0.655 0.4375 0.676875 0.436875 0.699375 0.434375 0.700625 0.43125 0.698125 0.42875 0.6825 0.428125 0.66 0.43125 0.655625
1 0.44625 0.83125 0.45 0.84125 0.45125 0.853125 0.449375 0.876875 0.445625 0.87625 0.44125 0.8575 0.44125 0.835625 0.445625 0.83125
1 0.418125 0.676875 0.42375 0.7025 0.42125 0.716875 0.418125 0.715625 0.415625 0.693125 0.415625 0.678125 0.4175 0.676875
1 0.45 0.18375 0.45375 0.190625 0.454375 0.204375 0.453125 0.20875 0.449375 0.21125 0.445625 0.209375 0.44375 0.2 0.444375 0.185625 0.449375 0.18375
1 0.4875 0.335625 0.495625 0.34375 0.501875 0.373125 0.501875 0.3975 0.499375 0.413125 0.494375 0.42625 0.49125 0.429375 0.486875 0.42625 0.480625 0.389375 0.48 0.356875 0.483125 0.343125 0.4875 0.33625
1 0.445625 0.609375 0.449375 0.609375 0.450625 0.611875 0.45625 0.640625 0.45625 0.659375 0.453125 0.663125 0.449375 0.659375 0.445 0.648125 0.4425 0.628125 0.445625 0.61
1 0.4425 0.693125 0.44625 0.696875 0.44875 0.70625 0.44875 0.716875 0.445625 0.72875 0.441875 0.72875 0.439375 0.715 0.43875 0.7025 0.441875 0.69375
1 0.400625 0.3125 0.405625 0.4 0.404375 0.430625 0.401875 0.42125 0.39875 0.36625 0.4 0.313125
1 0.510625 0.3271875 0.01125 0.035625
1 0.476875 0.8475 0.4725 0.835625 0.471875 0.82 0.47375 0.81125 0.4775 0.809375 0.48 0.82375 0.480625 0.834375 0.4775 0.846875
1 0.50625 0.2234375 0.0175 0.071875
1 0.5225 0.580625 0.526875 0.585 0.529375 0.5975 0.53 0.626875 0.5275 0.64125 0.525625 0.643125 0.521875 0.64 0.516875 0.615625 0.516875 0.589375 0.521875 0.58125
1 0.449375 0.215625 0.453125 0.21875 0.456875 0.23875 0.455625 0.265625 0.4525 0.2675 0.449375 0.265 0.445625 0.25125 0.445625 0.220625 0.44875 0.21625
1 0.4925 0.65 0.496875 0.66 0.494375 0.678125 0.490625 0.678125 0.488125 0.669375 0.488125 0.654375 0.489375 0.650625 0.491875 0.65
1 0.50875 0.136875 0.515625 0.136875 0.518125 0.1525 0.516875 0.173125 0.515 0.175625 0.5125 0.175 0.50875 0.170625 0.505 0.159375 0.505 0.149375 0.50875 0.1375
1 0.41125 0.32125 0.415 0.336875 0.415 0.35875 0.413125 0.364375 0.41125 0.36625 0.409375 0.36375 0.406875 0.35 0.4075 0.329375 0.410625 0.321875
1 0.5009375 0.53125 0.013125 0.035
1 0.4946875 0.585 0.013125 0.0425
1 0.4878125 0.4915625 0.015625 0.025625
1 0.455 0.9365625 0.0225 0.040625
