1 0.734375 0.45125 0.03375 0.010625
1 0.77375 0.5315625 0.050625 0.011875
1 0.5925 0.4646875 0.050625 0.015625
1 0.315625 0.460625 0.043125 0.011875
1 0.5759375 0.50625 0.04 0.01
1 0.538125 0.443125 0.045625 0.01375
1 0.5225 0.536875 0.039375 0.011875
1 0.05625 0.45375 0.04375 0.014375
1 0.6575 0.52875 0.05 0.0125
1 0.9653125 0.43625 0.03625 0.011875
1 0.4265625 0.5421875 0.05125 0.0125
1 0.4978125 0.4625 0.03625 0.0125
1 0.0165625 0.556875 0.033125 0.015
1 0.1134375 0.5153125 0.066875 0.00875
1 0.8034375 0.4425 0.048125 0.014375
1 0.62625 0.48 0.055 0.015
1 0.6590625 0.45875 0.043125 0.0125
1 0.6903125 0.5190625 0.051875 0.011875
1 0.2575 0.51125 0.0525 0.00875
1 0.296875 0.4434375 0.05625 0.009375
1 0.81375 0.4696875 0.04 0.01125
1 0.834375 0.51625 0.053125 0.010625
1 0.8215625 0.536875 0.040625 0.00875
1 0.1978125 0.4509375 0.056875 0.01375
1 0.07375 0.50125 0.049375 0.006875
1 0.1875 0.544375 0.03375 0.009375
1 0.8978125 0.434375 0.02375 0.0075
1 0.773125 0.475625 0.054375 0.010625
1 0.235625 0.443125 0.045 0.01
1 0.8796875 0.4809375 0.048125 0.0125
1 0.7040625 0.4884375 0.0375 0.005625
1 0.926875 0.4821875 0.0425 0.0125
1 0.3965625 0.4384375 0.02875 0.00375
1 0.8 0.4965625 0.03375 0.009375
1 0.720625 0.53375 0.02 0.005
1 0.7821875 0.4871875 0.036875 0.01
1 0.9003125 0.4809375 0.09125 0.014375
