1 0.5359375 0.591875 0.014375 0.05125
1 0.540625 0.3165625 0.011875 0.044375
1 0.5575 0.8040625 0.0125 0.05
1 0.465 0.5215625 0.0125 0.039375
1 0.5575 0.53875 0.0125 0.045625
1 0.52 0.626875 0.015 0.058125
1 0.564375 0.96625 0.010625 0.035625
1 0.5384375 0.49875 0.013125 0.0375
1 0.481875 0.689375 0.01 0.053125
1 0.5415625 0.660625 0.011875 0.044375
1 0.5471875 0.0578125 0.0125 0.0425
1 0.4696875 0.773125 0.01125 0.050625
1 0.4590625 0.42625 0.0125 0.05375
1 0.5575 0.2971875 0.009375 0.055625
1 0.549375 0.7340625 0.01 0.033125
1 0.484375 0.83375 0.010625 0.055625
1 0.4859375 0.1115625 0.0075 0.06875
1 0.4721875 0.6571875 0.01125 0.050625
1 0.4446875 0.0175 0.01375 0.035
1 0.5309375 0.815625 0.01 0.036875
1 0.5496875 0.1978125 0.013125 0.058125
1 0.5246875 0.7734375 0.01 0.058125
1 0.5571875 0.235 0.01 0.045625
1 0.5053125 0.79625 0.009375 0.0375
1 0.4996875 0.0765625 0.00625 0.0525
1 0.4559375 0.186875 0.009375 0.03875
1 0.465 0.8221875 0.008125 0.045625
1 0.51875 0.876875 0.011875 0.04125
1 0.5125 0.7046875 0.00625 0.035625
1 0.56625 0.8984375 0.0075 0.02625
1 0.51375 0.78125 0.0075 0.03875
1 0.51875 0.924375 0.011875 0.05125
1 0.495 0.575625 0.01 0.040625
1 0.4903125 0.2603125 0.009375 0.058125
1 0.4665625 0.719375 0.00375 0.020625
