1 0.759375 0.530625 0.769375 0.533125 0.77 0.538125 0.763125 0.54375 0.745625 0.5475 0.730625 0.545625 0.725625 0.54 0.725 0.535625 0.734375 0.53125 0.75875 0.530625
1 0.17375 0.486875 0.19125 0.490625 0.20875 0.5 0.238125 0.49875 0.28375 0.505 0.285 0.50875 0.281875 0.51125 0.265625 0.515625 0.24125 0.5175 0.22125 0.51625 0.206875 0.519375 0.140625 0.519375 0.123125 0.5175 0.116875 0.51625 0.101875 0.506875 0.09875 0.5025 0.09875 0.4975 0.10125 0.49625 0.1325 0.489375 0.173125 0.486875
1 0.730625 0.57875 0.779375 0.58125 0.784375 0.584375 0.785 0.59 0.7775 0.595 0.716875 0.5975 0.69 0.604375 0.671875 0.60375 0.665 0.59875 0.664375 0.595625 0.675 0.586875 0.691875 0.58125 0.73 0.579375
1 0.536875 0.419375 0.55 0.42375 0.55375 0.4275 0.550625 0.433125 0.536875 0.436875 0.523125 0.435625 0.5175 0.43125 0.5175 0.4275 0.521875 0.4225 0.53625 0.419375
1 0.54875 0.51875 0.56125 0.5225 0.563125 0.525625 0.555 0.533125 0.54625 0.53625 0.5275 0.53375 0.523125 0.529375 0.523125 0.523125 0.548125 0.51875
1 0.068125 0.403125 0.075 0.40625 0.078125 0.4125 0.076875 0.415 0.066875 0.41875 0.05375 0.418125 0.043125 0.414375 0.0425 0.410625 0.056875 0.401875 0.0675 0.403125
1 0.45 0.423125 0.456875 0.425 0.468125 0.435 0.493125 0.445625 0.495 0.46 0.49125 0.464375 0.4775 0.47 0.4775 0.47375 0.485625 0.48125 0.486875 0.48625 0.476875 0.49125 0.461875 0.495 0.39375 0.496875 0.3775 0.49625 0.370625 0.491875 0.36875 0.479375 0.3725 0.456875 0.378125 0.453125 0.409375 0.443125 0.41375 0.4325 0.42625 0.424375 0.449375 0.423125
1 0.991875 0.5225 0.999375 0.525 0.999375 0.534375 0.98625 0.539375 0.96375 0.540625 0.945625 0.5375 0.940625 0.533125 0.940625 0.52875 0.943125 0.526875 0.99125 0.5225
1 0.411875 0.394375 0.425 0.4 0.428125 0.40625 0.425 0.41625 0.411875 0.42125 0.401875 0.42125 0.39 0.4175 0.379375 0.404375 0.380625 0.39875 0.39 0.39375 0.41125 0.394375
1 0.996875 0.55625 0.999375 0.556875 0.999375 0.568125 0.996875 0.56875 0.973125 0.568125 0.966875 0.564375 0.97 0.56 0.976875 0.5575 0.99625 0.55625
1 0.7025 0.4575 0.725 0.468125 0.726875 0.473125 0.725625 0.485 0.72125 0.493125 0.71625 0.496875 0.704375 0.50125 0.69 0.503125 0.673125 0.5025 0.658125 0.498125 0.65 0.48875 0.648125 0.47875 0.655 0.473125 0.6675 0.470625 0.675 0.463125 0.681875 0.46 0.701875 0.4575
1 0.18125 0.5575 0.199375 0.56 0.203125 0.56625 0.201875 0.57125 0.198125 0.574375 0.18625 0.578125 0.160625 0.575 0.155 0.5725 0.151875 0.5675 0.153125 0.56375 0.159375 0.55875 0.180625 0.5575
1 0.5225 0.36875 0.54375 0.37125 0.546875 0.373125 0.548125 0.3775 0.54875 0.383125 0.54625 0.388125 0.52625 0.39125 0.51 0.38875 0.49375 0.37625 0.495625 0.373125 0.500625 0.37125 0.521875 0.36875
1 0.405625 0.554375 0.411875 0.55875 0.410625 0.56375 0.405625 0.566875 0.400625 0.566875 0.39375 0.56125 0.396875 0.555 0.405 0.554375
1 0.5225 0.444375 0.5375 0.4525 0.538125 0.456875 0.5325 0.46 0.51875 0.459375 0.50875 0.45375 0.50875 0.449375 0.51125 0.446875 0.521875 0.444375
1 0.1225 0.6225 0.149375 0.62625 0.144375 0.635625 0.125 0.64 0.089375 0.63625 0.079375 0.633125 0.075 0.62875 0.075 0.62625 0.08125 0.624375 0.121875 0.6225
1 0.57 0.585 0.57875 0.588125 0.581875 0.591875 0.58125 0.59875 0.571875 0.6025 0.556875 0.60125 0.55125 0.59875 0.548125 0.593125 0.556875 0.58625 0.569375 0.585
1 0.494375 0.605625 0.50375 0.608125 0.5225 0.619375 0.5225 0.623125 0.516875 0.626875 0.503125 0.63125 0.46625 0.633125 0.445625 0.643125 0.4175 0.645625 0.40875 0.645625 0.4025 0.643125 0.418125 0.62 0.42625 0.6125 0.46 0.605 0.49375 0.605625
1 0.378125 0.62625 0.381875 0.629375 0.3825 0.633125 0.37875 0.644375 0.369375 0.6475 0.34875 0.648125 0.304375 0.6475 0.293125 0.645 0.28875 0.636875 0.295625 0.62875 0.303125 0.62625 0.321875 0.625 0.3775 0.62625
1 0.025625 0.470625 0.03 0.473125 0.03125 0.4775 0.02875 0.4825 0.023125 0.485 0.0075 0.480625 0.0075 0.476875 0.015 0.47125 0.025 0.470625
1 0.419375 0.525625 0.436875 0.531875 0.436875 0.535625 0.4075 0.541875 0.3925 0.54 0.388125 0.53625 0.393125 0.531875 0.41875 0.525625
1 0.055625 0.580625 0.061875 0.583125 0.06375 0.58875 0.055 0.593125 0.046875 0.5925 0.0425 0.58875 0.0425 0.584375 0.045 0.581875 0.055 0.580625
1 0.25 0.40625 0.256875 0.40875 0.25875 0.418125 0.2475 0.42375 0.23375 0.421875 0.230625 0.413125 0.234375 0.4075 0.249375 0.40625
1 0.751875 0.373125 0.771875 0.375625 0.855625 0.375625 0.87625 0.38875 0.880625 0.395625 0.873125 0.398125 0.869375 0.404375 0.846875 0.40875 0.823125 0.408125 0.811875 0.405 0.793125 0.40625 0.779375 0.4225 0.744375 0.43125 0.7325 0.43 0.72 0.425625 0.69125 0.425 0.681875 0.4175 0.679375 0.399375 0.683125 0.386875 0.696875 0.3775 0.75125 0.373125
1 0.89625 0.55625 0.920625 0.5625 0.924375 0.566875 0.921875 0.571875 0.90125 0.574375 0.821875 0.57625 0.785625 0.575 0.7825 0.571875 0.783125 0.5675 0.790625 0.563125 0.85875 0.556875 0.895625 0.55625
1 0.310625 0.5675 0.32125 0.57125 0.33125 0.578125 0.350625 0.584375 0.35375 0.5875 0.35375 0.591875 0.34875 0.599375 0.34375 0.6025 0.29375 0.604375 0.2425 0.60125 0.233125 0.59625 0.231875 0.58875 0.249375 0.581875 0.264375 0.571875 0.31 0.5675
1 0.699375 0.4375 0.703125 0.43875 0.70375 0.44125 0.69625 0.44625 0.6775 0.445625 0.67125 0.44375 0.67 0.439375 0.674375 0.4375 0.69875 0.4375
1 0.638125 0.464375 0.645 0.47 0.645 0.474375 0.638125 0.479375 0.62125 0.478125 0.614375 0.473125 0.614375 0.470625 0.61875 0.466875 0.62875 0.46375 0.6375 0.464375
1 0.2625 0.53625 0.273125 0.5425 0.2725 0.54625 0.265625 0.55125 0.2575 0.550625 0.251875 0.54625 0.254375 0.54 0.261875 0.53625
1 0.886875 0.404375 0.9 0.406875 0.92 0.40625 0.926875 0.40875 0.94625 0.406875 0.9675 0.409375 0.971875 0.411875 0.984375 0.435 0.985 0.445625 0.95875 0.453125 0.95 0.460625 0.94625 0.47 0.939375 0.473125 0.921875 0.47125 0.89875 0.455625 0.863125 0.45875 0.819375 0.4575 0.799375 0.4475 0.799375 0.44125 0.803125 0.43625 0.818125 0.431875 0.8275 0.423125 0.85875 0.41125 0.88625 0.404375
