1 0.6125 0.524375 0.059375 0.013125
1 0.8975 0.5103125 0.0625 0.01125
1 0.384375 0.4909375 0.086875 0.02375
1 0.4571875 0.515625 0.075625 0.013125
1 0.13875 0.424375 0.03625 0.009375
1 0.556875 0.4246875 0.04875 0.013125
1 0.53375 0.4515625 0.058125 0.013125
1 0.85375 0.4475 0.0475 0.011875
1 0.8146875 0.495 0.0925 0.013125
1 0.9315625 0.4571875 0.071875 0.01375
1 0.224375 0.505625 0.07125 0.01875
1 0.3140625 0.445625 0.041875 0.011875
1 0.6390625 0.45 0.05125 0.014375
1 0.7065625 0.4221875 0.055625 0.0125
1 0.158125 0.5128125 0.04 0.013125
1 0.3465625 0.411875 0.039375 0.009375
1 0.0634375 0.4321875 0.036875 0.010625
1 0.3278125 0.5109375 0.0325 0.010625
1 0.5021875 0.42875 0.05125 0.011875
1 0.07125 0.41125 0.02625 0.009375
1 0.2165625 0.486875 0.034375 0.009375
1 0.0165625 0.486875 0.0225 0.009375
1 0.1984375 0.4496875 0.03 0.01125
1 0.246875 0.451875 0.041875 0.010625
1 0.3740625 0.403125 0.114375 0.008125
1 0.71375 0.4446875 0.031875 0.00875
1 0.5390625 0.501875 0.04 0.01125
1 0.110625 0.4590625 0.02375 0.006875
1 0.8328125 0.465 0.02375 0.00625
1 0.6646875 0.493125 0.028125 0.01
1 0.6796875 0.4334375 0.04625 0.01125
1 0.495 0.49125 0.025 0.00875
1 0.693125 0.4353125 0.07375 0.018125
1 0.2259375 0.450625 0.085625 0.01375
1 0.260625 0.4278125 0.0225 0.00625
