1 0.5940625 0.3990625 0.019375 0.064375
1 0.4971875 0.8696875 0.023125 0.049375
1 0.454375 0.4990625 0.025 0.053125
1 0.576875 0.7646875 0.026875 0.06
1 0.551875 0.9046875 0.02375 0.051875
1 0.4446875 0.878125 0.015625 0.035
1 0.584375 0.5878125 0.01625 0.03625
1 0.5996875 0.310625 0.013125 0.051875
1 0.456875 0.8265625 0.01875 0.035
1 0.499375 0.438125 0.015625 0.03125
1 0.4921875 0.95875 0.023125 0.033125
1 0.5415625 0.2984375 0.015 0.028125
1 0.458125 0.3375 0.014375 0.05
1 0.54625 0.7725 0.01375 0.02375
1 0.5803125 0.9428125 0.0275 0.045625
1 0.5771875 0.555 0.014375 0.025
1 0.48125 0.308125 0.015 0.03125
1 0.4740625 0.8009375 0.015625 0.025625
1 0.50875 0.6334375 0.01625 0.04
1 0.55625 0.30375 0.0125 0.02625
1 0.55125 0.545 0.014375 0.02625
1 0.53125 0.7403125 0.014375 0.030625
1 0.5625 0.1925 0.029375 0.066875
1 0.56625 0.4865625 0.0125 0.031875
1 0.565625 0.0834375 0.03 0.066875
