1 0.3890625 0.415 0.0575 0.014375
1 0.8384375 0.49 0.04625 0.018125
1 0.7390625 0.43 0.053125 0.02125
1 0.4853125 0.5228125 0.05 0.021875
1 0.4271875 0.488125 0.029375 0.013125
1 0.7959375 0.52125 0.028125 0.014375
1 0.92375 0.494375 0.02875 0.0175
1 0.5690625 0.423125 0.035 0.011875
1 0.3046875 0.41125 0.046875 0.01
1 0.7728125 0.5065625 0.024375 0.01375
1 0.846875 0.5296875 0.0325 0.0125
1 0.9709375 0.4653125 0.02625 0.01375
1 0.5296875 0.44875 0.02375 0.013125
1 0.71375 0.46375 0.02625 0.011875
1 0.3025 0.5025 0.029375 0.01375
1 0.7465625 0.4521875 0.02125 0.0125
1 0.53875 0.4278125 0.02125 0.011875
1 0.87125 0.4471875 0.04875 0.02
1 0.610625 0.4803125 0.02625 0.01125
1 0.4725 0.4359375 0.030625 0.01125
1 0.3321875 0.520625 0.046875 0.011875
1 0.195625 0.43875 0.058125 0.02
1 0.2953125 0.4553125 0.030625 0.015
1 0.9078125 0.4259375 0.040625 0.020625
1 0.299375 0.444375 0.0225 0.01
1 0.25375 0.42 0.0175 0.01
1 0.0859375 0.4378125 0.06625 0.021875
1 0.8853125 0.4371875 0.086875 0.041875
