1 0.5101351351351351 0.0035842293906810036 0.5128378378378379 0.014336917562724014 0.5128378378378379 0.025089605734767026 0.5108108108108108 0.03225806451612903 0.48986486486486486 0.03942652329749104 0.47702702702702704 0.035842293906810034 0.4756756756756757 0.021505376344086023 0.4783783783783784 0.0035842293906810036 0.5094594594594595 0.0035842293906810036
1 0.5398648648648648 0.11827956989247312 0.5506756756756757 0.12903225806451613 0.5527027027027027 0.15053763440860216 0.5513513513513514 0.17562724014336917 0.527027027027027 0.22580645161290322 0.5054054054054054 0.24014336917562723 0.45135135135135135 0.24014336917562723 0.44391891891891894 0.24731182795698925 0.40878378378378377 0.24014336917562723 0.40675675675675677 0.22580645161290322 0.40743243243243243 0.2078853046594982 0.40405405405405403 0.1971326164874552 0.40540540540540543 0.1863799283154122 0.40202702702702703 0.15770609318996415 0.40675675675675677 0.13620071684587814 0.5135135135135135 0.12903225806451613 0.5391891891891892 0.11827956989247312
1 0.14121621621621622 0.0035842293906810036 0.14121621621621622 0.014336917562724014 0.1331081081081081 0.035842293906810034 0.12297297297297298 0.04659498207885305 0.09662162162162162 0.053763440860215055 0.08243243243243244 0.07526881720430108 0.06486486486486487 0.08243727598566308 0.031081081081081083 0.06093189964157706 0.00472972972972973 0.06093189964157706 0 0.053763440860215055 0 0.017921146953405017 0.00472972972972973 0.0035842293906810036 0.14054054054054055 0.0035842293906810036
1 0.5662162162162162 0.6272401433691757 0.5695945945945946 0.6344086021505376 0.6081081081081081 0.6379928315412187 0.6135135135135135 0.6487455197132617 0.6168918918918919 0.6666666666666666 0.6168918918918919 0.6810035842293907 0.6135135135135135 0.7060931899641577 0.6006756756756757 0.7240143369175627 0.5648648648648649 0.7383512544802867 0.5628378378378378 0.7455197132616488 0.5648648648648649 0.7706093189964157 0.5581081081081081 0.8172043010752689 0.5574324324324325 0.8387096774193549 0.55 0.8494623655913979 0.5425675675675675 0.8458781362007168 0.5398648648648648 0.8315412186379928 0.5222972972972973 0.7849462365591398 0.5182432432432432 0.7491039426523297 0.5067567567567568 0.7347670250896058 0.5027027027027027 0.7060931899641577 0.5033783783783784 0.6738351254480287 0.5074324324324324 0.6559139784946236 0.5243243243243243 0.6308243727598566 0.5655405405405406 0.6272401433691757
1 0.275 0.5412186379928315 0.27635135135135136 0.5627240143369175 0.2722972972972973 0.5770609318996416 0.2648648648648649 0.5770609318996416 0.2628378378378378 0.5555555555555556 0.2668918918918919 0.5412186379928315 0.2743243243243243 0.5412186379928315
1 0.8621621621621621 0.3548387096774194 0.870945945945946 0.36917562724014336 0.8783783783783784 0.4157706093189964 0.8689189189189189 0.48028673835125446 0.8574324324324324 0.4910394265232975 0.8304054054054054 0.4946236559139785 0.8027027027027027 0.4946236559139785 0.7993243243243243 0.4874551971326165 0.7986486486486486 0.46236559139784944 0.8040540540540541 0.43727598566308246 0.8060810810810811 0.3978494623655914 0.8081081081081081 0.3870967741935484 0.8290540540540541 0.3727598566308244 0.8418918918918918 0.3763440860215054 0.8472972972972973 0.3727598566308244 0.8540540540540541 0.3548387096774194 0.8614864864864865 0.3548387096774194
1 0.35 0 0.4277027027027027 0 0.42905405405405406 0.0035842293906810036 0.42702702702702705 0.017921146953405017 0.3804054054054054 0.06810035842293907 0.35945945945945945 0.05734767025089606 0.35405405405405405 0.035842293906810034 0.3506756756756757 0
1 0.3202702702702703 0.44802867383512546 0.3216216216216216 0.4659498207885305 0.31756756756756754 0.4731182795698925 0.30608108108108106 0.4731182795698925 0.30405405405405406 0.4551971326164875 0.3081081081081081 0.44086021505376344 0.3168918918918919 0.44086021505376344 0.3195945945945946 0.44802867383512546
1 0.15135135135135136 0.17204301075268819 0.17432432432432432 0.20430107526881722 0.1777027027027027 0.21505376344086022 0.1783783783783784 0.23655913978494625 0.17162162162162162 0.25448028673835127 0.13918918918918918 0.26881720430107525 0.1331081081081081 0.26881720430107525 0.1277027027027027 0.25448028673835127 0.12567567567567567 0.24014336917562723 0.12635135135135134 0.2114695340501792 0.13986486486486485 0.17562724014336917 0.15067567567567566 0.17204301075268819
1 0.2918918918918919 0.04659498207885305 0.2972972972972973 0.05734767025089606 0.2993243243243243 0.07168458781362007 0.2993243243243243 0.1111111111111111 0.2959459459459459 0.13261648745519714 0.2864864864864865 0.13978494623655913 0.2722972972972973 0.11469534050179211 0.27094594594594595 0.0931899641577061 0.2756756756756757 0.06093189964157706 0.28243243243243243 0.04659498207885305 0.29121621621621624 0.04659498207885305
1 0.16216216216216217 0.7275985663082437 0.16824324324324325 0.7419354838709677 0.17567567567567569 0.7777777777777778 0.1837837837837838 0.8494623655913979 0.18175675675675676 0.8817204301075269 0.17094594594594595 0.9032258064516129 0.10878378378378378 0.8924731182795699 0.10608108108108108 0.8745519713261649 0.10810810810810811 0.8387096774193549 0.11554054054054054 0.8351254480286738 0.12635135135135134 0.7992831541218638 0.1331081081081081 0.7419354838709677 0.14391891891891892 0.7240143369175627 0.16148648648648647 0.7275985663082437
1 0.9493243243243243 0.5806451612903226 0.9547297297297297 0.5949820788530465 0.9547297297297297 0.6129032258064516 0.9493243243243243 0.6308243727598566 0.9425675675675675 0.6379928315412187 0.9358108108108109 0.6200716845878136 0.9351351351351351 0.6021505376344086 0.9385135135135135 0.5842293906810035 0.9486486486486486 0.5806451612903226
1 0.845945945945946 0.6738351254480287 0.8587837837837838 0.6917562724014337 0.8608108108108108 0.7025089605734767 0.8614864864864865 0.7311827956989247 0.8243243243243243 0.7491039426523297 0.8081081081081081 0.7491039426523297 0.8054054054054054 0.7311827956989247 0.8067567567567567 0.7060931899641577 0.8243243243243243 0.6738351254480287 0.8452702702702702 0.6738351254480287
1 0.31486486486486487 0.6308243727598566 0.327027027027027 0.6451612903225806 0.3621621621621622 0.6451612903225806 0.37094594594594593 0.6630824372759857 0.37432432432432433 0.6917562724014337 0.37364864864864866 0.7168458781362007 0.3635135135135135 0.7598566308243727 0.3601351351351351 0.7992831541218638 0.3222972972972973 0.8351254480286738 0.31013513513513513 0.8279569892473119 0.30405405405405406 0.8028673835125448 0.3047297297297297 0.7813620071684588 0.30202702702702705 0.7706093189964157 0.275 0.7491039426523297 0.2689189189189189 0.7311827956989247 0.2662162162162162 0.7132616487455197 0.26756756756756755 0.6845878136200717 0.2716216216216216 0.6702508960573477 0.28986486486486485 0.6666666666666666 0.30202702702702705 0.6523297491039427 0.30405405405405406 0.6344086021505376 0.3141891891891892 0.6308243727598566
1 0.03310810810810811 0.3548387096774194 0.032432432432432434 0.3835125448028674 0.025675675675675677 0.3978494623655914 0.010135135135135136 0.3906810035842294 0.006081081081081081 0.3763440860215054 0.006081081081081081 0.3655913978494624 0.008783783783783784 0.3548387096774194 0.0222972972972973 0.34767025089605735 0.032432432432432434 0.3548387096774194
1 0.5243243243243243 0.5017921146953405 0.5304054054054054 0.5017921146953405 0.5317567567567567 0.5089605734767025 0.5310810810810811 0.5232974910394266 0.525 0.5268817204301075 0.522972972972973 0.5161290322580645 0.5243243243243243 0.5053763440860215
1 0.8783783783783784 0 0.9547297297297297 0 0.9317567567567567 0.02867383512544803 0.9141891891891892 0.025089605734767026 0.897972972972973 0.03225806451612903 0.8858108108108108 0.021505376344086023 0.879054054054054 0
1 0.10405405405405406 0.17921146953405018 0.11148648648648649 0.20430107526881722 0.10945945945945947 0.23297491039426524 0.09932432432432432 0.2616487455197133 0.08783783783783784 0.26881720430107525 0.07702702702702703 0.2903225806451613 0.06621621621621622 0.2903225806451613 0.052702702702702706 0.26881720430107525 0.04932432432432433 0.24731182795698925 0.04932432432432433 0.22580645161290322 0.05405405405405406 0.1971326164874552 0.06418918918918919 0.17921146953405018 0.07432432432432433 0.1863799283154122 0.08986486486486486 0.17562724014336917 0.10337837837837838 0.17921146953405018
1 0.9885135135135135 0.07885304659498207 0.9993243243243243 0.08960573476702509 0.9993243243243243 0.32974910394265233 0.9824324324324324 0.33691756272401435 0.9391891891891891 0.3333333333333333 0.9351351351351351 0.3225806451612903 0.9371621621621622 0.2939068100358423 0.9283783783783783 0.27598566308243727 0.9256756756756757 0.25089605734767023 0.9209459459459459 0.23297491039426524 0.9277027027027027 0.16487455197132617 0.9445945945945946 0.10752688172043011 0.9533783783783784 0.0931899641577061 0.9783783783783784 0.07526881720430108 0.9878378378378379 0.07885304659498207
