1 0.385625 0.5090625 0.088125 0.023125
1 0.613125 0.4765625 0.059375 0.01375
1 0.4565625 0.484375 0.07375 0.013125
1 0.556875 0.57625 0.049375 0.013125
1 0.2225 0.4946875 0.06875 0.016875
1 0.89625 0.4909375 0.063125 0.01125
1 0.855 0.55375 0.046875 0.011875
1 0.138125 0.5771875 0.035625 0.009375
1 0.5328125 0.548125 0.05875 0.014375
1 0.8159375 0.5040625 0.090625 0.01375
1 0.313125 0.5553125 0.03875 0.011875
1 0.6378125 0.5509375 0.048125 0.013125
1 0.065625 0.568125 0.038125 0.010625
1 0.3453125 0.589375 0.044375 0.01
1 0.1571875 0.488125 0.038125 0.013125
1 0.5396875 0.4984375 0.04 0.011875
1 0.326875 0.49 0.033125 0.01125
1 0.9303125 0.5434375 0.069375 0.013125
1 0.500625 0.571875 0.045625 0.01125
1 0.7053125 0.5790625 0.04875 0.011875
1 0.71375 0.55625 0.033125 0.00875
1 0.0165625 0.5140625 0.0225 0.00875
1 0.2171875 0.513125 0.0325 0.00875
1 0.225625 0.55 0.08375 0.01375
1 0.68125 0.5675 0.049375 0.01125
1 0.1109375 0.54125 0.025 0.006875
1 0.24625 0.5490625 0.043125 0.011875
1 0.49625 0.50875 0.024375 0.008125
1 0.6634375 0.5078125 0.02875 0.00875
1 0.19875 0.5515625 0.029375 0.010625
1 0.6934375 0.564375 0.075625 0.019375
