1 0.786875 0.69625 0.7925 0.699375 0.7925 0.705625 0.785 0.703125 0.783125 0.6975 0.78625 0.69625
1 0.68375 0.5925 0.68625 0.595625 0.685 0.60125 0.678125 0.6 0.675 0.595625 0.678125 0.590625 0.683125 0.5925
1 0.650625 0.453125 0.659375 0.455625 0.67 0.463125 0.68625 0.480625 0.685625 0.48625 0.67875 0.485 0.6575 0.463125 0.65125 0.453125
1 0.435625 0.251875 0.439375 0.2525 0.464375 0.2775 0.47875 0.295625 0.47625 0.298125 0.47 0.29375 0.4375 0.259375 0.435 0.255625 0.435625 0.2525
1 0.570625 0.440625 0.574375 0.445625 0.575625 0.454375 0.588125 0.47625 0.584375 0.48 0.56625 0.471875 0.553125 0.4575 0.551875 0.4525 0.55625 0.444375 0.563125 0.440625 0.57 0.440625
1 0.12375 0 0.1325 0 0.155 0.025625 0.15375 0.0275 0.14875 0.02625 0.12375 0.000625
1 0.6775 0.605625 0.685 0.61 0.70375 0.62875 0.7075 0.635625 0.706875 0.64 0.698125 0.638125 0.6775 0.620625 0.67 0.61 0.670625 0.604375 0.676875 0.605625
1 0.64125 0.434375 0.65125 0.441875 0.65875 0.4525 0.685 0.478125 0.6875 0.483125 0.68625 0.4875 0.67875 0.485625 0.643125 0.449375 0.635625 0.439375 0.635625 0.435 0.640625 0.434375
1 0.824375 0.76375 0.83 0.76875 0.83125 0.77625 0.8275 0.77625 0.819375 0.76875 0.819375 0.765 0.82375 0.764375
1 0.216875 0.111875 0.221875 0.1125 0.26 0.151875 0.265 0.16 0.261875 0.161875 0.25375 0.155625 0.2225 0.123125 0.216875 0.1125
1 0.45 0.3925 0.459375 0.395 0.47125 0.409375 0.475625 0.418125 0.47375 0.419375 0.47 0.416875 0.45 0.393125
1 0.296875 0.205625 0.306875 0.2125 0.3125 0.219375 0.31375 0.225 0.31 0.228125 0.303125 0.22625 0.295625 0.218125 0.2925 0.209375 0.29625 0.205625
1 0.9625 0.8 0.96875 0.803125 0.976875 0.81375 0.97375 0.818125 0.970625 0.8175 0.961875 0.80375 0.9625 0.800625
1 0.561875 0.451875 0.57625 0.463125 0.5775 0.47 0.574375 0.471875 0.568125 0.47 0.56375 0.465625 0.556875 0.453125 0.56125 0.451875
