1 0.245 0.4725 0.25625 0.47875 0.25625 0.48625 0.250625 0.491875 0.23375 0.495 0.213125 0.495 0.203125 0.4925 0.1975 0.488125 0.195625 0.480625 0.19875 0.47625 0.206875 0.473125 0.225 0.47125 0.244375 0.4725
1 0.834375 0.4825 0.84375 0.485 0.84875 0.490625 0.84875 0.495625 0.845625 0.500625 0.83625 0.504375 0.824375 0.504375 0.814375 0.495625 0.815625 0.49 0.82 0.485625 0.83375 0.4825
1 0.623125 0.613125 0.654375 0.616875 0.661875 0.620625 0.67125 0.63 0.668125 0.63375 0.639375 0.6425 0.591875 0.648125 0.585 0.64625 0.571875 0.64875 0.56375 0.64625 0.5275 0.64625 0.515625 0.64125 0.51125 0.636875 0.513125 0.63125 0.521875 0.625625 0.541875 0.62 0.58 0.615 0.6225 0.61375
1 0.385 0.408125 0.39 0.420625 0.3875 0.431875 0.38125 0.4425 0.36375 0.448125 0.34375 0.446875 0.33625 0.443125 0.326875 0.429375 0.325625 0.418125 0.328125 0.411875 0.34625 0.406875 0.384375 0.408125
1 0.610625 0.528125 0.62 0.53125 0.62375 0.5375 0.62375 0.543125 0.62 0.546875 0.613125 0.54875 0.59875 0.546875 0.59 0.539375 0.59375 0.531875 0.61 0.528125
1 0.9975 0.61 0.999375 0.610625 0.999375 0.630625 0.976875 0.626875 0.970625 0.62 0.97375 0.615 0.98 0.611875 0.996875 0.61
1 0.84375 0.414375 0.853125 0.416875 0.85625 0.42 0.855 0.431875 0.84625 0.443125 0.828125 0.450625 0.808125 0.44875 0.78875 0.4425 0.78125 0.43625 0.780625 0.425625 0.78625 0.420625 0.80125 0.416875 0.843125 0.414375
1 0.568125 0.399375 0.57625 0.404375 0.5775 0.4125 0.573125 0.4175 0.566875 0.419375 0.55375 0.418125 0.549375 0.414375 0.54875 0.409375 0.55375 0.401875 0.5675 0.399375
1 0.50125 0.44 0.5075 0.441875 0.51125 0.445625 0.51125 0.4525 0.50625 0.458125 0.4925 0.461875 0.48 0.46 0.47625 0.45625 0.475625 0.449375 0.483125 0.441875 0.500625 0.44
1 0.36 0.59 0.3675 0.591875 0.37125 0.59875 0.369375 0.6025 0.3575 0.60625 0.251875 0.613125 0.203125 0.6125 0.1975 0.609375 0.19625 0.605 0.19875 0.60125 0.205625 0.598125 0.278125 0.59125 0.359375 0.59
1 0.36 0.409375 0.370625 0.4125 0.375625 0.4175 0.3775 0.425625 0.373125 0.4325 0.355 0.4375 0.34125 0.436875 0.334375 0.434375 0.33 0.42875 0.329375 0.420625 0.335 0.41375 0.359375 0.409375
1 0.034375 0.631875 0.0675 0.634375 0.0775 0.639375 0.07875 0.64625 0.070625 0.654375 0.02875 0.655625 0 0.655 0 0.6325 0.03375 0.631875
1 0.901875 0.531875 0.91125 0.53625 0.9125 0.544375 0.908125 0.548125 0.89875 0.550625 0.89 0.55 0.883125 0.546875 0.88 0.5375 0.886875 0.531875 0.90125 0.531875
1 0.5975 0.56 0.6075 0.56625 0.60875 0.571875 0.60625 0.575625 0.591875 0.579375 0.556875 0.580625 0.525625 0.578125 0.523125 0.574375 0.52875 0.566875 0.548125 0.561875 0.596875 0.56
1 0.19625 0.4625 0.20125 0.466875 0.20125 0.470625 0.199375 0.47375 0.19 0.478125 0.18375 0.478125 0.176875 0.475 0.174375 0.470625 0.175 0.466875 0.185 0.46125 0.195625 0.4625
1 0.685625 0.430625 0.6925 0.43375 0.696875 0.44125 0.696875 0.445625 0.691875 0.45125 0.675625 0.454375 0.64125 0.455625 0.620625 0.455625 0.60875 0.453125 0.605 0.44875 0.605 0.444375 0.61 0.439375 0.626875 0.43375 0.685 0.430625
1 0.446875 0.5025 0.456875 0.504375 0.465 0.50875 0.46875 0.51875 0.46625 0.525 0.453125 0.53 0.421875 0.53125 0.389375 0.53125 0.370625 0.52875 0.365 0.5225 0.3675 0.51625 0.401875 0.50625 0.44625 0.5025
1 0.14125 0.494375 0.150625 0.49875 0.153125 0.508125 0.146875 0.51375 0.135625 0.51625 0.125 0.51625 0.119375 0.51375 0.115625 0.50875 0.115625 0.504375 0.118125 0.499375 0.123125 0.49625 0.140625 0.494375
1 0.33875 0.454375 0.34625 0.456875 0.354375 0.465 0.354375 0.46875 0.350625 0.473125 0.33875 0.476875 0.33125 0.47375 0.32625 0.468125 0.3275 0.459375 0.331875 0.455625 0.338125 0.454375
1 0.9909375 0.505 0.018125 0.0275
1 0.499375 0.4375 0.51875 0.444375 0.5275 0.4525 0.526875 0.459375 0.52125 0.466875 0.505625 0.470625 0.48 0.468125 0.4725 0.4625 0.469375 0.456875 0.471875 0.44875 0.480625 0.44125 0.49875 0.4375
1 0.84625 0.555625 0.8575 0.559375 0.86125 0.564375 0.860625 0.5675 0.85625 0.57125 0.841875 0.57375 0.82 0.571875 0.8125 0.568125 0.811875 0.565 0.8325 0.55625 0.845625 0.555625
1 0.9625 0.354375 0.968125 0.36 0.968125 0.36625 0.963125 0.37 0.953125 0.37 0.946875 0.364375 0.94875 0.355625 0.955 0.353125 0.961875 0.354375
