1 0.325 0.256875 0.385625 0.25875 0.39 0.26 0.39375 0.264375 0.395625 0.26875 0.3925 0.270625 0.32125 0.265 0.3075 0.261875 0.303125 0.25875 0.324375 0.256875
1 0.824375 0.435 0.839375 0.439375 0.845625 0.445625 0.844375 0.448125 0.831875 0.45 0.816875 0.446875 0.811875 0.4425 0.811875 0.43875 0.82375 0.435625
1 0.24 0.370625 0.255 0.373125 0.26125 0.37625 0.270625 0.39 0.26875 0.39375 0.261875 0.395 0.244375 0.394375 0.225625 0.386875 0.225 0.3725 0.230625 0.37 0.239375 0.370625
1 0.159375 0.518125 0.168125 0.521875 0.170625 0.52625 0.1725 0.539375 0.166875 0.5425 0.151875 0.540625 0.140625 0.534375 0.1375 0.53 0.13875 0.521875 0.15875 0.518125
1 0.56375 0.30625 0.57875 0.32 0.57875 0.328125 0.574375 0.33375 0.549375 0.328125 0.539375 0.323125 0.534375 0.316875 0.534375 0.310625 0.540625 0.304375 0.55125 0.303125 0.563125 0.30625
1 0.6125 0.53875 0.63125 0.545 0.636875 0.55125 0.63875 0.564375 0.636875 0.5675 0.62875 0.57 0.603125 0.568125 0.590625 0.564375 0.583125 0.55875 0.580625 0.55 0.584375 0.543125 0.599375 0.538125 0.611875 0.53875
1 0.06375 0.284375 0.076875 0.289375 0.08 0.293125 0.079375 0.295625 0.071875 0.29875 0.06375 0.29875 0.05 0.293125 0.0475 0.29 0.049375 0.2875 0.063125 0.285
1 0.44375 0.518125 0.47375 0.5225 0.49 0.5275 0.495 0.531875 0.495625 0.54 0.490625 0.545625 0.4825 0.5475 0.450625 0.54625 0.44125 0.548125 0.42375 0.54625 0.42125 0.54375 0.420625 0.535625 0.415625 0.52875 0.415625 0.525 0.4175 0.5225 0.43 0.51875 0.443125 0.518125
1 0.540625 0.37125 0.554375 0.378125 0.565 0.389375 0.560625 0.39375 0.543125 0.3975 0.511875 0.395625 0.508125 0.39375 0.5025 0.38125 0.50375 0.37375 0.51 0.37 0.54 0.37125
1 0.93625 0.383125 0.946875 0.3875 0.95375 0.393125 0.955 0.404375 0.95125 0.4075 0.935625 0.403125 0.925 0.3975 0.919375 0.39125 0.91875 0.38625 0.92125 0.38375 0.935625 0.383125
1 0.35375 0.28125 0.364375 0.285 0.366875 0.289375 0.365 0.293125 0.354375 0.295625 0.335 0.293125 0.32875 0.28625 0.335625 0.28125 0.353125 0.28125
1 0.665625 0.47125 0.674375 0.478125 0.675 0.48375 0.670625 0.48875 0.661875 0.4875 0.64875 0.47375 0.651875 0.47125 0.665 0.47125
1 0.709375 0.355625 0.73125 0.3625 0.731875 0.366875 0.729375 0.370625 0.71875 0.37375 0.705 0.37125 0.699375 0.36625 0.699375 0.358125 0.703125 0.355625 0.70875 0.355625
1 0.22 0.456875 0.2325 0.461875 0.235625 0.466875 0.231875 0.470625 0.214375 0.471875 0.2 0.466875 0.196875 0.463125 0.1975 0.46 0.2075 0.455625 0.219375 0.456875
1 0.691875 0.295 0.718125 0.30375 0.7175 0.314375 0.730625 0.325625 0.730625 0.328125 0.725 0.33125 0.711875 0.328125 0.7025 0.316875 0.686875 0.31125 0.68125 0.306875 0.68125 0.29875 0.685 0.295625 0.69125 0.295
1 0.496875 0.31625 0.515625 0.320625 0.52375 0.32625 0.526875 0.336875 0.5225 0.34125 0.515625 0.3425 0.4875 0.33875 0.47375 0.331875 0.4725 0.32625 0.475625 0.318125 0.49625 0.31625
1 0.83125 0.406875 0.84 0.41375 0.84 0.4175 0.835625 0.42 0.8275 0.419375 0.820625 0.415 0.82125 0.41 0.830625 0.406875
1 0.13625 0.3075 0.1475 0.31125 0.154375 0.3175 0.155 0.320625 0.151875 0.324375 0.144375 0.325625 0.126875 0.32375 0.115625 0.315625 0.11625 0.31125 0.1225 0.30625 0.135625 0.3075
1 0.2175 0.494375 0.245625 0.500625 0.25875 0.509375 0.26125 0.52 0.25 0.5275 0.241875 0.529375 0.224375 0.529375 0.213125 0.526875 0.20125 0.521875 0.1875 0.51125 0.1875 0.50375 0.195625 0.4975 0.216875 0.494375
1 0.915 0.434375 0.934375 0.43875 0.935625 0.443125 0.926875 0.44625 0.9175 0.445 0.906875 0.43875 0.90625 0.435 0.914375 0.434375
1 0.54375 0.490625 0.556875 0.496875 0.558125 0.504375 0.543125 0.515625 0.529375 0.518125 0.520625 0.5125 0.521875 0.4975 0.53 0.49 0.543125 0.490625
1 0.33 0.514375 0.339375 0.518125 0.3425 0.5225 0.341875 0.528125 0.33375 0.5325 0.3175 0.530625 0.313125 0.5275 0.31125 0.5225 0.3175 0.514375 0.329375 0.514375
1 0.899375 0.509375 0.9175 0.513125 0.92625 0.52125 0.9275 0.525625 0.925 0.52875 0.913125 0.531875 0.88 0.53 0.869375 0.521875 0.86625 0.515625 0.866875 0.51125 0.8775 0.50875 0.89875 0.509375
1 0.06625 0.331875 0.081875 0.338125 0.085 0.341875 0.085 0.345625 0.081875 0.3475 0.05875 0.34625 0.0475 0.340625 0.045625 0.336875 0.050625 0.331875 0.065625 0.331875
1 0.261875 0.319375 0.2725 0.32625 0.2725 0.32875 0.2675 0.33125 0.26125 0.33125 0.25125 0.326875 0.2525 0.32125 0.26125 0.319375
1 0.019375 0.458125 0.026875 0.46125 0.03 0.466875 0.02625 0.473125 0.015625 0.475625 0.00875 0.47375 0.005 0.47 0.004375 0.46375 0.008125 0.459375 0.01875 0.458125
1 0.49875 0.468125 0.505625 0.47375 0.501875 0.479375 0.495625 0.481875 0.485 0.479375 0.48 0.47 0.49 0.466875 0.498125 0.468125
1 0.356875 0.45375 0.383125 0.454375 0.406875 0.45875 0.42625 0.47 0.42875 0.480625 0.420625 0.49125 0.41 0.499375 0.393125 0.501875 0.366875 0.499375 0.351875 0.491875 0.34375 0.483125 0.34 0.475625 0.340625 0.46625 0.34875 0.455 0.35625 0.45375
1 0.32 0.36 0.329375 0.364375 0.33375 0.37125 0.331875 0.376875 0.321875 0.38 0.304375 0.37625 0.295 0.366875 0.29625 0.3625 0.301875 0.359375 0.319375 0.36
1 0.67375 0.33 0.691875 0.33375 0.698125 0.3375 0.700625 0.345625 0.69375 0.34875 0.6825 0.34875 0.6575 0.34 0.654375 0.33625 0.65625 0.33125 0.673125 0.33
1 0.981875 0.64 0.985 0.64375 0.984375 0.6475 0.980625 0.6525 0.975625 0.654375 0.961875 0.6525 0.960625 0.64625 0.96875 0.640625 0.98125 0.64
1 0.629375 0.363125 0.64125 0.365625 0.6475 0.369375 0.650625 0.380625 0.663125 0.38875 0.664375 0.390625 0.6625 0.39375 0.653125 0.395 0.639375 0.394375 0.629375 0.39125 0.609375 0.38 0.609375 0.375 0.6175 0.365625 0.62875 0.363125
1 0.793125 0.4725 0.8475 0.481875 0.856875 0.4875 0.8575 0.495 0.853125 0.49875 0.814375 0.50125 0.79125 0.498125 0.75625 0.48375 0.756875 0.480625 0.761875 0.476875 0.7925 0.4725
1 0.200625 0.366875 0.20875 0.37125 0.211875 0.379375 0.209375 0.3875 0.200625 0.389375 0.190625 0.386875 0.18625 0.38375 0.184375 0.37875 0.18625 0.368125 0.19125 0.36625 0.2 0.366875
1 0.8475 0.359375 0.86625 0.363125 0.875 0.37 0.8775 0.375625 0.87625 0.379375 0.865 0.381875 0.85 0.38125 0.833125 0.3725 0.83125 0.369375 0.833125 0.3625 0.838125 0.359375 0.846875 0.359375
1 0.570625 0.4775 0.5675 0.480625 0.574375 0.486875 0.580625 0.48875 0.588125 0.489375 0.596875 0.48375 0.59 0.48
1 0.600625 0.475625 0.599375 0.480625 0.6075 0.485 0.616875 0.485625 0.621875 0.480625 0.619375 0.476875 0.611875 0.475
1 0.53625 0.455 0.544375 0.45875 0.56375 0.45625 0.54875 0.451875 0.540625 0.451875
1 0.3625 0.408125 0.36125 0.41125 0.365625 0.41375 0.37375 0.41375 0.375 0.411875 0.37125 0.40625
1 0.4175 0.39 0.415625 0.390625 0.416875 0.395 0.42625 0.395625 0.425 0.39125
1 0.0534375 0.3959375 0.014375 0.011875
1 0.109375 0.399375 0.03125 0.01875
1 0.049375 0.414375 0.01875 0.01375
1 0.1775 0.428125 0.015 0.01375
1 0.025 0.258125 0.02 0.01625
1 0.191875 0.255625 0.01375 0.01375
1 0.258125 0.2846875 0.00875 0.011875
1 0.346875 0.3396875 0.02125 0.019375
1 0.4028125 0.3278125 0.015625 0.015625
1 0.399375 0.2903125 0.01375 0.013125
1 0.4375 0.3203125 0.0175 0.013125
1 0.663125 0.42125 0.01125 0.0125
1 0.694375 0.449375 0.00875 0.00875
1 0.7575 0.4446875 0.02 0.014375
1 0.7853125 0.4421875 0.016875 0.011875
1 0.5184375 0.41625 0.019375 0.0125
1 0.4925 0.4528125 0.0125 0.008125
1 0.35 0.4453125 0.015 0.015625
1 0.4553125 0.4940625 0.013125 0.008125
1 0.9021875 0.3840625 0.024375 0.033125
1 0.98125 0.426875 0.015 0.02625
1 0.84125 0.6334375 0.0175 0.011875
1 0.554375 0.58625 0.02125 0.01
1 0.80875 0.5425 0.035 0.0075
1 0.78125 0.5365625 0.015 0.013125
1 0.9671875 0.48125 0.021875 0.0175
