1 0.51875 0.30625 0.5225 0.310625 0.525 0.32 0.5225 0.351875 0.518125 0.353125 0.515 0.3425 0.514375 0.32 0.518125 0.306875
1 0.50375 0.2875 0.506875 0.293125 0.508125 0.306875 0.505625 0.315625 0.5025 0.3175 0.49625 0.310625 0.49625 0.29375 0.500625 0.286875 0.503125 0.2875
1 0.4934375 0.923125 0.019375 0.03625
1 0.480625 0.59375 0.484375 0.598125 0.485625 0.604375 0.484375 0.63 0.4775 0.63125 0.474375 0.621875 0.475 0.59875 0.48 0.594375
1 0.45 0.845625 0.455 0.85125 0.45625 0.87875 0.45375 0.891875 0.446875 0.89625 0.440625 0.89375 0.43875 0.8875 0.4375 0.85625 0.4425 0.8475 0.449375 0.845625
1 0.439375 0.053125 0.443125 0.05875 0.448125 0.090625 0.44375 0.113125 0.43875 0.119375 0.43125 0.1125 0.42625 0.088125 0.428125 0.06875 0.431875 0.059375 0.43875 0.053125
1 0.44625 0.513125 0.45125 0.515625 0.454375 0.521875 0.454375 0.534375 0.450625 0.54125 0.445625 0.5425 0.44125 0.533125 0.441875 0.51875 0.445625 0.51375
1 0.4925 0.815625 0.49875 0.8275 0.499375 0.845 0.49625 0.85625 0.49 0.86125 0.4875 0.86125 0.483125 0.85625 0.48 0.830625 0.48375 0.81875 0.488125 0.815 0.491875 0.815625
1 0.51875 0.809375 0.514375 0.80375 0.51375 0.796875 0.51625 0.78625 0.520625 0.78125 0.52625 0.786875 0.526875 0.801875 0.525625 0.8075 0.519375 0.809375
1 0.4384375 0.1928125 0.021875 0.064375
1 0.508125 0.76 0.513125 0.76875 0.508125 0.783125 0.50375 0.781875 0.500625 0.769375 0.501875 0.7625 0.5075 0.76
1 0.42625 0.885 0.431875 0.889375 0.435625 0.900625 0.435625 0.911875 0.4325 0.92375 0.42875 0.92875 0.425 0.928125 0.42 0.923125 0.414375 0.911875 0.415625 0.888125 0.42125 0.88375 0.425625 0.885
1 0.453125 0.734375 0.456875 0.74125 0.456875 0.750625 0.453125 0.755625 0.44875 0.754375 0.446875 0.7475 0.4475 0.7375 0.449375 0.734375 0.4525 0.734375
1 0.4675 0.956875 0.470625 0.96125 0.47125 0.97125 0.47 0.980625 0.466875 0.983125 0.46125 0.98125 0.458125 0.973125 0.46 0.959375 0.4625 0.956875 0.466875 0.956875
1 0.52375 0.45875 0.529375 0.46625 0.533125 0.485 0.5325 0.504375 0.525625 0.50875 0.521875 0.50875 0.516875 0.505 0.5125 0.483125 0.515 0.4625 0.519375 0.458125 0.523125 0.45875
1 0.4278125 0.5384375 0.010625 0.021875
1 0.530625 0.83 0.535 0.83625 0.53625 0.855625 0.534375 0.86125 0.529375 0.86375 0.524375 0.856875 0.524375 0.8375 0.52625 0.8325 0.53 0.83
1 0.423125 0.550625 0.428125 0.559375 0.42875 0.574375 0.425625 0.583125 0.4225 0.585 0.418125 0.583125 0.41625 0.575625 0.416875 0.555 0.419375 0.55125 0.4225 0.550625
1 0.41125 0.36 0.414375 0.359375 0.418125 0.363125 0.420625 0.37125 0.41875 0.409375 0.414375 0.416875 0.410625 0.4175 0.40875 0.415625 0.4075 0.403125 0.41125 0.360625
1 0.4553125 0.2934375 0.013125 0.029375
1 0.4425 0.285625 0.4475 0.289375 0.4475 0.306875 0.44375 0.309375 0.44 0.306875 0.439375 0.291875 0.441875 0.28625
1 0.46375 0.69875 0.4675 0.704375 0.468125 0.720625 0.463125 0.7275 0.45875 0.725 0.455625 0.716875 0.45625 0.705 0.46 0.699375 0.463125 0.69875
1 0.410625 0.3040625 0.01 0.046875
1 0.436875 0.456875 0.440625 0.463125 0.440625 0.484375 0.43875 0.488125 0.435 0.488125 0.431875 0.48375 0.430625 0.47375 0.43125 0.46 0.43625 0.456875
1 0.4875 0.410625 0.491875 0.413125 0.49375 0.418125 0.494375 0.42875 0.49125 0.44 0.484375 0.44 0.48125 0.431875 0.481875 0.416875 0.486875 0.41125
1 0.42875 0.709375 0.433125 0.713125 0.439375 0.729375 0.4375 0.758125 0.4325 0.764375 0.420625 0.763125 0.4175 0.75875 0.418125 0.71875 0.421875 0.71125 0.428125 0.709375
