1 0.5553125 0.460625 0.035625 0.039375
1 0.2759375 0.425 0.0225 0.035
1 0.9171875 0.496875 0.02125 0.024375
1 0.1325 0.5059375 0.023125 0.024375
1 0.743125 0.4046875 0.01125 0.0175
1 0.964375 0.420625 0.00875 0.01375
1 0.305625 0.6515625 0.02875 0.01
1 0.8684375 0.494375 0.01 0.014375
1 0.246875 0.474375 0.0125 0.013125
1 0.1840625 0.488125 0.011875 0.0125
1 0.1778125 0.45375 0.009375 0.011875
1 0.790625 0.3946875 0.01 0.015
1 0.61125 0.4109375 0.0075 0.01
1 0.9709375 0.465625 0.0075 0.0125
1 0.4559375 0.661875 0.009375 0.010625
1 0.141875 0.5628125 0.006875 0.01125
1 0.6125 0.580625 0.0075 0.01125
1 0.535 0.400625 0.005625 0.0075
1 0.3865625 0.6903125 0.008125 0.010625
1 0.4921875 0.4396875 0.005625 0.011875
1 0.1453125 0.593125 0.0075 0.009375
1 0.671875 0.4596875 0.006875 0.01125
1 0.295 0.4665625 0.005625 0.010625
