1 0.5496875 0.7765625 0.0225 0.071875
1 0.5290625 0.61625 0.03125 0.085625
1 0.4675 0.3653125 0.021875 0.05375
1 0.5553125 0.1034375 0.015625 0.064375
1 0.4284375 0.4425 0.019375 0.048125
1 0.4265625 0.865 0.01375 0.039375
1 0.5771875 0.390625 0.01875 0.058125
1 0.461875 0.1459375 0.015625 0.04625
1 0.46875 0.465 0.019375 0.065
1 0.441875 0.3221875 0.0125 0.0475
1 0.5609375 0.844375 0.0175 0.03875
1 0.46875 0.755 0.016875 0.045625
1 0.53375 0.18875 0.0175 0.098125
1 0.5634375 0.543125 0.01875 0.08125
1 0.4609375 0.685625 0.014375 0.03875
1 0.5575 0.673125 0.013125 0.031875
1 0.434375 0.5025 0.018125 0.055625
1 0.519375 0.78375 0.01125 0.0375
1 0.5215625 0.9821875 0.01125 0.025
1 0.505 0.1709375 0.01125 0.03375
1 0.4571875 0.2853125 0.011875 0.034375
1 0.3940625 0.64875 0.00875 0.089375
1 0.4409375 0.934375 0.0125 0.043125
1 0.409375 0.6521875 0.010625 0.04125
1 0.5290625 0.3359375 0.013125 0.02375
1 0.5434375 0.4621875 0.02125 0.043125
1 0.634375 0.0265625 0.01 0.029375
1 0.52625 0.5059375 0.01125 0.024375
1 0.411875 0.9353125 0.010625 0.029375
1 0.465625 0.8015625 0.015 0.028125
1 0.5040625 0.0790625 0.00875 0.03375
1 0.476875 0.0590625 0.015625 0.038125
1 0.3896875 0.973125 0.008125 0.01625
1 0.4790625 0.8896875 0.0075 0.02
1 0.489375 0.1675 0.010625 0.023125
1 0.56625 0.2071875 0.0125 0.04375
1 0.53 0.4078125 0.01375 0.05875
