1 0.3984375 0.4065625 0.065 0.01875
1 0.7653125 0.424375 0.05875 0.028125
1 0.870625 0.5034375 0.0475 0.023125
1 0.499375 0.5465625 0.05375 0.026875
1 0.5875 0.41625 0.03625 0.015625
1 0.438125 0.5009375 0.030625 0.01625
1 0.9053125 0.4484375 0.04875 0.02375
1 0.73875 0.4690625 0.030625 0.01625
1 0.9590625 0.50875 0.02875 0.023125
1 0.3109375 0.4009375 0.053125 0.0125
1 0.5459375 0.449375 0.025625 0.016875
1 0.7728125 0.453125 0.02375 0.0175
1 0.8775 0.555625 0.034375 0.015625
1 0.4865625 0.4340625 0.03125 0.015
1 0.8259375 0.5440625 0.02875 0.01875
1 0.5565625 0.4225 0.023125 0.015625
1 0.6309375 0.4915625 0.033125 0.015625
1 0.339375 0.5428125 0.0475 0.015625
1 0.80125 0.525625 0.024375 0.01625
1 0.1946875 0.4378125 0.063125 0.03
1 0.9425 0.420625 0.045625 0.026875
1 0.30875 0.52 0.031875 0.019375
1 0.0815625 0.434375 0.069375 0.030625
1 0.3040625 0.4440625 0.024375 0.013125
1 0.2990625 0.4590625 0.02875 0.019375
1 0.300625 0.4534375 0.034375 0.03125
1 0.245 0.410625 0.04625 0.016875
