1 0.7486979166666666 0.5865758754863813 0.046875 0.02529182879377432
1 0.8997395833333334 0.4027237354085603 0.9036458333333334 0.4046692607003891 0.9166666666666666 0.4027237354085603 0.921875 0.3968871595330739 0.9388020833333334 0.3968871595330739 0.9427083333333334 0.4027237354085603 0.94921875 0.4066147859922179 0.9674479166666666 0.4066147859922179 0.97265625 0.41245136186770426 0.9778645833333334 0.433852140077821 0.984375 0.4455252918287938 0.984375 0.4571984435797665 0.9583333333333334 0.4669260700389105 0.94921875 0.4766536964980545 0.9466145833333334 0.490272373540856 0.9388020833333334 0.4961089494163424 0.9244791666666666 0.49416342412451364 0.9075520833333334 0.4805447470817121 0.9010416666666666 0.4708171206225681 0.8736979166666666 0.4727626459143969 0.86328125 0.4766536964980545 0.8489583333333334 0.4727626459143969 0.8151041666666666 0.4727626459143969 0.7994791666666666 0.46108949416342415 0.7994791666666666 0.4494163424124514 0.8020833333333334 0.4455252918287938 0.81640625 0.4396887159533074 0.8346354166666666 0.4182879377431907 0.8450520833333334 0.41050583657587547 0.8776041666666666 0.4046692607003891 0.8802083333333334 0.40077821011673154 0.88671875 0.39883268482490275 0.8984375 0.4027237354085603
1 0.7838541666666666 0.6498054474708171 0.78515625 0.6556420233463035 0.7786458333333334 0.6634241245136187 0.7200520833333334 0.6673151750972762 0.6783854166666666 0.6809338521400778 0.6666666666666666 0.6789883268482491 0.6640625 0.6653696498054474 0.6692708333333334 0.6575875486381323 0.6901041666666666 0.6459143968871596 0.7408854166666666 0.642023346303502 0.7421875 0.6439688715953308 0.7734375 0.6439688715953308 0.7799479166666666 0.6459143968871596 0.7825520833333334 0.6498054474708171
1 0.54296875 0.42412451361867703 0.5520833333333334 0.42996108949416345 0.5533854166666666 0.4357976653696498 0.5377604166666666 0.4455252918287938 0.5221354166666666 0.44357976653696496 0.5182291666666666 0.4396887159533074 0.5169270833333334 0.433852140077821 0.5208333333333334 0.4260700389105058 0.5286458333333334 0.42217898832684825 0.5416666666666666 0.42412451361867703
1 0.5494791666666666 0.5583657587548638 0.5625 0.566147859922179 0.5598958333333334 0.5739299610894941 0.5494791666666666 0.5817120622568094 0.5286458333333334 0.5797665369649806 0.51953125 0.566147859922179 0.5208333333333334 0.5622568093385214 0.5481770833333334 0.5583657587548638
1 0.06380208333333333 0.3968871595330739 0.07421875 0.4027237354085603 0.078125 0.41050583657587547 0.07682291666666667 0.4143968871595331 0.06510416666666667 0.42023346303501946 0.05078125 0.4182879377431907 0.04296875 0.41245136186770426 0.05078125 0.40077821011673154 0.055989583333333336 0.3968871595330739 0.0625 0.3968871595330739
1 0.4479166666666667 0.4260700389105058 0.4596354166666667 0.43190661478599224 0.46875 0.4455252918287938 0.4908854166666667 0.45330739299610895 0.4934895833333333 0.4571984435797665 0.4947916666666667 0.4766536964980545 0.4752604166666667 0.49221789883268485 0.484375 0.5058365758754864 0.4856770833333333 0.5097276264591439 0.484375 0.5136186770428015 0.46484375 0.5252918287937743 0.4440104166666667 0.5252918287937743 0.4427083333333333 0.5272373540856031 0.4296875 0.5252918287937743 0.3802083333333333 0.5272373540856031 0.375 0.5252918287937743 0.3697916666666667 0.5175097276264592 0.3684895833333333 0.5058365758754864 0.3723958333333333 0.49416342412451364 0.37109375 0.48443579766536965 0.3723958333333333 0.4708171206225681 0.3802083333333333 0.4649805447470817 0.4075520833333333 0.45525291828793774 0.4114583333333333 0.44357976653696496 0.4231770833333333 0.42996108949416345 0.4466145833333333 0.4260700389105058
1 0.4166666666666667 0.38910505836575876 0.4231770833333333 0.39299610894941633 0.4283854166666667 0.4066147859922179 0.4231770833333333 0.4182879377431907 0.4127604166666667 0.42412451361867703 0.40234375 0.42412451361867703 0.3893229166666667 0.4182879377431907 0.3815104166666667 0.4066147859922179 0.37890625 0.3949416342412451 0.390625 0.3852140077821012 0.4049479166666667 0.3852140077821012 0.4153645833333333 0.38910505836575876
1 0.9837239583333334 0.6196498054474708 0.032552083333333336 0.017509727626459144
1 0.6341145833333334 0.39299610894941633 0.6419270833333334 0.39883268482490275 0.6419270833333334 0.4066147859922179 0.6341145833333334 0.41050583657587547 0.6236979166666666 0.4046692607003891 0.6236979166666666 0.39883268482490275 0.6263020833333334 0.3949416342412451 0.6328125 0.39299610894941633
1 0.7044270833333334 0.47470817120622566 0.7252604166666666 0.490272373540856 0.7252604166666666 0.5116731517509727 0.72265625 0.519455252918288 0.71484375 0.5291828793774319 0.6875 0.5369649805447471 0.6653645833333334 0.5330739299610895 0.6549479166666666 0.5272373540856031 0.6484375 0.5136186770428015 0.6471354166666666 0.5038910505836576 0.6510416666666666 0.4980544747081712 0.6575520833333334 0.49416342412451364 0.66796875 0.49416342412451364 0.6744791666666666 0.48249027237354086 0.6796875 0.4785992217898833 0.6888020833333334 0.47470817120622566 0.703125 0.47470817120622566
1 0.2630208333333333 0.5817120622568094 0.2721354166666667 0.5894941634241245 0.2734375 0.5933852140077821 0.2721354166666667 0.5972762645914397 0.2630208333333333 0.6050583657587548 0.2513020833333333 0.5972762645914397 0.25390625 0.5875486381322957 0.2578125 0.5817120622568094 0.26171875 0.5817120622568094
1 0.1796875 0.5175097276264592 0.203125 0.5330739299610895 0.21744791666666666 0.5389105058365758 0.21484375 0.5525291828793775 0.2109375 0.556420233463035 0.17708333333333334 0.556420233463035 0.17578125 0.5583657587548638 0.16666666666666666 0.556420233463035 0.15104166666666666 0.5603112840466926 0.11588541666666667 0.5544747081712063 0.10416666666666667 0.5428015564202334 0.09895833333333333 0.5350194552529183 0.10026041666666667 0.5311284046692607 0.12109375 0.5214007782101168 0.14973958333333334 0.519455252918288 0.16536458333333334 0.5155642023346303 0.17838541666666666 0.5175097276264592
1 0.9986979166666666 0.3638132295719844 0.9986979166666666 0.3754863813229572 0.99609375 0.377431906614786 0.98828125 0.377431906614786 0.9869791666666666 0.36964980544747084 0.9934895833333334 0.3638132295719844 0.9973958333333334 0.3638132295719844
1 0.4088541666666667 0.6108949416342413 0.4114583333333333 0.6167315175097277 0.4049479166666667 0.6245136186770428 0.3971354166666667 0.622568093385214 0.3932291666666667 0.6147859922178989 0.3971354166666667 0.6089494163424124 0.4075520833333333 0.6108949416342413
1 0.5234375 0.4571984435797665 0.5364583333333334 0.4669260700389105 0.5377604166666666 0.4727626459143969 0.53515625 0.4766536964980545 0.5182291666666666 0.4766536964980545 0.5104166666666666 0.4708171206225681 0.5091145833333334 0.46303501945525294 0.51171875 0.4591439688715953 0.5221354166666666 0.4571984435797665
1 0.12890625 0.7023346303501945 0.14453125 0.7042801556420234 0.1484375 0.708171206225681 0.14322916666666666 0.7198443579766537 0.12890625 0.7237354085603113 0.08723958333333333 0.7198443579766537 0.078125 0.7159533073929961 0.07421875 0.7101167315175098 0.07552083333333333 0.7062256809338522 0.08072916666666667 0.7042801556420234 0.12760416666666666 0.7023346303501945
1 0.57421875 0.6517509727626459 0.58203125 0.6595330739299611 0.5807291666666666 0.6673151750972762 0.5716145833333334 0.6731517509727627 0.5625 0.6750972762645915 0.5481770833333334 0.669260700389105 0.5455729166666666 0.6653696498054474 0.5455729166666666 0.6595330739299611 0.5520833333333334 0.6536964980544747 0.5625 0.6498054474708171 0.5729166666666666 0.6517509727626459
1 0.5 0.6809338521400778 0.5221354166666666 0.6964980544747081 0.5234375 0.6984435797665369 0.5221354166666666 0.7042801556420234 0.5026041666666666 0.7140077821011673 0.4635416666666667 0.7159533073929961 0.4466145833333333 0.7295719844357976 0.4244791666666667 0.7334630350194552 0.3997395833333333 0.7334630350194552 0.3997395833333333 0.72568093385214 0.4088541666666667 0.7178988326848249 0.4153645833333333 0.708171206225681 0.41796875 0.6984435797665369 0.4283854166666667 0.6867704280155642 0.45703125 0.6789883268482491 0.4986979166666667 0.6809338521400778
1 0.375 0.7062256809338522 0.3815104166666667 0.7120622568093385 0.3815104166666667 0.72568093385214 0.37890625 0.7315175097276264 0.37109375 0.7354085603112841 0.2981770833333333 0.7354085603112841 0.2903645833333333 0.7295719844357976 0.2890625 0.7198443579766537 0.2994791666666667 0.708171206225681 0.3736979166666667 0.7062256809338522
1 0.9934895833333334 0.5642023346303502 0.9986979166666666 0.5680933852140078 0.9986979166666666 0.5817120622568094 0.9869791666666666 0.5875486381322957 0.9557291666666666 0.5875486381322957 0.94140625 0.5797665369649806 0.9401041666666666 0.5739299610894941 0.9453125 0.5680933852140078 0.9921875 0.5642023346303502
1 0.0078125 0.5 0.01953125 0.49221789883268485 0.02734375 0.49416342412451364 0.029947916666666668 0.4980544747081712 0.029947916666666668 0.5058365758754864 0.022135416666666668 0.5116731517509727 0.0078125 0.5077821011673151 0.006510416666666667 0.5038910505836576 0.0078125 0.5019455252918288
1 0.4205729166666667 0.5680933852140078 0.4283854166666667 0.5739299610894941 0.4361979166666667 0.5758754863813229 0.4388020833333333 0.5797665369649806 0.4309895833333333 0.585603112840467 0.41796875 0.5875486381322957 0.4114583333333333 0.5914396887159533 0.3958333333333333 0.5894941634241245 0.3919270833333333 0.5875486381322957 0.390625 0.5836575875486382 0.39453125 0.5778210116731517 0.40625 0.5739299610894941 0.4127604166666667 0.5680933852140078 0.4192708333333333 0.5680933852140078
1 0.25390625 0.4046692607003891 0.2578125 0.41050583657587547 0.2578125 0.42023346303501946 0.24479166666666666 0.4280155642023346 0.23307291666666666 0.42412451361867703 0.23046875 0.42023346303501946 0.23046875 0.41050583657587547 0.23958333333333334 0.4027237354085603 0.2526041666666667 0.4046692607003891
1 0.66796875 0.5817120622568094 0.6731770833333334 0.585603112840467 0.6744791666666666 0.5894941634241245 0.66796875 0.5953307392996109 0.6614583333333334 0.5972762645914397 0.6510416666666666 0.5953307392996109 0.6458333333333334 0.5875486381322957 0.6497395833333334 0.5817120622568094 0.6666666666666666 0.5817120622568094
1 0.76171875 0.35992217898832685 0.7630208333333334 0.36186770428015563 0.7955729166666666 0.36186770428015563 0.796875 0.35992217898832685 0.7981770833333334 0.36186770428015563 0.8020833333333334 0.35992217898832685 0.85546875 0.36186770428015563 0.875 0.377431906614786 0.8802083333333334 0.3852140077821012 0.8802083333333334 0.38910505836575876 0.8697916666666666 0.3949416342412451 0.8463541666666666 0.3968871595330739 0.8385416666666666 0.40077821011673154 0.8333333333333334 0.40077821011673154 0.82421875 0.3949416342412451 0.8020833333333334 0.3968871595330739 0.7903645833333334 0.4046692607003891 0.7799479166666666 0.42412451361867703 0.76953125 0.4260700389105058 0.7486979166666666 0.4377431906614786 0.7395833333333334 0.4377431906614786 0.7135416666666666 0.4280155642023346 0.6953125 0.42996108949416345 0.6875 0.4260700389105058 0.6822916666666666 0.42023346303501946 0.6783854166666666 0.3968871595330739 0.6822916666666666 0.377431906614786 0.7018229166666666 0.36186770428015563 0.7604166666666666 0.35992217898832685
1 0.4934895833333333 0.36186770428015563 0.50390625 0.3540856031128405 0.5455729166666666 0.3560311284046693 0.546875 0.3754863813229572 0.5403645833333334 0.37937743190661477 0.5234375 0.37937743190661477 0.5221354166666666 0.38132295719844356 0.5130208333333334 0.37937743190661477 0.4947916666666667 0.3638132295719844
1 0.8971354166666666 0.6108949416342413 0.921875 0.6206225680933852 0.9244791666666666 0.6284046692607004 0.9205729166666666 0.632295719844358 0.89453125 0.6361867704280155 0.84375 0.6342412451361867 0.8138020833333334 0.6381322957198443 0.8072916666666666 0.6361867704280155 0.79296875 0.6381322957198443 0.7838541666666666 0.6342412451361867 0.7825520833333334 0.6284046692607004 0.7864583333333334 0.622568093385214 0.7955729166666666 0.6186770428015564 0.8958333333333334 0.6108949416342413
1 0.3190104166666667 0.6303501945525292 0.3294270833333333 0.6400778210116731 0.3450520833333333 0.6459143968871596 0.3541666666666667 0.6556420233463035 0.3450520833333333 0.6731517509727627 0.328125 0.6750972762645915 0.26953125 0.6750972762645915 0.2682291666666667 0.6731517509727627 0.2552083333333333 0.6750972762645915 0.23958333333333334 0.6712062256809338 0.234375 0.6673151750972762 0.23046875 0.6595330739299611 0.23307291666666666 0.6536964980544747 0.24479166666666666 0.6498054474708171 0.2552083333333333 0.6381322957198443 0.265625 0.632295719844358 0.28515625 0.6303501945525292 0.2955729166666667 0.6264591439688716 0.3125 0.6264591439688716 0.3177083333333333 0.6303501945525292
1 0.057291666666666664 0.6439688715953308 0.06380208333333333 0.6517509727626459 0.061197916666666664 0.6575875486381323 0.057291666666666664 0.6595330739299611 0.048177083333333336 0.6595330739299611 0.044270833333333336 0.6575875486381323 0.041666666666666664 0.6517509727626459 0.046875 0.6439688715953308 0.055989583333333336 0.6439688715953308
1 0.7018229166666666 0.4494163424124514 0.7018229166666666 0.45330739299610895 0.6979166666666666 0.4571984435797665 0.67578125 0.4571984435797665 0.6692708333333334 0.45136186770428016 0.671875 0.4474708171206226 0.69921875 0.4474708171206226 0.7005208333333334 0.4494163424124514
1 0.24348958333333334 0.7276264591439688 0.24348958333333334 0.7334630350194552 0.23697916666666666 0.7373540856031129 0.22265625 0.7354085603112841 0.21875 0.7315175097276264 0.21875 0.7276264591439688 0.22265625 0.7237354085603113 0.23697916666666666 0.7237354085603113 0.2421875 0.7276264591439688
1 0.6328125 0.48249027237354086 0.6393229166666666 0.48443579766536965 0.6458333333333334 0.490272373540856 0.6471354166666666 0.4961089494163424 0.6393229166666666 0.5038910505836576 0.6197916666666666 0.5038910505836576 0.6145833333333334 0.5 0.6119791666666666 0.49221789883268485 0.6171875 0.48638132295719844 0.6315104166666666 0.48443579766536965
1 0.19401041666666666 0.6128404669260701 0.19791666666666666 0.6147859922178989 0.203125 0.622568093385214 0.203125 0.6264591439688716 0.20052083333333334 0.632295719844358 0.19010416666666666 0.6400778210116731 0.171875 0.6400778210116731 0.15755208333333334 0.6361867704280155 0.15104166666666666 0.6284046692607004 0.15104166666666666 0.6245136186770428 0.15625 0.6167315175097277 0.16276041666666666 0.6128404669260701 0.19270833333333334 0.6128404669260701
1 0.4973958333333333 0.5145914396887159 0.028645833333333332 0.023346303501945526
