1 0.40471092077087795 0.04807692307692308 0.4089935760171306 0.04807692307692308 0.41113490364025695 0.038461538461538464 0.42184154175588867 0.038461538461538464 0.4282655246252677 0.057692307692307696 0.4282655246252677 0.08653846153846154 0.41113490364025695 0.08653846153846154 0.40471092077087795 0.057692307692307696
1 0.563169164882227 0.9903846153846154 0.5674518201284796 0.9807692307692307 0.5952890792291221 0.9807692307692307 0.5974304068522484 0.9903846153846154 0.5653104925053534 0.9903846153846154
1 0.7194860813704497 0.6346153846153846 0.02569593147751606 0.07692307692307693
1 0.8201284796573876 0.3269230769230769 0.8372591006423983 0.3269230769230769 0.841541755888651 0.3557692307692308 0.841541755888651 0.375 0.8394004282655246 0.38461538461538464 0.8351177730192719 0.3942307692307692 0.8265524625267666 0.3942307692307692 0.8201284796573876 0.375 0.8179871520342612 0.3557692307692308 0.8201284796573876 0.33653846153846156
1 0.059957173447537475 0.8846153846153846 0.07066381156316917 0.8846153846153846 0.07066381156316917 0.9134615384615384 0.06209850107066381 0.9134615384615384 0.059957173447537475 0.8942307692307693
1 0.5995717344753747 0.11538461538461539 0.6038543897216274 0.10576923076923077 0.6188436830835118 0.10576923076923077 0.6209850107066381 0.11538461538461539 0.6252676659528907 0.11538461538461539 0.6295503211991434 0.1346153846153846 0.6295503211991434 0.14423076923076922 0.6231263383297645 0.16346153846153846 0.6038543897216274 0.16346153846153846 0.5995717344753747 0.14423076923076922 0.5995717344753747 0.125
1 0.6916488222698073 0.11538461538461539 0.6937901498929336 0.125 0.6980728051391863 0.125 0.702355460385439 0.1346153846153846 0.702355460385439 0.15384615384615385 0.69593147751606 0.17307692307692307 0.6895074946466809 0.17307692307692307 0.6873661670235546 0.16346153846153846 0.6788008565310493 0.16346153846153846 0.6766595289079229 0.15384615384615385 0.6702355460385439 0.15384615384615385 0.6680942184154176 0.14423076923076922 0.6680942184154176 0.125 0.6723768736616702 0.125 0.6745182012847966 0.11538461538461539 0.6895074946466809 0.11538461538461539
1 0.05353319057815846 0.10576923076923077 0.059957173447537475 0.10576923076923077 0.06209850107066381 0.09615384615384616 0.08993576017130621 0.09615384615384616 0.09207708779443255 0.10576923076923077 0.1006423982869379 0.10576923076923077 0.10278372591006424 0.11538461538461539 0.10278372591006424 0.1346153846153846 0.1006423982869379 0.14423076923076922 0.09635974304068523 0.15384615384615385 0.09207708779443255 0.15384615384615385 0.08993576017130621 0.16346153846153846 0.06638115631691649 0.15384615384615385 0.057815845824411134 0.1346153846153846 0.05353319057815846 0.11538461538461539
1 0.5396145610278372 0.7307692307692307 0.5417558886509636 0.7403846153846154 0.5481798715203426 0.7403846153846154 0.5524625267665952 0.7596153846153846 0.5524625267665952 0.7884615384615384 0.5481798715203426 0.7980769230769231 0.5438972162740899 0.7980769230769231 0.5417558886509636 0.8076923076923077 0.5139186295503212 0.8076923076923077 0.5074946466809421 0.7884615384615384 0.5074946466809421 0.7692307692307693 0.5160599571734475 0.7403846153846154 0.5203426124197003 0.7403846153846154 0.5224839400428265 0.7307692307692307 0.5374732334047109 0.7307692307692307
1 0.43683083511777304 0.3557692307692308 0.44539614561027835 0.38461538461538464 0.44539614561027835 0.3942307692307692 0.4411134903640257 0.41346153846153844 0.43254817987152033 0.41346153846153844 0.430406852248394 0.40384615384615385 0.4261241970021413 0.40384615384615385 0.42184154175588867 0.38461538461538464 0.42398286937901497 0.36538461538461536 0.4282655246252677 0.3557692307692308 0.4346895074946467 0.3557692307692308
1 0.7066381156316917 0.9519230769230769 0.708779443254818 0.9615384615384616 0.7130620985010707 0.9615384615384616 0.715203426124197 0.9711538461538461 0.715203426124197 0.9903846153846154 0.683083511777302 0.9903846153846154 0.683083511777302 0.9807692307692307 0.6873661670235546 0.9615384615384616 0.6916488222698073 0.9615384615384616 0.6937901498929336 0.9519230769230769 0.7044967880085653 0.9519230769230769
1 0.6723768736616702 0.8557692307692307 0.08137044967880086 0.07692307692307693
1 0.9807280513918629 0.34615384615384615 0.9850107066381156 0.375 0.9850107066381156 0.3942307692307692 0.9764453961456103 0.4230769230769231 0.9700214132762313 0.4230769230769231 0.9678800856531049 0.41346153846153844 0.9635974304068522 0.41346153846153844 0.9593147751605996 0.3942307692307692 0.9593147751605996 0.36538461538461536 0.9635974304068522 0.34615384615384615 0.9678800856531049 0.34615384615384615 0.9700214132762313 0.33653846153846156 0.9764453961456103 0.33653846153846156 0.9785867237687366 0.34615384615384615
1 0.6766595289079229 0.6153846153846154 0.6895074946466809 0.6153846153846154 0.69593147751606 0.6346153846153846 0.6916488222698073 0.6730769230769231 0.6809421841541756 0.6730769230769231 0.6745182012847966 0.6538461538461539 0.6745182012847966 0.6346153846153846 0.6766595289079229 0.625
1 0.9229122055674518 0.17307692307692307 0.9271948608137045 0.16346153846153846 0.9379014989293362 0.16346153846153846 0.9486081370449678 0.19230769230769232 0.9486081370449678 0.21153846153846154 0.9443254817987152 0.23076923076923078 0.9336188436830836 0.23076923076923078 0.9250535331905781 0.21153846153846154 0.9229122055674518 0.20192307692307693 0.9229122055674518 0.18269230769230768
1 0 0.9423076923076923 0.004282655246252677 0.9519230769230769 0.023554603854389723 0.9519230769230769 0.02569593147751606 0.9615384615384616 0.032119914346895075 0.9615384615384616 0.03640256959314775 0.9711538461538461 0.03640256959314775 0.9807692307692307 0.006423982869379015 0.9807692307692307 0.004282655246252677 0.9903846153846154 0 0.9903846153846154 0 0.9519230769230769
1 0.11991434689507495 0.5865384615384616 0.12419700214132762 0.6057692307692307 0.12419700214132762 0.6346153846153846 0.11777301927194861 0.6538461538461539 0.11134903640256959 0.6538461538461539 0.09850107066381156 0.625 0.09850107066381156 0.6057692307692307 0.10278372591006424 0.5865384615384616 0.10706638115631692 0.5865384615384616 0.10920770877944326 0.5769230769230769 0.11349036402569593 0.5865384615384616 0.11777301927194861 0.5865384615384616
1 0.9400428265524625 0.7980769230769231 0.021413276231263382 0.07692307692307693
1 0.7044967880085653 0.6442307692307693 0.708779443254818 0.6634615384615384 0.708779443254818 0.6826923076923077 0.7044967880085653 0.7019230769230769 0.6980728051391863 0.7019230769230769 0.6937901498929336 0.6826923076923077 0.6937901498929336 0.6538461538461539 0.69593147751606 0.6442307692307693 0.702355460385439 0.6442307692307693
1 0.18201284796573874 0.6442307692307693 0.18629550321199143 0.6346153846153846 0.19700214132762311 0.6346153846153846 0.20342612419700215 0.6538461538461539 0.20342612419700215 0.6730769230769231 0.2012847965738758 0.6923076923076923 0.19700214132762311 0.6923076923076923 0.1948608137044968 0.7019230769230769 0.1905781584582441 0.6923076923076923 0.18629550321199143 0.6923076923076923 0.18201284796573874 0.6730769230769231 0.18201284796573874 0.6538461538461539
1 0.139186295503212 0.19230769230769232 0.14989293361884368 0.19230769230769232 0.15203426124197003 0.20192307692307693 0.15631691648822268 0.20192307692307693 0.15845824411134904 0.22115384615384615 0.15845824411134904 0.23076923076923078 0.15417558886509636 0.2403846153846154 0.14346895074946467 0.2403846153846154 0.139186295503212 0.22115384615384615 0.139186295503212 0.20192307692307693
1 0.4475374732334047 0.25961538461538464 0.4539614561027837 0.27884615384615385 0.4518201284796574 0.2980769230769231 0.43683083511777304 0.2980769230769231 0.4346895074946467 0.27884615384615385 0.43897216274089934 0.25961538461538464 0.44539614561027835 0.25961538461538464
1 0.3147751605995717 0.7980769230769231 0.3169164882226981 0.8076923076923077 0.33190578158458245 0.8076923076923077 0.3426124197002141 0.8365384615384616 0.3404710920770878 0.8461538461538461 0.33190578158458245 0.8461538461538461 0.3297644539614561 0.8557692307692307 0.31905781584582443 0.8557692307692307 0.3169164882226981 0.8653846153846154 0.278372591006424 0.8653846153846154 0.2762312633832976 0.8557692307692307 0.2676659528907923 0.8557692307692307 0.2633832976445396 0.8461538461538461 0.2698072805139186 0.8269230769230769 0.2740899357601713 0.8269230769230769 0.2826552462526767 0.8076923076923077 0.2955032119914347 0.8076923076923077 0.29764453961456105 0.7980769230769231 0.31263383297644537 0.7980769230769231
1 0.2569593147751606 0.18269230769230768 0.26552462526766596 0.21153846153846154 0.25910064239828695 0.23076923076923078 0.25267665952890794 0.23076923076923078 0.2505353319057816 0.2403846153846154 0.23768736616702354 0.2403846153846154 0.23554603854389722 0.23076923076923078 0.23126338329764454 0.23076923076923078 0.22698072805139186 0.22115384615384615 0.22483940042826553 0.20192307692307693 0.23126338329764454 0.18269230769230768 0.25481798715203424 0.18269230769230768
1 0.37259100642398285 0.125 0.3747323340471092 0.1346153846153846 0.37259100642398285 0.16346153846153846 0.3576017130620985 0.16346153846153846 0.3554603854389722 0.15384615384615385 0.3554603854389722 0.125 0.3576017130620985 0.11538461538461539 0.3683083511777302 0.11538461538461539 0.37044967880085655 0.125
1 0.05139186295503212 0.7788461538461539 0.055674518201284794 0.7980769230769231 0.05353319057815846 0.7980769230769231 0.044967880085653104 0.8365384615384616 0.029978586723768737 0.8365384615384616 0.023554603854389723 0.8173076923076923 0.017130620985010708 0.8173076923076923 0.014989293361884369 0.8076923076923077 0.006423982869379015 0.8076923076923077 0.004282655246252677 0.7980769230769231 0 0.7980769230769231 0.0021413276231263384 0.7884615384615384 0.008565310492505354 0.7884615384615384 0.010706638115631691 0.7788461538461539 0.021413276231263382 0.7788461538461539 0.023554603854389723 0.7692307692307693 0.042826552462526764 0.7692307692307693 0.044967880085653104 0.7788461538461539 0.04925053533190578 0.7788461538461539
1 0.6895074946466809 0.7115384615384616 0.6916488222698073 0.7211538461538461 0.6895074946466809 0.75 0.6809421841541756 0.75 0.6788008565310493 0.7403846153846154 0.6788008565310493 0.7211538461538461 0.683083511777302 0.7019230769230769 0.6873661670235546 0.7115384615384616
1 0.8115631691648822 0.125 0.815845824411135 0.14423076923076922 0.815845824411135 0.16346153846153846 0.8137044967880086 0.18269230769230768 0.8008565310492506 0.18269230769230768 0.7944325481798715 0.15384615384615385 0.7944325481798715 0.14423076923076922 0.7987152034261242 0.125 0.8094218415417559 0.125
1 0.3897216274089936 0.9230769230769231 0.39186295503211993 0.9326923076923077 0.3897216274089936 0.9519230769230769 0.37901498929336186 0.9519230769230769 0.37687366167023556 0.9423076923076923 0.37687366167023556 0.9230769230769231 0.37901498929336186 0.9134615384615384 0.3854389721627409 0.9134615384615384 0.3875802997858672 0.9230769230769231
1 0.987152034261242 0.5192307692307693 0.9914346895074947 0.5288461538461539 0.9914346895074947 0.5576923076923077 0.9850107066381156 0.5769230769230769 0.9785867237687366 0.5769230769230769 0.9764453961456103 0.5865384615384616 0.9721627408993576 0.5865384615384616 0.9678800856531049 0.5673076923076923 0.9678800856531049 0.5384615384615384 0.9721627408993576 0.5288461538461539 0.9807280513918629 0.5288461538461539 0.9850107066381156 0.5192307692307693
1 0.41541755888650966 0.5961538461538461 0.42184154175588867 0.6153846153846154 0.42184154175588867 0.6346153846153846 0.41541755888650966 0.6730769230769231 0.40471092077087795 0.6730769230769231 0.4004282655246253 0.6538461538461539 0.4004282655246253 0.6057692307692307 0.4025695931477516 0.5961538461538461 0.4132762312633833 0.5961538461538461
1 0.9443254817987152 0.5769230769230769 0.9507494646680942 0.5961538461538461 0.9507494646680942 0.6153846153846154 0.9400428265524625 0.6442307692307693 0.9271948608137045 0.6442307692307693 0.9250535331905781 0.625 0.9271948608137045 0.6153846153846154 0.9271948608137045 0.5961538461538461 0.9421841541755889 0.5769230769230769
1 0.1777301927194861 0.07692307692307693 0.17987152034261242 0.08653846153846154 0.18843683083511778 0.08653846153846154 0.19271948608137046 0.09615384615384616 0.19271948608137046 0.11538461538461539 0.18843683083511778 0.1346153846153846 0.16488222698072805 0.1346153846153846 0.16274089935760172 0.125 0.15845824411134904 0.125 0.15417558886509636 0.11538461538461539 0.15203426124197003 0.10576923076923077 0.15417558886509636 0.08653846153846154 0.16274089935760172 0.08653846153846154 0.16488222698072805 0.07692307692307693 0.17558886509635974 0.07692307692307693
1 0.8950749464668094 0.6538461538461539 0.8972162740899358 0.6634615384615384 0.8972162740899358 0.6826923076923077 0.8950749464668094 0.6923076923076923 0.8865096359743041 0.7115384615384616 0.8779443254817987 0.7115384615384616 0.8758029978586723 0.7211538461538461 0.867237687366167 0.7211538461538461 0.8650963597430407 0.7307692307692307 0.8522483940042827 0.7307692307692307 0.8522483940042827 0.7211538461538461 0.8650963597430407 0.6730769230769231 0.8715203426124197 0.6730769230769231 0.8736616702355461 0.6634615384615384 0.880085653104925 0.6634615384615384 0.8822269807280514 0.6538461538461539 0.892933618843683 0.6538461538461539
1 0.3511777301927195 0.11538461538461539 0.3554603854389722 0.10576923076923077 0.3747323340471092 0.10576923076923077 0.37687366167023556 0.11538461538461539 0.3875802997858672 0.125 0.39186295503211993 0.14423076923076922 0.3897216274089936 0.16346153846153846 0.3854389721627409 0.16346153846153846 0.38329764453961457 0.17307692307692307 0.35974304068522484 0.17307692307692307 0.3511777301927195 0.14423076923076922 0.3511777301927195 0.125
1 0.7730192719486081 0.18269230769230768 0.7773019271948608 0.20192307692307693 0.7773019271948608 0.23076923076923078 0.7730192719486081 0.2403846153846154 0.7665952890792291 0.2403846153846154 0.7601713062098501 0.22115384615384615 0.7601713062098501 0.19230769230769232 0.7644539614561028 0.18269230769230768 0.7708779443254818 0.18269230769230768
1 0.588865096359743 0.3269230769230769 0.5931477516059958 0.3557692307692308 0.5910064239828694 0.375 0.5867237687366167 0.375 0.5845824411134903 0.38461538461538464 0.5802997858672377 0.38461538461538464 0.5781584582441114 0.375 0.569593147751606 0.375 0.5653104925053534 0.33653846153846156 0.569593147751606 0.3173076923076923 0.5845824411134903 0.3173076923076923 0.5867237687366167 0.3269230769230769
1 0.8822269807280514 0.6057692307692307 0.8886509635974305 0.6346153846153846 0.8972162740899358 0.6538461538461539 0.8993576017130621 0.6730769230769231 0.8886509635974305 0.7115384615384616 0.880085653104925 0.7115384615384616 0.8779443254817987 0.7211538461538461 0.867237687366167 0.7211538461538461 0.8650963597430407 0.7307692307692307 0.8522483940042827 0.7307692307692307 0.8522483940042827 0.7211538461538461 0.8586723768736617 0.6826923076923077 0.8565310492505354 0.6634615384615384 0.8565310492505354 0.6346153846153846 0.8586723768736617 0.6153846153846154 0.8629550321199143 0.6153846153846154 0.8650963597430407 0.6057692307692307 0.880085653104925 0.6057692307692307
1 0.9978586723768736 0.07692307692307693 0.9978586723768736 0.1346153846153846 0.9892933618843683 0.15384615384615385 0.9785867237687366 0.15384615384615385 0.9764453961456103 0.14423076923076922 0.9700214132762313 0.14423076923076922 0.9507494646680942 0.08653846153846154 0.9914346895074947 0.08653846153846154 0.9957173447537473 0.07692307692307693
1 0.880085653104925 0.6057692307692307 0.8865096359743041 0.6346153846153846 0.8822269807280514 0.6538461538461539 0.8779443254817987 0.6538461538461539 0.8715203426124197 0.6730769230769231 0.8650963597430407 0.6730769230769231 0.8629550321199143 0.6826923076923077 0.8586723768736617 0.6538461538461539 0.8586723768736617 0.6346153846153846 0.867237687366167 0.6057692307692307 0.8779443254817987 0.6057692307692307
1 0.4989293361884368 0.17307692307692307 0.5010706638115632 0.18269230769230768 0.5053533190578159 0.18269230769230768 0.5074946466809421 0.20192307692307693 0.5053533190578159 0.22115384615384615 0.49036402569593146 0.22115384615384615 0.4860813704496788 0.20192307692307693 0.4860813704496788 0.18269230769230768 0.49036402569593146 0.17307692307692307 0.49678800856531047 0.17307692307692307
1 0.7130620985010707 0.07692307692307693 0.715203426124197 0.08653846153846154 0.7237687366167024 0.08653846153846154 0.7259100642398287 0.09615384615384616 0.7301927194860813 0.09615384615384616 0.7387580299785867 0.11538461538461539 0.7366167023554604 0.1346153846153846 0.708779443254818 0.1346153846153846 0.7066381156316917 0.125 0.69593147751606 0.11538461538461539 0.6895074946466809 0.09615384615384616 0.6916488222698073 0.07692307692307693 0.7109207708779444 0.07692307692307693
1 0.8715203426124197 0.2403846153846154 0.8758029978586723 0.2403846153846154 0.8779443254817987 0.23076923076923078 0.8843683083511777 0.23076923076923078 0.8865096359743041 0.2403846153846154 0.892933618843683 0.2403846153846154 0.8993576017130621 0.25961538461538464 0.8993576017130621 0.28846153846153844 0.8972162740899358 0.2980769230769231 0.880085653104925 0.2980769230769231 0.8715203426124197 0.2692307692307692 0.8715203426124197 0.25
