1 0.6621875 0.541875 0.1125 0.028125
1 0.903125 0.5084375 0.07875 0.015
1 0.0409375 0.546875 0.081875 0.02125
1 0.23875 0.4609375 0.108125 0.015
1 0.28875 0.4803125 0.083125 0.016875
1 0.368125 0.450625 0.03875 0.011875
1 0.74875 0.4584375 0.064375 0.01375
1 0.466875 0.47375 0.066875 0.039375
1 0.350625 0.5384375 0.108125 0.0225
1 0.96875 0.4784375 0.059375 0.01375
1 0.0590625 0.454375 0.095625 0.01125
1 0.029375 0.51875 0.05875 0.01375
1 0.7071875 0.4978125 0.060625 0.019375
1 0.291875 0.5609375 0.0975 0.021875
1 0.9878125 0.559375 0.024375 0.013125
1 0.6065625 0.47125 0.041875 0.015
1 0.8540625 0.4784375 0.031875 0.00875
1 0.9790625 0.534375 0.041875 0.0125
1 0.5575 0.45625 0.044375 0.011875
1 0.879375 0.5553125 0.08 0.016875
1 0.9003125 0.585625 0.04125 0.010625
1 0.853125 0.55375 0.13 0.024375
