1 0.78 0.53625 0.78875 0.539375 0.78625 0.54375 0.771875 0.543125 0.765 0.54 0.77 0.53625 0.779375 0.53625
1 0.93375 0.49 0.954375 0.494375 0.954375 0.498125 0.943125 0.499375 0.921875 0.498125 0.908125 0.494375 0.90625 0.49125 0.91 0.49 0.933125 0.49
1 0.245625 0.53875 0.255 0.5425 0.253125 0.55125 0.245625 0.554375 0.230625 0.55625 0.21 0.554375 0.206875 0.54 0.245 0.53875
1 0.765625 0.506875 0.771875 0.50875 0.7725 0.511875 0.755 0.518125 0.73625 0.515625 0.71875 0.508125 0.74375 0.50375 0.765 0.506875
1 0.168125 0.5125 0.1925 0.515 0.185625 0.53 0.16625 0.531875 0.145625 0.525625 0.14375 0.5225 0.145625 0.51875 0.15375 0.515 0.1675 0.513125
1 0.4675 0.383125 0.478125 0.386875 0.485625 0.3925 0.48625 0.4 0.480625 0.404375 0.451875 0.4025 0.443125 0.3975 0.443125 0.39375 0.449375 0.386875 0.46 0.383125 0.466875 0.383125
1 0.585 0.555 0.595625 0.558125 0.60125 0.56375 0.603125 0.570625 0.594375 0.573125 0.55875 0.571875 0.5525 0.5675 0.5525 0.56375 0.563125 0.555625 0.584375 0.555
1 0.04 0.373125 0.055625 0.383125 0.055 0.386875 0.048125 0.390625 0.035 0.39 0.025 0.3875 0.02 0.38375 0.020625 0.379375 0.024375 0.375625 0.039375 0.373125
1 0.35625 0.533125 0.366875 0.535625 0.370625 0.540625 0.368125 0.5475 0.35875 0.550625 0.33125 0.55 0.324375 0.5475 0.3225 0.544375 0.3275 0.536875 0.338125 0.53375 0.355625 0.533125
1 0.279375 0.40125 0.28625 0.4075 0.28625 0.4125 0.279375 0.415625 0.26 0.415625 0.254375 0.411875 0.255 0.40625 0.259375 0.40125 0.27875 0.40125
1 0.3775 0.446875 0.395 0.449375 0.40125 0.4525 0.405 0.4575 0.405 0.460625 0.4 0.46375 0.378125 0.469375 0.366875 0.4675 0.351875 0.46 0.35 0.45625 0.351875 0.4525 0.35875 0.449375 0.376875 0.446875
1 0.954375 0.40375 0.9625 0.406875 0.96625 0.41125 0.96625 0.415 0.95 0.423125 0.938125 0.4225 0.929375 0.41875 0.926875 0.41125 0.92875 0.4075 0.934375 0.404375 0.95375 0.40375
1 0.351875 0.411875 0.359375 0.41375 0.365625 0.4225 0.364375 0.428125 0.354375 0.430625 0.3325 0.429375 0.325625 0.42625 0.323125 0.421875 0.325 0.41625 0.33 0.4125 0.35125 0.411875
1 0.4375 0.495 0.44625 0.49875 0.446875 0.505 0.4425 0.50875 0.434375 0.510625 0.415 0.50875 0.409375 0.505 0.40875 0.499375 0.410625 0.49625 0.416875 0.494375 0.436875 0.495
1 0.999375 0.57875 0.999375 0.600625 0.978125 0.59625 0.9725 0.591875 0.971875 0.58875 0.973125 0.584375 0.9775 0.580625 0.99875 0.57875
1 0.136875 0.450625 0.148125 0.459375 0.1425 0.4625 0.141875 0.466875 0.136875 0.47 0.11625 0.47 0.118125 0.466875 0.103125 0.45625 0.118125 0.449375 0.13625 0.450625
1 0.275 0.55 0.29375 0.55 0.293125 0.553125 0.28625 0.555 0.275625 0.554375 0.275 0.550625
1 0.69 0.413125 0.705625 0.41625 0.709375 0.41875 0.71 0.423125 0.703125 0.43 0.6875 0.433125 0.67875 0.4325 0.67 0.42875 0.666875 0.425 0.66625 0.419375 0.671875 0.414375 0.689375 0.413125
1 0.23125 0.459375 0.240625 0.463125 0.243125 0.47 0.2375 0.47375 0.224375 0.475 0.2075 0.471875 0.205 0.47 0.205625 0.46625 0.214375 0.46125 0.230625 0.459375
1 0.415 0.419375 0.429375 0.425 0.436875 0.43125 0.4375 0.43625 0.435 0.44 0.424375 0.443125 0.403125 0.4425 0.3925 0.43875 0.388125 0.434375 0.388125 0.428125 0.39375 0.423125 0.405 0.419375 0.414375 0.419375
1 0.825625 0.56375 0.835 0.57125 0.825 0.57625 0.803125 0.57125 0.80125 0.56875 0.801875 0.566875 0.815625 0.5625 0.825 0.56375
1 0.221875 0.478125 0.22625 0.480625 0.22625 0.484375 0.210625 0.490625 0.195625 0.48875 0.189375 0.484375 0.19 0.4825 0.199375 0.4775 0.22125 0.478125
1 0.19375 0.43125 0.20875 0.43875 0.21 0.4425 0.203125 0.449375 0.18375 0.449375 0.175 0.446875 0.17125 0.443125 0.17375 0.435 0.180625 0.431875 0.193125 0.43125
1 0.323125 0.516875 0.339375 0.5225 0.338125 0.53125 0.33125 0.535 0.299375 0.534375 0.2925 0.531875 0.289375 0.5275 0.290625 0.5225 0.2975 0.51875 0.3225 0.516875
1 0.23 0.440625 0.25 0.44125 0.258125 0.445 0.25875 0.45 0.248125 0.45625 0.2175 0.455 0.20375 0.449375 0.2125 0.441875 0.229375 0.440625
1 0.189375 0.548125 0.203125 0.55375 0.203125 0.556875 0.19875 0.559375 0.18375 0.560625 0.16375 0.558125 0.16125 0.556875 0.161875 0.555 0.170625 0.549375 0.18875 0.548125
1 0.484375 0.545 0.493125 0.546875 0.501875 0.553125 0.49875 0.560625 0.48875 0.56375 0.47 0.5625 0.463125 0.555 0.46375 0.55 0.46875 0.54625 0.48375 0.545
1 0.113125 0.375625 0.116875 0.378125 0.1175 0.38125 0.111875 0.385 0.0975 0.38375 0.09375 0.379375 0.096875 0.375 0.1125 0.375625
1 0.303125 0.466875 0.315625 0.47 0.31625 0.47375 0.311875 0.474375 0.28375 0.47375 0.283125 0.47 0.285625 0.468125 0.3025 0.466875
1 0.2125 0.385 0.22 0.3875 0.224375 0.393125 0.22375 0.4 0.21625 0.404375 0.185625 0.403125 0.176875 0.394375 0.179375 0.38875 0.19375 0.38375 0.211875 0.385
1 0.071875 0.450625 0.084375 0.45125 0.103125 0.45625 0.104375 0.46125 0.101875 0.465 0.094375 0.47 0.085 0.47125 0.06625 0.47 0.055 0.463125 0.060625 0.45375 0.07125 0.450625
1 0.323125 0.486875 0.328125 0.490625 0.321875 0.493125 0.30625 0.493125 0.299375 0.49 0.3025 0.4875 0.3225 0.486875
1 0.90875 0.5125 0.92 0.514375 0.92375 0.519375 0.885625 0.525 0.8625 0.5225 0.8575 0.51875 0.85875 0.515625 0.908125 0.5125
1 0.773125 0.38625 0.781875 0.386875 0.78875 0.39375 0.786875 0.399375 0.77625 0.401875 0.76 0.400625 0.74875 0.3975 0.745625 0.394375 0.746875 0.390625 0.751875 0.3875 0.7725 0.38625
1 0.09125 0.4425 0.095625 0.445625 0.091875 0.44875 0.079375 0.44625 0.08125 0.44375 0.090625 0.4425
1 0.619375 0.384375 0.62125 0.38625 0.619375 0.388125 0.6025 0.39 0.594375 0.388125 0.59875 0.384375 0.61875 0.384375
1 0.515625 0.418125 0.5225 0.421875 0.52375 0.428125 0.515625 0.43625 0.51 0.4375 0.498125 0.435625 0.489375 0.425 0.498125 0.418125 0.515 0.418125
1 0.69625 0.385625 0.73 0.38875 0.73375 0.39375 0.7325 0.396875 0.71875 0.4025 0.7075 0.401875 0.68 0.394375 0.67875 0.390625 0.680625 0.38875 0.685625 0.38625 0.695625 0.385625
1 0.80875 0.3975 0.824375 0.4 0.83375 0.404375 0.831875 0.411875 0.815625 0.4175 0.795 0.41625 0.7825 0.41125 0.78 0.408125 0.78125 0.403125 0.7875 0.39875 0.793125 0.396875 0.808125 0.3975
