1 0.406875 0.973125 0.020625 0.05375
1 0.6040625 0.364375 0.03 0.130625
1 0.6478125 0.7703125 0.018125 0.103125
1 0.616875 0.91625 0.01875 0.118125
1 0.394375 0.5153125 0.01875 0.04375
1 0.5640625 0.55 0.02125 0.035625
1 0.3965625 0.66875 0.015 0.039375
1 0.5903125 0.989375 0.02 0.02125
1 0.6321875 0.6915625 0.020625 0.028125
1 0.5890625 0.7471875 0.0175 0.029375
1 0.385625 0.3503125 0.016875 0.045625
1 0.56625 0.61625 0.02 0.02875
1 0.5925 0.640625 0.018125 0.03375
1 0.58375 0.7940625 0.019375 0.024375
1 0.42625 0.163125 0.0225 0.03625
1 0.5625 0.1184375 0.013125 0.02125
1 0.3696875 0.7840625 0.0125 0.02
1 0.35 0.3853125 0.0125 0.109375
1 0.430625 0.665625 0.01 0.01875
1 0.4278125 0.5609375 0.01125 0.020625
1 0.431875 0.880625 0.010625 0.019375
1 0.3934375 0.251875 0.014375 0.024375
1 0.6196875 0.54375 0.011875 0.018125
1 0.4365625 0.5890625 0.011875 0.018125
1 0.4446875 0.0984375 0.01125 0.019375
1 0.6459375 0.474375 0.0175 0.048125
1 0.56 0.01875 0.01125 0.015625
1 0.6053125 0.2340625 0.025 0.086875
1 0.433125 0.8546875 0.00875 0.01625
