1 0.24875 0.5415625 0.050625 0.0175
1 0.62875 0.591875 0.055625 0.016875
1 0.09375 0.45625 0.035 0.016875
1 0.863125 0.51125 0.05 0.016875
1 0.3925 0.411875 0.04 0.01625
1 0.975 0.5078125 0.049375 0.0225
1 0.0971875 0.375 0.03 0.01
1 0.3246875 0.5234375 0.048125 0.0175
1 0.7259375 0.4790625 0.0425 0.014375
1 0.3690625 0.4359375 0.076875 0.03875
1 0.77875 0.5328125 0.06 0.01875
1 0.6753125 0.4584375 0.04 0.024375
1 0.62375 0.4425 0.040625 0.018125
1 0.5928125 0.540625 0.053125 0.018125
1 0.0759375 0.42375 0.040625 0.015
1 0.42875 0.4903125 0.041875 0.015625
1 0.6 0.4590625 0.04625 0.01875
1 0.1184375 0.52625 0.023125 0.013125
1 0.4340625 0.5534375 0.03625 0.015625
1 0.9665625 0.5878125 0.04 0.015
1 0.5440625 0.5515625 0.024375 0.011875
1 0.9525 0.4646875 0.053125 0.01375
1 0.8646875 0.466875 0.02125 0.011875
1 0.4790625 0.5609375 0.034375 0.016875
1 0.23 0.375625 0.023125 0.011875
1 0.9071875 0.473125 0.021875 0.010625
1 0.536875 0.4784375 0.03 0.013125
1 0.015625 0.3790625 0.019375 0.010625
1 0.8134375 0.4896875 0.021875 0.01125
1 0.8815625 0.58 0.031875 0.014375
1 0.8284375 0.4446875 0.0275 0.009375
1 0.855625 0.56125 0.0225 0.01125
1 0.5559375 0.4340625 0.02 0.009375
1 0.735 0.4565625 0.018125 0.01125
1 0.649375 0.5 0.028125 0.01125
1 0.2425 0.413125 0.081875 0.03
1 0.58875 0.48375 0.026875 0.013125
1 0.3928125 0.5290625 0.016875 0.01
1 0.7375 0.581875 0.066875 0.02625
1 0.3578125 0.5634375 0.021875 0.009375
1 0.915 0.5609375 0.02125 0.01
1 0.355 0.4903125 0.01875 0.01
1 0.6934375 0.4378125 0.014375 0.009375
1 0.85375 0.590625 0.0225 0.011875
1 0.2978125 0.4715625 0.026875 0.01
1 0.439375 0.5265625 0.0175 0.010625
1 0.4659375 0.3996875 0.02 0.0075
1 0.78 0.560625 0.0175 0.00875
1 0.384375 0.548125 0.01875 0.010625
1 0.8028125 0.5484375 0.02625 0.011875
