1 0.57375 0.426875 0.046875 0.075
1 0.64375 0.0803125 0.025625 0.084375
1 0.5603125 0.55875 0.02625 0.06625
1 0.5625 0.3021875 0.03125 0.061875
1 0.5315625 0.151875 0.023125 0.04625
1 0.5890625 0.95375 0.02 0.04875
1 0.485 0.3065625 0.030625 0.061875
1 0.6384375 0.488125 0.015 0.076875
1 0.57625 0.8525 0.016875 0.03375
1 0.498125 0.1165625 0.016875 0.036875
1 0.530625 0.06875 0.020625 0.039375
1 0.4971875 0.0328125 0.016875 0.060625
1 0.6503125 0.589375 0.01375 0.07375
1 0.50375 0.408125 0.01875 0.02875
1 0.6028125 0.70875 0.0225 0.02875
1 0.52625 0.6540625 0.030625 0.08375
1 0.5190625 0.5628125 0.0275 0.10375
1 0.585 0.780625 0.02125 0.0325
1 0.595625 0.748125 0.01875 0.031875
1 0.4525 0.6253125 0.0075 0.041875
1 0.5796875 0.19875 0.008125 0.0175
