1 0.51 0.13375 0.51375 0.14 0.511875 0.14375 0.505625 0.140625 0.505625 0.135625 0.509375 0.13375
1 0.464375 0.270625 0.470625 0.275625 0.47125 0.279375 0.469375 0.308125 0.466875 0.31 0.459375 0.3075 0.456875 0.304375 0.454375 0.289375 0.455 0.279375 0.46375 0.270625
1 0.408125 0.14875 0.414375 0.15125 0.41375 0.15875 0.41125 0.160625 0.405625 0.15875 0.405 0.1525 0.4075 0.149375
1 0.423125 0.14375 0.431875 0.155625 0.43125 0.16 0.425 0.161875 0.42125 0.159375 0.41875 0.151875 0.41875 0.146875 0.4225 0.14375
1 0.435625 0.161875 0.44 0.168125 0.439375 0.175625 0.435625 0.181875 0.431875 0.17875 0.430625 0.1725 0.430625 0.164375 0.435 0.161875
1 0.4425 0.19 0.44625 0.191875 0.4475 0.19625 0.44375 0.20875 0.438125 0.21 0.43375 0.203125 0.435625 0.195625 0.441875 0.190625
1 0.43375 0.065 0.439375 0.075 0.43875 0.079375 0.435625 0.08125 0.428125 0.07625 0.428125 0.07 0.433125 0.065
1 0.515625 0.609375 0.519375 0.615625 0.516875 0.62375 0.5125 0.623125 0.510625 0.619375 0.51125 0.611875 0.515 0.609375
1 0.4775 0.81375 0.480625 0.81625 0.484375 0.83 0.490625 0.884375 0.486875 0.885625 0.481875 0.866875 0.476875 0.814375
1 0.409375 0 0.42375 0 0.42875 0.011875 0.425625 0.033125 0.421875 0.03625 0.41875 0.035 0.410625 0.01375 0.409375 0.000625
1 0.476875 0.2075 0.479375 0.2125 0.478125 0.219375 0.47375 0.22 0.471875 0.2175 0.471875 0.211875 0.47625 0.208125
