1 0.574375 0.320625 0.5775 0.3475 0.575625 0.351875 0.575625 0.405 0.571875 0.42125 0.5725 0.4475 0.5675 0.4725 0.56375 0.46875 0.56375 0.42625 0.568125 0.344375 0.570625 0.32375 0.57375 0.32125
1 0.453125 0.888125 0.456875 0.890625 0.458125 0.895 0.459375 0.914375 0.456875 0.978125 0.453125 0.989375 0.449375 0.97125 0.450625 0.895 0.4525 0.88875
1 0.5675 0.103125 0.573125 0.131875 0.571875 0.15625 0.5675 0.174375 0.56375 0.173125 0.561875 0.1575 0.56375 0.15 0.5625 0.109375 0.566875 0.10375
1 0.51625 0.999375 0.51875 0.948125 0.521875 0.93875 0.524375 0.946875 0.524375 0.981875 0.52125 0.999375 0.516875 0.999375
1 0.48375 0.66875 0.485625 0.674375 0.48625 0.724375 0.484375 0.744375 0.480625 0.75375 0.476875 0.75 0.475 0.739375 0.473125 0.67875 0.475625 0.67125 0.48 0.6675 0.483125 0.66875
1 0.55 0.913125 0.55375 0.91625 0.555 0.92625 0.553125 0.9775 0.55 0.995625 0.5475 0.999375 0.543125 0.999375 0.53875 0.994375 0.540625 0.9425 0.55 0.91375
1 0.53625 0.594375 0.540625 0.596875 0.54375 0.604375 0.545625 0.6275 0.545 0.66125 0.541875 0.675625 0.53625 0.688125 0.530625 0.688125 0.528125 0.665625 0.529375 0.6075 0.53125 0.59875 0.535625 0.595
1 0.5525 0 0.564375 0 0.564375 0.0125 0.560625 0.0225 0.556875 0.0225 0.554375 0.019375 0.5525 0.000625
1 0.4525 0.61375 0.455 0.61625 0.45625 0.62875 0.454375 0.644375 0.450625 0.651875 0.445625 0.6475 0.444375 0.6275 0.44625 0.61625 0.451875 0.61375
1 0.45875 0.25125 0.0125 0.06375
1 0.526875 0 0.54 0 0.5375 0.0075 0.5375 0.034375 0.5325 0.041875 0.529375 0.040625 0.528125 0.035625 0.526875 0.000625
1 0.49875 0.260625 0.50125 0.26875 0.500625 0.30875 0.49875 0.31875 0.495 0.3225 0.490625 0.320625 0.48875 0.314375 0.48875 0.2825 0.490625 0.261875 0.49375 0.259375 0.498125 0.260625
1 0.463125 0.7075 0.466875 0.72375 0.46625 0.781875 0.460625 0.8125 0.45625 0.81375 0.45375 0.803125 0.4575 0.719375 0.459375 0.71 0.4625 0.708125
1 0.476875 0.26125 0.48125 0.264375 0.481875 0.278125 0.48125 0.305625 0.4775 0.309375 0.475625 0.30625 0.474375 0.283125 0.476875 0.261875
1 0.47875 0.12875 0.48125 0.131875 0.481875 0.158125 0.480625 0.165 0.4775 0.165625 0.475 0.16125 0.474375 0.146875 0.475625 0.1325 0.478125 0.12875
1 0.55 0.285 0.550625 0.291875 0.5475 0.298125 0.5475 0.31 0.545625 0.31375 0.54875 0.324375 0.548125 0.359375 0.5425 0.37125 0.5375 0.39375 0.5325 0.395625 0.53 0.393125 0.5275 0.383125 0.52875 0.3175 0.533125 0.3025 0.53625 0.298125 0.5425 0.295 0.549375 0.285625
1 0.488125 0.5 0.4925 0.505 0.494375 0.516875 0.491875 0.54125 0.48875 0.549375 0.485625 0.551875 0.48125 0.550625 0.479375 0.51 0.483125 0.501875 0.4875 0.5
1 0.47125 0 0.484375 0 0.4825 0.04625 0.480625 0.058125 0.4775 0.06 0.47375 0.0475 0.47125 0.000625
1 0.47125 0.3915625 0.015 0.039375
1 0.504375 0.918125 0.508125 0.925 0.508125 0.96375 0.505 0.994375 0.50125 0.999375 0.4975 0.994375 0.4975 0.973125 0.504375 0.91875
1 0.5075 0.0940625 0.0125 0.084375
1 0.554375 0.080625 0.5575 0.08375 0.56125 0.123125 0.556875 0.155625 0.55 0.15125 0.5475 0.1375 0.55 0.084375 0.55375 0.080625
1 0.585625 0.1003125 0.00875 0.041875
1 0.4615625 0.5365625 0.013125 0.060625
1 0.4571875 0.4415625 0.006875 0.038125
