1 0.4009375 0.8509375 0.061875 0.07625
1 0.5834375 0.916875 0.039375 0.06125
1 0.5875 0.84875 0.031875 0.053125
1 0.5225 0.16 0.04625 0.076875
1 0.4290625 0.169375 0.03625 0.066875
1 0.5128125 0.6865625 0.013125 0.01875
1 0.6275 0.7134375 0.031875 0.03375
1 0.4278125 0.680625 0.059375 0.10875
1 0.480625 0.7290625 0.011875 0.014375
1 0.6503125 0.0878125 0.01125 0.055625
1 0.465 0.05375 0.016875 0.019375
1 0.5390625 0.979375 0.01625 0.0275
1 0.606875 0.038125 0.046875 0.07375
1 0.4134375 0.1946875 0.015625 0.055
1 0.64 0.615625 0.0325 0.060625
1 0.59875 0.520625 0.04375 0.15
1 0.406875 0.4575 0.033125 0.053125
1 0.6484375 0.4971875 0.015 0.073125
1 0.5775 0.0371875 0.029375 0.070625
1 0.3990625 0.3165625 0.008125 0.05
1 0.38375 0.8853125 0.018125 0.026875
1 0.531875 0.0265625 0.009375 0.010625
1 0.646875 0.9134375 0.015 0.05375
1 0.4409375 0.4671875 0.035 0.055625
1 0.4946875 0.4728125 0.00875 0.01
1 0.631875 0.02 0.009375 0.015
1 0.443125 0.99625 0.0175 0.0075
1 0.65125 0.4203125 0.01125 0.088125
