1 0.701875 0.085625 0.70625 0.094375 0.70625 0.100625 0.701875 0.106875 0.693125 0.113125 0.689375 0.1125 0.688125 0.11 0.68875 0.10375 0.695625 0.0875 0.699375 0.084375 0.70125 0.085625
1 0.620625 0.1875 0.623125 0.189375 0.62375 0.19875 0.62 0.205625 0.615 0.205625 0.61125 0.20125 0.61375 0.19125 0.62 0.1875
1 0.56875 0.30625 0.575 0.310625 0.575 0.318125 0.55375 0.338125 0.55 0.338125 0.54625 0.33125 0.546875 0.32375 0.5575 0.308125 0.568125 0.30625
1 0.595 0.31375 0.595 0.306875 0.59875 0.3025 0.603125 0.30375 0.603125 0.3075 0.595625 0.31375
1 0.68625 0.140625 0.015 0.0175
1 0.675 0.141875 0.6775 0.149375 0.673125 0.155 0.66875 0.1525 0.668125 0.14625 0.67125 0.141875 0.674375 0.141875
1 0.204375 0.753125 0.045 0.0675
1 0.3975 0.578125 0.400625 0.583125 0.3975 0.600625 0.389375 0.6125 0.380625 0.618125 0.375625 0.6175 0.3725 0.613125 0.375625 0.59875 0.39 0.58 0.396875 0.578125
1 0.605625 0.234375 0.609375 0.2375 0.60875 0.241875 0.600625 0.248125 0.595 0.248125 0.591875 0.245 0.591875 0.24125 0.595625 0.236875 0.605 0.234375
1 0.62 0.27 0.623125 0.2725 0.6225 0.275625 0.61625 0.28125 0.6125 0.28 0.611875 0.274375 0.619375 0.27
1 0.71625 0.065625 0.723125 0.06875 0.725625 0.074375 0.72375 0.080625 0.718125 0.08375 0.708125 0.0825 0.703125 0.0775 0.7075 0.06625 0.715625 0.065625
1 0.784375 0 0.8175 0 0.800625 0.040625 0.786875 0.050625 0.78 0.05 0.769375 0.036875 0.769375 0.03125 0.775 0.01625 0.784375 0.000625
