3 0.419375 0.4675 0.3725 0.46875 0.369375 0.47 0.368125 0.473125 0.368125 0.484375 0.370625 0.4875 0.376875 0.49 0.40375 0.49375 0.418125 0.505 0.45125 0.505 0.464375 0.498125 0.4875 0.495 0.4925 0.49125 0.491875 0.48625 0.484375 0.480625 0.48 0.480625 0.48 0.476875 0.484375 0.47375 0.48 0.47125 0.456875 0.468125 0.4225 0.4675
3 0.689166875 0.464375 0.655625 0.466875 0.65 0.47 0.648125 0.476875 0.664375 0.479375 0.674375 0.484375 0.69125 0.486875 0.70875 0.48625 0.724375 0.480625 0.724375 0.47375 0.720625 0.469375 0.711875 0.46625 0.6925 0.464375
3 0.72375 0.505 0.709375 0.505625 0.70625 0.508125 0.706875 0.515625 0.710625 0.519375 0.7175 0.520625 0.758125 0.51875 0.761875 0.515625 0.755 0.50875 0.745 0.505625 0.72625 0.505
3 0.939895625 0.48 0.919375 0.480625 0.8975 0.48875 0.816875 0.488125 0.8025 0.490625 0.799375 0.495 0.80125 0.4975 0.8175 0.5 0.838125 0.50875 0.855 0.511875 0.859375 0.510625 0.8625 0.51375 0.866875 0.51125 0.868125 0.51375 0.879375 0.5175 0.895 0.515 0.89375 0.513125 0.885625 0.5125 0.886875 0.510625 0.936875 0.510625 0.938125 0.51375 0.931875 0.515 0.93375 0.515625 0.938125 0.515 0.94125 0.510625 0.966875 0.510625 0.970625 0.509375 0.984375 0.495625 0.98375 0.49375 0.958125 0.489375 0.943125 0.48
3 0.2946875 0.413125 0.244375 0.414375 0.233125 0.416875 0.230625 0.421875 0.2475 0.424375 0.26125 0.43 0.304375 0.431875 0.328125 0.42625 0.3425 0.425 0.350625 0.42125 0.346875 0.41625 0.34125 0.41375 0.298125 0.413125
3 0.179375 0.42625 0.1575 0.4275 0.150625 0.431875 0.158125 0.43625 0.19125 0.43625 0.19625 0.435 0.199375 0.431875 0.194375 0.428125 0.183125 0.42625
3 0.838125 0.42625 0.785 0.4275 0.78375 0.431875 0.811875 0.435625 0.875 0.4375 0.913125 0.43625 0.923125 0.4325 0.921875 0.429375 0.918125 0.428125 0.83875 0.426875
3 0.426375 0.39625 0.409375 0.3975 0.42 0.4075 0.433125 0.41125 0.49 0.4125 0.503125 0.41125 0.51 0.408125 0.50375 0.40375 0.493125 0.400625 0.43 0.39625
3 0.320625 0.389375 0.294375 0.3925 0.29 0.39375 0.2875 0.3975 0.3 0.4025 0.359375 0.403125 0.37875 0.400625 0.3775 0.395625 0.369375 0.393125 0.35875 0.39125 0.3375 0.391875 0.32375 0.389375
3 0.14875 0.455625 0.12 0.456875 0.110625 0.459375 0.1075 0.463125 0.09875 0.463125 0.098125 0.46625 0.1025 0.4675 0.105625 0.46375 0.109375 0.46875 0.115 0.470625 0.145625 0.470625 0.161875 0.47375 0.1675 0.47125 0.195625 0.46875 0.2125 0.463125 0.208125 0.45875 0.2025 0.4575 0.195 0.456875 0.18375 0.460625 0.171875 0.45625 0.153125 0.455625
3 0.41 0.505625 0.38875 0.506875 0.37875 0.511875 0.378125 0.515625 0.39 0.519375 0.405 0.519375 0.420625 0.515625 0.425 0.511875 0.4225 0.508125 0.413125 0.505625
3 0.520833125 0.520625 0.50125 0.523125 0.493125 0.525625 0.49125 0.529375 0.506875 0.533125 0.524375 0.533125 0.545 0.52875 0.545 0.525 0.540625 0.5225 0.524375 0.520625
3 0.534166875 0.4975 0.52125 0.49875 0.51625 0.50125 0.520625 0.505 0.528125 0.505625 0.546875 0.501875 0.5375 0.4975
3 0.521875 0.48625 0.51125 0.4875 0.51 0.49125 0.51875 0.493125 0.533125 0.4875 0.523125 0.48625
3 0.54125 0.449375 0.53375 0.449375 0.526875 0.4525 0.5325 0.455 0.549375 0.455 0.556875 0.453125 0.545 0.449375
3 0.560625 0.415 0.551875 0.418125 0.5575 0.421875 0.574375 0.420625 0.575 0.418125 0.564375 0.415
3 0.7429168749999999 0.44125 0.7325 0.441875 0.725 0.446875 0.72875 0.449375 0.7375 0.450625 0.769375 0.449375 0.769375 0.445625 0.76625 0.444375 0.74625 0.44125
3 0.96 0.445625 0.94 0.449375 0.949375 0.45375 0.999375 0.45375 0.999375 0.448125 0.996875 0.4475 0.960625 0.44625
3 0.05875 0.50625 0.04375 0.5075 0.04125 0.509375 0.04625 0.513125 0.055625 0.514375 0.071875 0.511875 0.071875 0.508125 0.060625 0.50625
3 0.014375 0.473125 0.00875 0.47375 0.003125 0.4775 0.01375 0.48 0.02 0.48 0.024375 0.4775 0.01625 0.473125
3 0.05 0.419375 0.04 0.42125 0.04 0.425 0.055625 0.425 0.05875 0.4225 0.053125 0.419375
3 0.12125 0.39375 0.09875 0.394375 0.075 0.398125 0.07 0.40125 0.07375 0.40375 0.106875 0.40625 0.141875 0.40375 0.148125 0.400625 0.124375 0.39375
3 0.93375 0.479375 0.915625 0.48125 0.898125 0.48875 0.89375 0.4875 0.883125 0.489375 0.88 0.4875 0.87125 0.4875 0.861875 0.489375 0.83125 0.4875 0.805625 0.490625 0.79875 0.498125 0.818125 0.49875 0.82375 0.501875 0.829375 0.500625 0.826875 0.505 0.836875 0.508125 0.835 0.510625 0.82 0.511875 0.8225 0.515 0.815 0.518125 0.806875 0.516875 0.805625 0.515 0.8075 0.511875 0.78875 0.51 0.779375 0.505 0.765 0.50375 0.755625 0.500625 0.746875 0.5 0.744375 0.5025 0.740625 0.499375 0.73125 0.503125 0.69625 0.501875 0.685 0.50375 0.6775 0.50875 0.6775 0.515625 0.68 0.521875 0.685625 0.52625 0.69875 0.529375 0.850625 0.529375 0.86375 0.52625 0.88375 0.52625 0.885625 0.525 0.881875 0.5225 0.89125 0.519375 0.8925 0.51625 0.89625 0.519375 0.905625 0.52125 0.915 0.518125 0.921875 0.52375 0.919375 0.520625 0.920625 0.5175 0.925 0.52 0.939375 0.51875 0.936875 0.515625 0.940625 0.514375 0.944375 0.516875 0.945 0.520625 0.949375 0.523125 0.9475 0.518125 0.9525 0.51375 0.95625 0.51625 0.959375 0.5125 0.9675 0.5125 0.970625 0.510625 0.97 0.5075 0.965625 0.51 0.96125 0.505625 0.965625 0.5 0.970625 0.50125 0.975 0.49875 0.976875 0.50125 0.978125 0.49875 0.98125 0.498125 0.9775 0.493125 0.97375 0.496875 0.97125 0.491875 0.953125 0.48875 0.945 0.480625 0.9375 0.479375
