3 0.493125 0.6328125 0.025 0.023125
3 0.06125 0.860625 0.0225 0.0225
3 0.24125 0.7428125 0.02375 0.023125
3 0.2921875 0.719375 0.014375 0.01625
3 0.375625 0.6665625 0.0125 0.013125
3 0.1928125 0.794375 0.039375 0.05625
3 0.2571875 0.7809375 0.015625 0.013125
3 0.68875 0.53375 0.01875 0.01375
3 0.1628125 0.7971875 0.016875 0.015625
3 0.7371875 0.4890625 0.019375 0.014375
3 0.0340625 0.9240625 0.014375 0.011875
3 0.291875 0.7553125 0.0125 0.011875
3 0.720625 0.4571875 0.02 0.019375
3 0.873125 0.37125 0.873125 0.37625 0.87625 0.3775 0.885625 0.3725 0.885 0.36875 0.88125 0.366875
3 0.824375 0.434375 0.824375 0.44 0.833125 0.43875 0.83125 0.4325
3 0.823125 0.4225 0.824375 0.426875 0.829375 0.425 0.828125 0.42125
3 0.175625 0.7725 0.175 0.783125 0.1775 0.791875 0.1875 0.801875 0.18875 0.809375 0.185625 0.814375 0.189375 0.820625 0.19625 0.820625 0.2025 0.815625 0.20625 0.806875 0.205625 0.800625 0.210625 0.793125 0.205 0.79 0.18875 0.76625 0.18125 0.766875
3 0.039375 0.88375 0.0375 0.89125 0.040625 0.89375 0.0475 0.8925 0.05125 0.8875 0.05 0.881875 0.043125 0.88125
3 0.08125 0.83125 0.08125 0.8375 0.088125 0.835 0.088125 0.82875
