4 0.38934426229508196 0.05048076923076923 0.05635245901639344 0.08173076923076923
4 0.39190573770491804 0.15060096153846153 0.06147540983606557 0.10649038461538461
4 0.48719262295081966 0.10492788461538462 0.08299180327868852 0.1954326923076923
4 0.4082991803278688 0.26971153846153845 0.05942622950819672 0.09711538461538462
4 0.5038422131147541 0.27896634615384613 0.05993852459016393 0.11802884615384615
4 0.4264856557377049 0.40192307692307694 0.08965163934426229 0.15721153846153846
4 0.5135758196721312 0.40853365384615387 0.060450819672131145 0.10552884615384615
4 0.4613217213114754 0.5641826923076924 0.061987704918032786 0.11875
4 0.48514344262295084 0.7052884615384616 0.04815573770491803 0.15336538461538463
4 0.5207479508196722 0.5469951923076923 0.04456967213114754 0.09639423076923077
4 0.5158811475409836 0.8954326923076923 0.0584016393442623 0.2091346153846154
4 0.5473872950819673 0.7200721153846154 0.04252049180327869 0.04591346153846154
