4 0.5399590163934426 0.7783653846153846 0.5491803278688525 0.8026442307692307 0.5471311475409836 0.8399038461538462 0.5430327868852459 0.8447115384615385 0.5394467213114754 0.8447115384615385 0.5379098360655737 0.8420673076923076 0.5358606557377049 0.8100961538461539 0.5399590163934426 0.7786057692307692
4 0.5804303278688525 0.6435096153846154 0.5840163934426229 0.6528846153846154 0.5886270491803278 0.6538461538461539 0.5881147540983607 0.6591346153846154 0.5814549180327869 0.6896634615384616 0.5706967213114754 0.7014423076923076 0.5676229508196722 0.6954326923076923 0.5701844262295082 0.6596153846153846 0.5737704918032787 0.6466346153846154 0.5799180327868853 0.6435096153846154
4 0.5604508196721312 0.4408653846153846 0.5660860655737705 0.4514423076923077 0.5712090163934426 0.45360576923076923 0.5732581967213115 0.4634615384615385 0.5727459016393442 0.5002403846153847 0.5681352459016393 0.5235576923076923 0.5599385245901639 0.5021634615384616 0.5548155737704918 0.47091346153846153 0.5599385245901639 0.4411057692307692
4 0.5220286885245902 0.9197115384615384 0.5189549180327869 0.9132211538461539 0.5256147540983607 0.8689903846153846 0.5297131147540983 0.86875 0.5307377049180327 0.8742788461538461 0.5225409836065574 0.9194711538461539
4 0.5676229508196722 0.578125 0.5717213114754098 0.5814903846153846 0.5717213114754098 0.6026442307692308 0.5640368852459017 0.6439903846153846 0.5604508196721312 0.6451923076923077 0.5594262295081968 0.64375 0.5558401639344263 0.6204326923076923 0.5589139344262295 0.5913461538461539 0.5671106557377049 0.5783653846153847
4 0.5220286885245902 0.6442307692307693 0.5215163934426229 0.6944711538461539 0.5148565573770492 0.6935096153846154 0.5128073770491803 0.6858173076923076 0.5174180327868853 0.65 0.5215163934426229 0.6444711538461538
4 0.5051229508196722 0.6947115384615384 0.5076844262295082 0.7286057692307693 0.5046106557377049 0.7567307692307692 0.5010245901639344 0.7572115384615384 0.4994877049180328 0.7427884615384616 0.5046106557377049 0.6949519230769231
4 0.4769467213114754 0.38100961538461536 0.48206967213114754 0.3918269230769231 0.48104508196721313 0.4064903846153846 0.4774590163934426 0.40697115384615384 0.4738729508196721 0.40384615384615385 0.4733606557377049 0.38629807692307694 0.4769467213114754 0.38125
4 0.5532786885245902 0.5443509615384615 0.02971311475409836 0.057451923076923074
4 0.5893954918032787 0.540625 0.038422131147540985 0.06274038461538461
4 0.46593237704918034 0.2685096153846154 0.025614754098360656 0.05384615384615385
4 0.5207479508196722 0.278125 0.009221311475409836 0.04639423076923077
4 0.5461065573770492 0.2943509615384615 0.016905737704918034 0.052403846153846155
4 0.4672131147540984 0.08185096153846154 0.033299180327868855 0.06538461538461539
4 0.501280737704918 0.07560096153846153 0.03432377049180328 0.05600961538461539
4 0.46542008196721313 0.15913461538461537 0.027151639344262294 0.052884615384615384
4 0.5350922131147541 0.16454326923076923 0.02817622950819672 0.036057692307692304
4 0.5527663934426229 0.23052884615384617 0.038422131147540985 0.04375
4 0.5105020491803278 0.40252403846153845 0.006147540983606557 0.03341346153846154
4 0.4641393442622951 0.5073317307692308 0.01485655737704918 0.04495192307692308
4 0.5363729508196722 0.6526442307692307 0.01331967213114754 0.025961538461538463
4 0.554047131147541 0.6841346153846154 0.020491803278688523 0.03918269230769231
4 0.5617315573770492 0.7418269230769231 0.022028688524590164 0.05961538461538462
4 0.5732581967213115 0.8075721153846154 0.014344262295081968 0.053125
4 0.5020491803278688 0.8717548076923077 0.0235655737704918 0.07475961538461538
4 0.5525102459016393 0.8926682692307693 0.030737704918032786 0.06923076923076923
4 0.49077868852459017 0.9567307692307693 0.011270491803278689 0.07572115384615384
4 0.5028176229508197 0.8076923076923077 0.024077868852459015 0.03245192307692308
4 0.48360655737704916 0.9085336538461538 0.016905737704918034 0.03485576923076923
