4 0.5076844262295082 0.4550480769230769 0.5035860655737705 0.459375 0.5020491803278688 0.4740384615384615 0.4979508196721312 0.47283653846153845 0.4953893442622951 0.47596153846153844 0.49385245901639346 0.47620192307692305 0.49077868852459017 0.4723557692307692 0.48975409836065575 0.47668269230769234 0.48770491803278687 0.47692307692307695 0.4887295081967213 0.4774038461538462 0.49077868852459017 0.47668269230769234 0.4959016393442623 0.47860576923076925 0.4989754098360656 0.48389423076923077 0.4989754098360656 0.5057692307692307 0.4984631147540984 0.5127403846153846 0.4948770491803279 0.51875 0.4959016393442623 0.5237980769230769 0.492827868852459 0.526201923076923 0.48770491803278687 0.5271634615384615 0.48463114754098363 0.5293269230769231 0.48514344262295084 0.5401442307692308 0.48309426229508196 0.5490384615384616 0.48463114754098363 0.5538461538461539 0.4805327868852459 0.5555288461538461 0.4769467213114754 0.5536057692307692 0.4769467213114754 0.5502403846153846 0.47540983606557374 0.5514423076923077 0.4733606557377049 0.5514423076923077 0.4702868852459016 0.540625 0.4682377049180328 0.5463942307692308 0.46875 0.5538461538461539 0.4702868852459016 0.557451923076923 0.47438524590163933 0.5560096153846154 0.47438524590163933 0.557451923076923 0.4718237704918033 0.5581730769230769 0.4718237704918033 0.5617788461538461 0.475922131147541 0.5634615384615385 0.475922131147541 0.5646634615384616 0.4723360655737705 0.5658653846153846 0.4718237704918033 0.567548076923077 0.4672131147540984 0.5709134615384616 0.4672131147540984 0.5860576923076923 0.4641393442622951 0.5838942307692307 0.46209016393442626 0.584375 0.4600409836065574 0.5870192307692308 0.45850409836065575 0.5867788461538461 0.4574795081967213 0.5846153846153846 0.45543032786885246 0.5848557692307692 0.45645491803278687 0.5932692307692308 0.45952868852459017 0.5894230769230769 0.46311475409836067 0.5927884615384615 0.4667008196721312 0.5896634615384615 0.4682377049180328 0.5913461538461539 0.4682377049180328 0.6057692307692307 0.4656762295081967 0.6112980769230769 0.46311475409836067 0.6127403846153846 0.4641393442622951 0.6305288461538462 0.46260245901639346 0.6358173076923077 0.46311475409836067 0.6418269230769231 0.4677254098360656 0.6463942307692307 0.4677254098360656 0.6490384615384616 0.461577868852459 0.6538461538461539 0.45952868852459017 0.6579326923076924 0.4605532786885246 0.6622596153846154 0.45850409836065575 0.6663461538461538 0.45594262295081966 0.6680288461538462 0.45286885245901637 0.6841346153846154 0.45440573770491804 0.6915865384615385 0.45286885245901637 0.6927884615384615 0.4569672131147541 0.6913461538461538 0.45850409836065575 0.6810096153846154 0.46311475409836067 0.6776442307692307 0.4641393442622951 0.6790865384615384 0.46260245901639346 0.6800480769230769 0.46260245901639346 0.6836538461538462 0.4641393442622951 0.6855769230769231 0.46209016393442626 0.6920673076923077 0.46260245901639346 0.696875 0.4667008196721312 0.7033653846153847 0.4605532786885246 0.7110576923076923 0.45901639344262296 0.7110576923076923 0.4569672131147541 0.7088942307692307 0.45440573770491804 0.7098557692307692 0.45081967213114754 0.7199519230769231 0.4451844262295082 0.7271634615384616 0.44825819672131145 0.7360576923076924 0.44774590163934425 0.7447115384615385 0.4451844262295082 0.7487980769230769 0.44774590163934425 0.7509615384615385 0.4487704918032787 0.7543269230769231 0.45030737704918034 0.7612980769230769 0.4492827868852459 0.7661057692307692 0.45133196721311475 0.7670673076923077 0.45440573770491804 0.771875 0.45338114754098363 0.7802884615384615 0.45184426229508196 0.7810096153846153 0.45338114754098363 0.7867788461538462 0.45133196721311475 0.7903846153846154 0.44774590163934425 0.7930288461538462 0.4456967213114754 0.8108173076923076 0.4421106557377049 0.8173076923076923 0.4426229508196721 0.8247596153846154 0.4410860655737705 0.8307692307692308 0.4375 0.8348557692307692 0.4385245901639344 0.8389423076923077 0.4364754098360656 0.8483173076923077 0.4375 0.8524038461538461 0.4349385245901639 0.8557692307692307 0.4359631147540984 0.8596153846153847 0.4339139344262295 0.8620192307692308 0.4323770491803279 0.8697115384615385 0.43084016393442626 0.8675480769230769 0.42827868852459017 0.8668269230769231 0.4262295081967213 0.8730769230769231 0.42827868852459017 0.8786057692307693 0.430327868852459 0.8802884615384615 0.42725409836065575 0.8817307692307692 0.4257172131147541 0.8882211538461539 0.42008196721311475 0.8903846153846153 0.42264344262295084 0.8932692307692308 0.42264344262295084 0.8944711538461538 0.41905737704918034 0.896875 0.42059426229508196 0.9052884615384615 0.4262295081967213 0.9100961538461538 0.4262295081967213 0.9132211538461539 0.42520491803278687 0.9137019230769231 0.42366803278688525 0.9129807692307692 0.42213114754098363 0.9100961538461538 0.4144467213114754 0.9105769230769231 0.4144467213114754 0.9122596153846154 0.41854508196721313 0.9137019230769231 0.42008196721311475 0.9192307692307692 0.42264344262295084 0.9213942307692308 0.42110655737704916 0.9240384615384616 0.42264344262295084 0.9286057692307692 0.41956967213114754 0.932451923076923 0.42366803278688525 0.9346153846153846 0.4262295081967213 0.9377403846153847 0.4257172131147541 0.9411057692307693 0.42315573770491804 0.9408653846153846 0.42161885245901637 0.9382211538461539 0.42110655737704916 0.9413461538461538 0.42213114754098363 0.9432692307692307 0.42520491803278687 0.9435096153846154 0.42674180327868855 0.9447115384615384 0.42725409836065575 0.9478365384615385 0.4293032786885246 0.9492788461538462 0.42725409836065575 0.9507211538461539 0.42725409836065575 0.9543269230769231 0.4293032786885246 0.9564903846153846 0.4262295081967213 0.9584134615384615 0.4257172131147541 0.9605769230769231 0.42469262295081966 0.9608173076923077 0.42213114754098363 0.9588942307692307 0.42008196721311475 0.9596153846153846 0.42008196721311475 0.9608173076923077 0.42366803278688525 0.9622596153846154 0.42674180327868855 0.9663461538461539 0.4262295081967213 0.9694711538461539 0.42469262295081966 0.9704326923076924 0.4262295081967213 0.971875 0.42520491803278687 0.9774038461538461 0.42674180327868855 0.9788461538461538 0.42520491803278687 0.9889423076923077 0.42315573770491804 0.9855769230769231 0.41956967213114754 0.984375 0.41956967213114754 0.9831730769230769 0.42213114754098363 0.9817307692307692 0.42213114754098363 0.9800480769230769 0.41956967213114754 0.9783653846153846 0.41956967213114754 0.9764423076923077 0.42315573770491804 0.9747596153846154 0.42213114754098363 0.9716346153846154 0.42008196721311475 0.9721153846153846 0.41956967213114754 0.9747596153846154 0.4175204918032787 0.9759615384615384 0.41956967213114754 0.98125 0.4180327868852459 0.9824519230769231 0.41700819672131145 0.9923076923076923 0.42366803278688525 0.9959134615384615 0.42366803278688525 0.9997596153846153 0.4426229508196721 0.9997596153846153 0.4462090163934426 0.9776442307692308 0.4462090163934426 0.9663461538461539 0.4492827868852459 0.9545673076923077 0.4487704918032787 0.9492788461538462 0.45081967213114754 0.9459134615384616 0.45030737704918034 0.9411057692307693 0.45645491803278687 0.928125 0.47797131147540983 0.8617788461538461 0.48770491803278687 0.8168269230769231 0.492827868852459 0.7694711538461538 0.5015368852459017 0.7185096153846153 0.5020491803278688 0.7028846153846153 0.5051229508196722 0.6848557692307692 0.5051229508196722 0.6569711538461539 0.5081967213114754 0.6271634615384616 0.5092213114754098 0.5764423076923076 0.5107581967213115 0.5661057692307693 0.5102459016393442 0.4889423076923077 0.5117827868852459 0.45913461538461536 0.5087090163934426 0.4550480769230769
4 0.4848872950819672 0.4403846153846154 0.021004098360655737 0.052403846153846155
4 0.4369877049180328 0.4550480769230769 0.009221311475409836 0.046634615384615385
4 0.4328893442622951 0.5118990384615385 0.005122950819672131 0.03389423076923077
4 0.47156762295081966 0.5292067307692307 0.013831967213114754 0.04495192307692308
4 0.4879610655737705 0.35096153846153844 0.01485655737704918 0.052403846153846155
4 0.5007684426229508 0.29591346153846154 0.010758196721311475 0.051923076923076926
4 0.5194672131147541 0.290625 0.012295081967213115 0.020192307692307693
4 0.5158811475409836 0.24194711538461539 0.017418032786885244 0.042548076923076925
4 0.4994877049180328 0.15721153846153846 0.01331967213114754 0.047596153846153844
4 0.48719262295081966 0.1734375 0.015368852459016393 0.02860576923076923
4 0.4769467213114754 0.4020432692307692 0.014344262295081968 0.02860576923076923
4 0.41700819672131145 0.7108173076923077 0.015368852459016393 0.07067307692307692
4 0.41547131147540983 0.7855769230769231 0.022540983606557378 0.08701923076923077
4 0.4141905737704918 0.9070913461538461 0.02920081967213115 0.16274038461538462
4 0.4492827868852459 0.6973557692307693 0.01639344262295082 0.06057692307692308
4 0.4344262295081967 0.5748798076923077 0.01331967213114754 0.027644230769230768
4 0.42161885245901637 0.6180288461538461 0.014344262295081968 0.06394230769230769
4 0.5074282786885246 0.3939903846153846 0.021004098360655737 0.04903846153846154
