3 0.45375 0.54625 0.105 0.08625
3 0.4253125 0.2403125 0.095625 0.128125
3 0.481875 0.3759375 0.065 0.051875
3 0.6834375 0.5265625 0.051875 0.076875
3 0.370625 0.315625 0.08 0.1325
3 0.6290625 0.6403125 0.048125 0.079375
3 0.55125 0.328125 0.550625 0.338125 0.55625 0.34875 0.565 0.35 0.574375 0.345625 0.575 0.334375 0.568125 0.32375 0.556875 0.32
3 0.5425 0.169375 0.54125 0.175 0.545625 0.20375 0.549375 0.206875 0.556875 0.205625 0.563125 0.1925 0.560625 0.17125 0.556875 0.168125
3 0.586875 0.2375 0.5975 0.305 0.603125 0.310625 0.61375 0.31125 0.615 0.301875 0.610625 0.2609375 0.6125 0.234375 0.608125 0.219375 0.60625 0.2175 0.59875 0.218125
3 0.62 0.3175 0.61875 0.345625 0.6225 0.371875 0.635625 0.386875 0.644375 0.38875 0.646875 0.386875 0.644375 0.37375 0.6375 0.363125 0.634375 0.349375 0.63375 0.31 0.62375 0.3125
3 0.326875 0.47625 0.3275 0.4975 0.330625 0.503125 0.335 0.505 0.35 0.494375 0.3525 0.490625 0.351875 0.480625 0.345 0.471875 0.33125 0.47
3 0.358125 0.563125 0.358125 0.570625 0.361875 0.57625 0.36625 0.580625 0.3725 0.581875 0.39375 0.573125 0.398125 0.5675 0.39875 0.558125 0.391875 0.55 0.376875 0.548125 0.366875 0.55125
3 0.515 0.69125 0.520625 0.755 0.525 0.756875 0.53 0.755 0.535 0.74875 0.5325 0.733125 0.533125 0.71 0.52875 0.6925 0.525625 0.69
3 0.590625 0.710625 0.59 0.72375 0.601875 0.73125 0.610625 0.7275 0.614375 0.721875 0.615625 0.70875 0.61375 0.704375 0.6075 0.7 0.600625 0.699375 0.594375 0.701875
3 0.495625 0.713125 0.493125 0.728125 0.4975 0.751875 0.504375 0.76375 0.511875 0.76625 0.519375 0.751875 0.516875 0.711875 0.5125 0.70375 0.508125 0.701875
3 0.511875 0.645 0.51125 0.654375 0.515625 0.68125 0.5125 0.696875 0.518125 0.726875 0.516875 0.745625 0.520625 0.758125 0.525625 0.759375 0.535625 0.74875 0.53 0.68 0.53125 0.66875 0.525 0.641875 0.515 0.63875
3 0.53875 0.46625 0.539375 0.478125 0.543125 0.48 0.548125 0.478125 0.550625 0.47375 0.549375 0.466875 0.54375 0.4625
3 0.396875 0.474375 0.39625 0.480625 0.4025 0.488125 0.415 0.488125 0.419375 0.483125 0.42 0.47625 0.41125 0.463125 0.404375 0.465
3 0.43375 0.484375 0.4325 0.488125 0.435 0.4925 0.441875 0.495 0.44625 0.49375 0.451875 0.484375 0.451875 0.4775 0.448125 0.475 0.443125 0.475625
3 0.683125 0.7375 0.68375 0.7775 0.685 0.7825 0.689375 0.783125 0.69625 0.77625 0.701875 0.74625 0.695625 0.735625 0.686875 0.734375
3 0.623125 0.795 0.6225 0.80125 0.62625 0.804375 0.63 0.805 0.635625 0.8 0.633125 0.7925 0.6275 0.791875
3 0.379375 0.786875 0.38 0.799375 0.38375 0.80375 0.3875 0.80375 0.39375 0.795625 0.3925 0.78625 0.38875 0.7825 0.38375 0.7825
3 0.471875 0.818125 0.47125 0.82125 0.476875 0.82625 0.481875 0.825625 0.485 0.821875 0.484375 0.8175 0.480625 0.815625 0.47625 0.815
3 0.629375 0.4525 0.63 0.460625 0.64 0.468125 0.64375 0.4675 0.649375 0.459375 0.646875 0.451875 0.640625 0.446875 0.63625 0.446875
3 0.656875 0.444375 0.6575 0.45625 0.664375 0.46 0.6675 0.45625 0.668125 0.448125 0.664375 0.44375
