4 0.5017930327868853 0.5134615384615384 0.02817622950819672 0.06826923076923076
4 0.42725409836065575 0.6245192307692308 0.022540983606557378 0.07475961538461538
4 0.4462090163934426 0.6485576923076923 0.45081967213114754 0.6701923076923076 0.45030737704918034 0.6834134615384615 0.4462090163934426 0.6870192307692308 0.4421106557377049 0.6699519230769231 0.4421106557377049 0.6526442307692307 0.4456967213114754 0.6485576923076923
4 0.5373975409836066 0.8209134615384616 0.5409836065573771 0.823076923076923 0.5435450819672131 0.8338942307692307 0.5430327868852459 0.8668269230769231 0.538422131147541 0.8637019230769231 0.5353483606557377 0.8540865384615385 0.5327868852459017 0.8274038461538461 0.5368852459016393 0.8209134615384616
4 0.43186475409836067 0.9192307692307692 0.4349385245901639 0.925 0.4462090163934426 0.9288461538461539 0.4451844262295082 0.9504807692307692 0.4323770491803279 0.9548076923076924 0.4287909836065574 0.932451923076923 0.43186475409836067 0.9194711538461539
4 0.4144467213114754 0.5911057692307692 0.42161885245901637 0.6242788461538461 0.42110655737704916 0.6334134615384616 0.4180327868852459 0.634375 0.4149590163934426 0.6278846153846154 0.4103483606557377 0.6033653846153846 0.4144467213114754 0.5913461538461539
4 0.5358606557377049 0.6420673076923077 0.5394467213114754 0.6449519230769231 0.5440573770491803 0.6622596153846154 0.5430327868852459 0.6740384615384616 0.5399590163934426 0.676923076923077 0.5373975409836066 0.6725961538461539 0.5327868852459017 0.6480769230769231 0.5358606557377049 0.6423076923076924
4 0.5225409836065574 0.8536057692307693 0.5297131147540983 0.8658653846153846 0.5327868852459017 0.8959134615384615 0.5286885245901639 0.8942307692307693 0.5220286885245902 0.8771634615384616 0.5220286885245902 0.8538461538461538
4 0.5292008196721312 0.4516826923076923 0.5404713114754098 0.4670673076923077 0.545594262295082 0.510576923076923 0.5373975409836066 0.5240384615384616 0.5322745901639344 0.5223557692307692 0.5276639344262295 0.471875 0.5292008196721312 0.4519230769230769
4 0.5394467213114754 0.35889423076923077 0.5502049180327869 0.39639423076923075 0.5496926229508197 0.4288461538461538 0.5466188524590164 0.4307692307692308 0.5450819672131147 0.428125 0.5373975409836066 0.3939903846153846 0.5394467213114754 0.3591346153846154
4 0.42161885245901637 0.7555288461538462 0.42725409836065575 0.7685096153846154 0.42520491803278687 0.7790865384615384 0.42161885245901637 0.778125 0.4175204918032787 0.7689903846153846 0.4175204918032787 0.7586538461538461 0.42110655737704916 0.7557692307692307
4 0.5046106557377049 0.24110576923076923 0.5097336065573771 0.25432692307692306 0.5087090163934426 0.2704326923076923 0.5051229508196722 0.27115384615384613 0.5015368852459017 0.26875 0.5010245901639344 0.2512019230769231 0.5046106557377049 0.24134615384615385
4 0.5466188524590164 0.3228365384615385 0.5502049180327869 0.3233173076923077 0.5512295081967213 0.3375 0.5512295081967213 0.35504807692307694 0.5502049180327869 0.35721153846153847 0.548155737704918 0.3543269230769231 0.5466188524590164 0.3230769230769231
4 0.5363729508196722 0.9862980769230769 0.5256147540983607 0.9379807692307692 0.5261270491803278 0.9247596153846154 0.5297131147540983 0.9240384615384616 0.5348360655737705 0.932451923076923 0.5430327868852459 0.9661057692307692 0.5435450819672131 0.9757211538461539 0.5368852459016393 0.9860576923076924
4 0.5081967213114754 0.5673076923076923 0.5158811475409836 0.5814903846153846 0.5261270491803278 0.6173076923076923 0.5286885245901639 0.6528846153846154 0.5271516393442623 0.6550480769230769 0.5245901639344263 0.6540865384615384 0.516905737704918 0.6375 0.5046106557377049 0.6237980769230769 0.5035860655737705 0.5911057692307692 0.5081967213114754 0.567548076923077
4 0.5271516393442623 0 0.5317622950819673 0 0.5322745901639344 0.016346153846153847 0.5322745901639344 0.03701923076923077 0.5286885245901639 0.04110576923076923 0.5271516393442623 0.0002403846153846154
4 0.4180327868852459 0.13485576923076922 0.42110655737704916 0.146875 0.4180327868852459 0.16826923076923078 0.4144467213114754 0.16610576923076922 0.41290983606557374 0.1576923076923077 0.4139344262295082 0.13990384615384616 0.4175204918032787 0.13509615384615384
4 0.4984631147540984 0.48028846153846155 0.5015368852459017 0.4795673076923077 0.5025614754098361 0.48173076923076924 0.5056352459016393 0.5048076923076923 0.5081967213114754 0.50625 0.5122950819672131 0.5033653846153846 0.5153688524590164 0.5057692307692307 0.5174180327868853 0.5350961538461538 0.5163934426229508 0.5435096153846154 0.5061475409836066 0.5447115384615384 0.5015368852459017 0.5487980769230769 0.4979508196721312 0.5449519230769231 0.49334016393442626 0.49447115384615387 0.4984631147540984 0.48052884615384617
4 0.5502049180327869 0.6834134615384615 0.5537909836065574 0.6862980769230769 0.5578893442622951 0.7098557692307692 0.5573770491803278 0.7257211538461539 0.5537909836065574 0.7276442307692308 0.5522540983606558 0.7245192307692307 0.5486680327868853 0.7033653846153847 0.5502049180327869 0.6836538461538462
4 0.5015368852459017 0.4074519230769231 0.5051229508196722 0.4168269230769231 0.5035860655737705 0.4346153846153846 0.5015368852459017 0.43533653846153847 0.4994877049180328 0.4329326923076923 0.4979508196721312 0.42596153846153845 0.5010245901639344 0.4076923076923077
4 0.43186475409836067 0.71875 0.4364754098360656 0.7372596153846154 0.4354508196721312 0.7639423076923076 0.43186475409836067 0.7629807692307692 0.42776639344262296 0.7463942307692307 0.42776639344262296 0.7230769230769231 0.43135245901639346 0.71875
4 0.48668032786885246 0.2566105769230769 0.011270491803278689 0.017548076923076923
4 0.5292008196721312 0.5663461538461538 0.5251024590163934 0.5620192307692308 0.5210040983606558 0.5425480769230769 0.5179303278688525 0.4858173076923077 0.5184426229508197 0.47139423076923076 0.5215163934426229 0.46826923076923077 0.5327868852459017 0.5394230769230769 0.5327868852459017 0.5610576923076923 0.5297131147540983 0.5661057692307693
4 0.5256147540983607 0.43509615384615385 0.5256147540983607 0.4543269230769231 0.5204918032786885 0.4466346153846154 0.5215163934426229 0.4358173076923077 0.5251024590163934 0.43509615384615385
4 0.35911885245901637 0.12788461538461537 0.36424180327868855 0.13317307692307692 0.36424180327868855 0.14759615384615385 0.36270491803278687 0.15 0.35860655737704916 0.15 0.35655737704918034 0.13413461538461538 0.35911885245901637 0.128125
4 0.4077868852459016 0.7701923076923077 0.42161885245901637 0.8259615384615384 0.4180327868852459 0.8372596153846154 0.4077868852459016 0.8149038461538461 0.4021516393442623 0.7793269230769231 0.4077868852459016 0.7704326923076923
4 0.3698770491803279 0.46322115384615387 0.3765368852459016 0.4735576923076923 0.38524590163934425 0.5036057692307693 0.38883196721311475 0.5370192307692307 0.41547131147540983 0.5918269230769231 0.4082991803278688 0.6096153846153847 0.4175204918032787 0.6336538461538461 0.4098360655737705 0.6509615384615385 0.4180327868852459 0.6600961538461538 0.41956967213114754 0.6754807692307693 0.41188524590163933 0.6701923076923076 0.4067622950819672 0.6745192307692308 0.4021516393442623 0.7055288461538461 0.4072745901639344 0.7408653846153846 0.41239754098360654 0.7514423076923077 0.4098360655737705 0.7625 0.41290983606557374 0.7911057692307693 0.42520491803278687 0.84375 0.42520491803278687 0.8459134615384616 0.42161885245901637 0.8451923076923077 0.41854508196721313 0.8471153846153846 0.4144467213114754 0.8360576923076923 0.39395491803278687 0.7483173076923076 0.36936475409836067 0.4908653846153846 0.3698770491803279 0.4634615384615385
4 0.4077868852459016 0.46826923076923077 0.4108606557377049 0.4685096153846154 0.41188524590163933 0.471875 0.41290983606557374 0.4997596153846154 0.41239754098360654 0.5225961538461539 0.4067622950819672 0.5223557692307692 0.4042008196721312 0.5096153846153846 0.4036885245901639 0.48365384615384616 0.4077868852459016 0.4685096153846154
4 0.5778688524590164 0.859375 0.5819672131147541 0.8661057692307692 0.5819672131147541 0.9105769230769231 0.5778688524590164 0.9141826923076923 0.5742827868852459 0.9086538461538461 0.5722336065573771 0.890625 0.5778688524590164 0.8596153846153847
4 0.42161885245901637 0.4653846153846154 0.4262295081967213 0.4752403846153846 0.42520491803278687 0.490625 0.42161885245901637 0.49158653846153844 0.41956967213114754 0.48822115384615383 0.42161885245901637 0.465625
4 0.5189549180327869 0.10552884615384615 0.5230532786885246 0.10793269230769231 0.5245901639344263 0.12524038461538461 0.5245901639344263 0.16826923076923078 0.5220286885245902 0.17115384615384616 0.5184426229508197 0.1639423076923077 0.5158811475409836 0.1449519230769231 0.5189549180327869 0.10576923076923077
4 0.36577868852459017 0.39831730769230766 0.3719262295081967 0.459375 0.36936475409836067 0.4653846153846154 0.36577868852459017 0.44927884615384617 0.36577868852459017 0.39855769230769234
4 0.5399590163934426 0.5088942307692308 0.5466188524590164 0.5108173076923077 0.545594262295082 0.5194711538461538 0.5486680327868853 0.5213942307692307 0.5537909836065574 0.520673076923077 0.5599385245901639 0.5139423076923076 0.5640368852459017 0.5139423076923076 0.5676229508196722 0.5185096153846154 0.5758196721311475 0.6163461538461539 0.5742827868852459 0.621875 0.5691598360655737 0.6230769230769231 0.5701844262295082 0.6365384615384615 0.5619877049180327 0.6661057692307693 0.5537909836065574 0.6661057692307693 0.5507172131147541 0.6596153846153846 0.5466188524590164 0.6596153846153846 0.5430327868852459 0.6567307692307692 0.5394467213114754 0.671875 0.538422131147541 0.6572115384615385 0.5297131147540983 0.6387019230769231 0.53125 0.5959134615384616 0.5245901639344263 0.5461538461538461 0.5286885245901639 0.5435096153846154 0.5271516393442623 0.5290865384615384 0.5389344262295082 0.5223557692307692 0.5394467213114754 0.5091346153846154
4 0.39344262295081966 0.6836538461538462 0.39959016393442626 0.6889423076923077 0.4026639344262295 0.6992788461538462 0.4042008196721312 0.7370192307692308 0.39344262295081966 0.7317307692307692 0.38985655737704916 0.7072115384615385 0.38985655737704916 0.6858173076923076 0.39293032786885246 0.6838942307692307
4 0.45286885245901637 0.9925480769230769 0.45491803278688525 0.9997596153846153 0.4492827868852459 0.9997596153846153 0.45235655737704916 0.9927884615384616
4 0.5537909836065574 0.9064903846153847 0.5630122950819673 0.9382211538461539 0.5681352459016393 0.9997596153846153 0.5563524590163934 0.9997596153846153 0.555327868852459 0.9959134615384615 0.5532786885245902 0.9067307692307692
4 0.39395491803278687 0.29591346153846154 0.3975409836065574 0.29759615384615384 0.40010245901639346 0.32259615384615387 0.3980532786885246 0.34807692307692306 0.39395491803278687 0.35 0.39241803278688525 0.3471153846153846 0.39036885245901637 0.3247596153846154 0.39395491803278687 0.29615384615384616
4 0.3765368852459016 0.09807692307692308 0.3801229508196721 0.10360576923076924 0.3831967213114754 0.18557692307692308 0.3780737704918033 0.23149038461538463 0.375 0.23389423076923077 0.3729508196721312 0.228125 0.3724385245901639 0.1329326923076923 0.3765368852459016 0.09831730769230769
4 0.5015368852459017 0.5487980769230769 0.4964139344262295 0.536298076923077 0.49334016393442626 0.4987980769230769 0.4979508196721312 0.4814903846153846 0.5015368852459017 0.4798076923076923 0.5030737704918032 0.48389423076923077 0.5056352459016393 0.5331730769230769 0.5015368852459017 0.5485576923076924
4 0.4667008196721312 0.22932692307692307 0.461577868852459 0.20096153846153847 0.46209016393442626 0.18870192307692307 0.4661885245901639 0.18509615384615385 0.4697745901639344 0.18870192307692307 0.4707991803278688 0.19903846153846153 0.4707991803278688 0.22572115384615385 0.4672131147540984 0.22932692307692307
4 0.4426229508196721 0.9274038461538462 0.4462090163934426 0.9288461538461539 0.44415983606557374 0.9502403846153846 0.4390368852459016 0.9509615384615384 0.4375 0.9492788461538462 0.4380122950819672 0.932451923076923 0.4421106557377049 0.9276442307692307
4 0.43186475409836067 0.6627403846153846 0.42776639344262296 0.6560096153846153 0.42418032786885246 0.6307692307692307 0.42725409836065575 0.6009615384615384 0.4328893442622951 0.6067307692307692 0.4359631147540984 0.6295673076923077 0.4323770491803279 0.6625
4 0.5327868852459017 0.3721153846153846 0.5373975409836066 0.3800480769230769 0.5363729508196722 0.3903846153846154 0.5327868852459017 0.3925480769230769 0.5286885245901639 0.38461538461538464 0.5286885245901639 0.3735576923076923 0.5322745901639344 0.3721153846153846
4 0.36834016393442626 0.19254807692307693 0.36936475409836067 0.19735576923076922 0.36834016393442626 0.19399038461538462 0.36475409836065575 0.19495192307692308 0.367827868852459 0.19951923076923078 0.35911885245901637 0.20072115384615385 0.35758196721311475 0.19903846153846153 0.35604508196721313 0.1778846153846154 0.35860655737704916 0.17668269230769232 0.36219262295081966 0.19254807692307693 0.367827868852459 0.19254807692307693
4 0.5399590163934426 0.1997596153846154 0.5286885245901639 0.09254807692307693 0.5286885245901639 0.0798076923076923 0.5327868852459017 0.07668269230769231 0.5358606557377049 0.09399038461538461 0.5399590163934426 0.19951923076923078
4 0.48770491803278687 0.7317307692307692 0.49436475409836067 0.7596153846153846 0.4912909836065574 0.771875 0.48565573770491804 0.7612980769230769 0.48770491803278687 0.7319711538461539
4 0.35911885245901637 0.22451923076923078 0.35911885245901637 0.27524038461538464 0.35604508196721313 0.23942307692307693 0.35860655737704916 0.2247596153846154
4 0.4042008196721312 0.22067307692307692 0.4088114754098361 0.22572115384615385 0.4098360655737705 0.24423076923076922 0.4082991803278688 0.28341346153846153 0.4052254098360656 0.2862980769230769 0.4031762295081967 0.284375 0.40061475409836067 0.23990384615384616 0.4042008196721312 0.22091346153846153
4 0.4600409836065574 0.4308894230769231 0.007172131147540984 0.011778846153846154
4 0.5747950819672131 0.6572115384615385 0.5778688524590164 0.6576923076923077 0.5799180327868853 0.6646634615384616 0.5819672131147541 0.6913461538461538 0.5814549180327869 0.6949519230769231 0.5778688524590164 0.6959134615384616 0.5712090163934426 0.6800480769230769 0.5747950819672131 0.6574519230769231
4 0.5189549180327869 0.6600961538461538 0.5245901639344263 0.6817307692307693 0.5256147540983607 0.7120192307692308 0.5215163934426229 0.7108173076923077 0.5179303278688525 0.6983173076923077 0.5158811475409836 0.6699519230769231 0.5184426229508197 0.6603365384615385
4 0.4979508196721312 0.10817307692307693 0.5005122950819673 0.12548076923076923 0.4979508196721312 0.13653846153846153 0.49385245901639346 0.12307692307692308 0.49436475409836067 0.10841346153846154 0.4974385245901639 0.10817307692307693
4 0.5051229508196722 0.321875 0.5097336065573771 0.32403846153846155 0.5133196721311475 0.3401442307692308 0.5148565573770492 0.3735576923076923 0.5122950819672131 0.3800480769230769 0.5076844262295082 0.3802884615384615 0.5046106557377049 0.3733173076923077 0.5020491803278688 0.3504807692307692 0.5046106557377049 0.32211538461538464
4 0.5706967213114754 0.721875 0.5742827868852459 0.7473557692307692 0.5742827868852459 0.8112980769230769 0.5712090163934426 0.8180288461538462 0.5635245901639344 0.8201923076923077 0.5568647540983607 0.828125 0.5507172131147541 0.7925480769230769 0.5548155737704918 0.7411057692307692 0.5568647540983607 0.7360576923076924 0.5609631147540983 0.7379807692307693 0.5645491803278688 0.7358173076923077 0.5706967213114754 0.7221153846153846
4 0.4979508196721312 0.6879807692307692 0.5025614754098361 0.690625 0.5061475409836066 0.7112980769230769 0.5040983606557377 0.721875 0.5010245901639344 0.7225961538461538 0.4979508196721312 0.7182692307692308 0.4979508196721312 0.6882211538461539
4 0.4667008196721312 0.7651442307692308 0.4605532786885246 0.7451923076923077 0.4636270491803279 0.7317307692307692 0.4672131147540984 0.7326923076923076 0.4697745901639344 0.74375 0.4702868852459016 0.7622596153846154 0.4672131147540984 0.7651442307692308
4 0.4287909836065574 0.1076923076923077 0.42520491803278687 0.09831730769230769 0.42725409836065575 0.06971153846153846 0.43186475409836067 0.07091346153846154 0.4344262295081967 0.0829326923076923 0.4293032786885246 0.10745192307692308
4 0.4456967213114754 0.36177884615384615 0.44979508196721313 0.36706730769230766 0.4492827868852459 0.3800480769230769 0.4456967213114754 0.3802884615384615 0.44364754098360654 0.3766826923076923 0.4451844262295082 0.36201923076923076
4 0.48411885245901637 0.5189903846153846 0.48770491803278687 0.5225961538461539 0.4918032786885246 0.5454326923076923 0.4912909836065574 0.5605769230769231 0.48770491803278687 0.5617788461538461 0.48463114754098363 0.5576923076923077 0.48411885245901637 0.5192307692307693
4 0.5389344262295082 0.3574519230769231 0.5445696721311475 0.36514423076923075 0.5507172131147541 0.39471153846153845 0.5502049180327869 0.4286057692307692 0.5466188524590164 0.4310096153846154 0.5389344262295082 0.4014423076923077 0.5292008196721312 0.38798076923076924 0.5286885245901639 0.37283653846153847 0.5363729508196722 0.3697115384615385 0.5389344262295082 0.3576923076923077
4 0.43186475409836067 0.915625 0.4364754098360656 0.9350961538461539 0.4354508196721312 0.9497596153846154 0.43186475409836067 0.9490384615384615 0.42827868852459017 0.9329326923076923 0.42827868852459017 0.9192307692307692 0.43135245901639346 0.9158653846153846
4 0.5256147540983607 0.4403846153846154 0.5353483606557377 0.45721153846153845 0.545594262295082 0.46442307692307694 0.5461065573770492 0.46778846153846154 0.5461065573770492 0.45625 0.5568647540983607 0.45552884615384615 0.5640368852459017 0.4740384615384615 0.5758196721311475 0.6454326923076923 0.5819672131147541 0.6834134615384615 0.5814549180327869 0.7036057692307692 0.5732581967213115 0.7064903846153846 0.576844262295082 0.7098557692307692 0.5773565573770492 0.7242788461538462 0.5819672131147541 0.729326923076923 0.5788934426229508 0.7341346153846153 0.5809426229508197 0.8293269230769231 0.5737704918032787 0.8454326923076924 0.5778688524590164 0.8473557692307693 0.5737704918032787 0.8983173076923077 0.5676229508196722 0.909375 0.5594262295081968 0.9060096153846153 0.5532786885245902 0.8980769230769231 0.5578893442622951 0.8870192307692307 0.5532786885245902 0.8850961538461538 0.5527663934426229 0.8730769230769231 0.5502049180327869 0.8711538461538462 0.5394467213114754 0.8709134615384615 0.5353483606557377 0.8569711538461539 0.5363729508196722 0.8512019230769231 0.5440573770491803 0.8627403846153846 0.5425204918032787 0.8278846153846153 0.548155737704918 0.8346153846153846 0.5502049180327869 0.8449519230769231 0.5558401639344263 0.8237980769230769 0.5486680327868853 0.8139423076923077 0.5507172131147541 0.8100961538461539 0.545594262295082 0.8108173076923076 0.5491803278688525 0.8016826923076923 0.545594262295082 0.755048076923077 0.5496926229508197 0.7334134615384615 0.5450819672131147 0.7240384615384615 0.5440573770491803 0.7060096153846154 0.5409836065573771 0.7040865384615385 0.545594262295082 0.69375 0.5425204918032787 0.6894230769230769 0.5445696721311475 0.6834134615384615 0.5394467213114754 0.6788461538461539 0.5414959016393442 0.675 0.5373975409836066 0.6629807692307692 0.5297131147540983 0.6579326923076924 0.5261270491803278 0.6370192307692307 0.5251024590163934 0.6146634615384615 0.5297131147540983 0.6127403846153846 0.5271516393442623 0.6045673076923077 0.5302254098360656 0.5985576923076923 0.5245901639344263 0.5925480769230769 0.5281762295081968 0.5742788461538462 0.524077868852459 0.546875 0.5286885245901639 0.5415865384615385 0.5261270491803278 0.5334134615384616 0.5225409836065574 0.5350961538461538 0.5189549180327869 0.5341346153846154 0.5174180327868853 0.5269230769230769 0.5194672131147541 0.5081730769230769 0.5153688524590164 0.490625 0.5189549180327869 0.47451923076923075 0.5204918032786885 0.4879807692307692 0.5220286885245902 0.4908653846153846 0.5235655737704918 0.4894230769230769 0.5230532786885246 0.47283653846153845 0.5194672131147541 0.4701923076923077 0.5204918032786885 0.44879807692307694 0.5256147540983607 0.440625
4 0.5363729508196722 0.14639423076923078 0.53125 0.13389423076923077 0.5281762295081968 0.08942307692307692 0.5292008196721312 0.07764423076923077 0.5327868852459017 0.0764423076923077 0.5348360655737705 0.08197115384615385 0.5363729508196722 0.14615384615384616
4 0.35911885245901637 0.27740384615384617 0.3632172131147541 0.28846153846153844 0.36270491803278687 0.3004807692307692 0.35911885245901637 0.3004807692307692 0.35911885245901637 0.2776442307692308
4 0.5619877049180327 0.5324519230769231 0.5665983606557377 0.5399038461538461 0.5753073770491803 0.6163461538461539 0.5742827868852459 0.61875 0.5635245901639344 0.6197115384615385 0.5640368852459017 0.6581730769230769 0.5604508196721312 0.6625 0.5507172131147541 0.6399038461538461 0.5430327868852459 0.6348557692307693 0.5394467213114754 0.6391826923076923 0.5348360655737705 0.6372596153846154 0.5322745901639344 0.6081730769230769 0.5353483606557377 0.5495192307692308 0.5450819672131147 0.5384615384615384 0.5548155737704918 0.5334134615384616 0.5614754098360656 0.5324519230769231
4 0.4920594262295082 0.3153846153846154 0.013831967213114754 0.03653846153846154
4 0.5537909836065574 0.4576923076923077 0.5604508196721312 0.46153846153846156 0.5640368852459017 0.4699519230769231 0.5671106557377049 0.49158653846153844 0.5650614754098361 0.5033653846153846 0.5568647540983607 0.49759615384615385 0.5532786885245902 0.4911057692307692 0.5502049180327869 0.46778846153846154 0.5502049180327869 0.4598557692307692 0.5532786885245902 0.4579326923076923
4 0.4702868852459016 0.7721153846153846 0.4764344262295082 0.7889423076923077 0.47489754098360654 0.7975961538461539 0.4728483606557377 0.7983173076923077 0.4707991803278688 0.7956730769230769 0.4677254098360656 0.7795673076923076 0.4702868852459016 0.7723557692307692
4 0.5256147540983607 0.2951923076923077 0.5297131147540983 0.2971153846153846 0.5332991803278688 0.3228365384615385 0.5332991803278688 0.3420673076923077 0.5327868852459017 0.3435096153846154 0.5297131147540983 0.34302884615384616 0.5281762295081968 0.33990384615384617 0.5235655737704918 0.3153846153846154 0.5256147540983607 0.2954326923076923
4 0.4180327868852459 0.6699519230769231 0.42213114754098363 0.6745192307692308 0.42418032786885246 0.7052884615384616 0.42110655737704916 0.7209134615384616 0.4149590163934426 0.7028846153846153 0.4139344262295082 0.6831730769230769 0.4180327868852459 0.6701923076923076
4 0.3724385245901639 0.28701923076923075 0.3734631147540984 0.296875 0.3703893442622951 0.2980769230769231 0.367827868852459 0.2899038461538462 0.3719262295081967 0.28701923076923075
4 0.5153688524590164 0.7384615384615385 0.5189549180327869 0.7451923076923077 0.5199795081967213 0.7692307692307693 0.5153688524590164 0.7776442307692307 0.5117827868852459 0.7778846153846154 0.5087090163934426 0.7634615384615384 0.5153688524590164 0.7387019230769231
4 0.5153688524590164 0.7853365384615385 0.5199795081967213 0.7901442307692308 0.5245901639344263 0.8127403846153847 0.5235655737704918 0.8233173076923077 0.5189549180327869 0.8199519230769231 0.5153688524590164 0.7855769230769231
4 0.43186475409836067 0.9163461538461538 0.4375 0.9382211538461539 0.4354508196721312 0.9516826923076923 0.43186475409836067 0.9521634615384615 0.42827868852459017 0.9331730769230769 0.43135245901639346 0.9165865384615385
4 0.44979508196721313 0.8572115384615384 0.45286885245901637 0.8581730769230769 0.45645491803278687 0.8740384615384615 0.4569672131147541 0.8995192307692308 0.45286885245901637 0.8901442307692308 0.4492827868852459 0.8574519230769231
