4 0.5904200819672131 0.7948317307692307 0.00973360655737705 0.020913461538461537
4 0.4882172131147541 0.8579326923076923 0.4912909836065574 0.859375 0.49077868852459017 0.8697115384615385 0.48719262295081966 0.871875 0.4912909836065574 0.8913461538461539 0.4887295081967213 0.9007211538461538 0.48463114754098363 0.9028846153846154 0.47950819672131145 0.9021634615384615 0.4769467213114754 0.8985576923076923 0.475922131147541 0.8519230769230769 0.4769467213114754 0.8471153846153846 0.4805327868852459 0.8466346153846154 0.48360655737704916 0.8600961538461539 0.48770491803278687 0.8579326923076923
4 0.5845286885245902 0.0026442307692307694 0.5886270491803278 0.004326923076923077 0.5917008196721312 0.023557692307692307 0.6024590163934426 0.140625 0.6004098360655737 0.18245192307692307 0.5957991803278688 0.2014423076923077 0.5952868852459017 0.25 0.5886270491803278 0.28076923076923077 0.5778688524590164 0.2810096153846154 0.569672131147541 0.28918269230769234 0.5635245901639344 0.28942307692307695 0.5599385245901639 0.27572115384615387 0.5609631147540983 0.24879807692307693 0.5548155737704918 0.23413461538461539 0.5614754098360656 0.18870192307692307 0.5543032786885246 0.14278846153846153 0.5568647540983607 0.12548076923076923 0.5650614754098361 0.115625 0.5681352459016393 0.1045673076923077 0.5589139344262295 0.08125 0.5727459016393442 0.008894230769230769 0.5747950819672131 0.004807692307692308 0.5840163934426229 0.0028846153846153848
4 0.5814549180327869 0.5158653846153847 0.586577868852459 0.5329326923076924 0.5860655737704918 0.5608173076923076 0.579405737704918 0.6165865384615384 0.5778688524590164 0.6197115384615385 0.5747950819672131 0.6197115384615385 0.5737704918032787 0.6170673076923077 0.5814549180327869 0.5161057692307692
4 0.5640368852459017 0.2951923076923077 0.5681352459016393 0.3213942307692308 0.5630122950819673 0.36754807692307695 0.5640368852459017 0.3699519230769231 0.5671106557377049 0.36923076923076925 0.5671106557377049 0.3733173076923077 0.5604508196721312 0.378125 0.555327868852459 0.34423076923076923 0.5599385245901639 0.29759615384615384 0.5635245901639344 0.2951923076923077
4 0.5717213114754098 0.885576923076923 0.5742827868852459 0.9194711538461539 0.5712090163934426 0.9370192307692308 0.5676229508196722 0.9362980769230769 0.5665983606557377 0.932451923076923 0.5676229508196722 0.8930288461538461 0.5712090163934426 0.885576923076923
4 0.5676229508196722 0.6016826923076923 0.5727459016393442 0.6057692307692307 0.5732581967213115 0.6110576923076924 0.5686475409836066 0.6651442307692308 0.5645491803278688 0.6615384615384615 0.5635245901639344 0.6449519230769231 0.5671106557377049 0.6019230769230769
4 0.5532786885245902 0.6805288461538461 0.5568647540983607 0.6834134615384615 0.5584016393442623 0.7050480769230769 0.555327868852459 0.73125 0.5532786885245902 0.7341346153846153 0.5502049180327869 0.7326923076923076 0.5486680327868853 0.70625 0.5532786885245902 0.6807692307692308
4 0.5502049180327869 0.8737980769230769 0.5558401639344263 0.8834134615384616 0.5548155737704918 0.8954326923076923 0.5507172131147541 0.901201923076923 0.5476434426229508 0.8942307692307693 0.5496926229508197 0.8740384615384615
4 0.5292008196721312 0.13533653846153845 0.5327868852459017 0.14158653846153846 0.5307377049180327 0.1622596153846154 0.5261270491803278 0.18221153846153845 0.5225409836065574 0.18677884615384616 0.5215163934426229 0.184375 0.5292008196721312 0.13557692307692307
4 0.6055327868852459 0.21802884615384616 0.6086065573770492 0.25552884615384613 0.6055327868852459 0.26009615384615387 0.6019467213114754 0.24879807692307693 0.6019467213114754 0.22620192307692308 0.6055327868852459 0.21826923076923077
4 0.5568647540983607 0.43149038461538464 0.5604508196721312 0.4362980769230769 0.5604508196721312 0.4564903846153846 0.5543032786885246 0.5125 0.5502049180327869 0.5144230769230769 0.5486680327868853 0.5122596153846154 0.5486680327868853 0.46875 0.545594262295082 0.45745192307692306 0.5466188524590164 0.43533653846153847 0.5502049180327869 0.43197115384615387 0.5532786885245902 0.4377403846153846 0.5568647540983607 0.43173076923076925
4 0.5502049180327869 0.14735576923076923 0.5486680327868853 0.1971153846153846 0.5430327868852459 0.22788461538461538 0.5399590163934426 0.22860576923076922 0.5379098360655737 0.22692307692307692 0.5358606557377049 0.21634615384615385 0.5466188524590164 0.15048076923076922 0.5496926229508197 0.14759615384615385
4 0.5532786885245902 0.9516826923076923 0.007172131147540984 0.012980769230769231
4 0.5645491803278688 0.9694711538461539 0.5676229508196722 0.9759615384615384 0.5630122950819673 0.9783653846153846 0.5599385245901639 0.9776442307692308 0.5594262295081968 0.9721153846153846 0.5640368852459017 0.9694711538461539
4 0.5814549180327869 0.66875 0.5835040983606558 0.6858173076923076 0.5809426229508197 0.6913461538461538 0.5778688524590164 0.6911057692307693 0.5763319672131147 0.6831730769230769 0.5773565573770492 0.6709134615384615 0.5809426229508197 0.66875
4 0.46311475409836067 0.5331730769230769 0.4677254098360656 0.55625 0.4610655737704918 0.5879807692307693 0.4600409836065574 0.5901442307692307 0.45799180327868855 0.5879807692307693 0.4600409836065574 0.5408653846153846 0.46311475409836067 0.5334134615384616
4 0.5256147540983607 0.4641826923076923 0.5286885245901639 0.46658653846153847 0.5256147540983607 0.48822115384615383 0.5230532786885246 0.4752403846153846 0.5256147540983607 0.46442307692307694
4 0.5081967213114754 0.7795673076923076 0.5046106557377049 0.7771634615384615 0.5030737704918032 0.7689903846153846 0.5051229508196722 0.7557692307692307 0.5087090163934426 0.7557692307692307 0.5102459016393442 0.7612980769230769 0.5087090163934426 0.7793269230769231
4 0.5502049180327869 0.35528846153846155 0.5548155737704918 0.35889423076923077 0.5517418032786885 0.38221153846153844 0.5502049180327869 0.38509615384615387 0.5476434426229508 0.3841346153846154 0.5502049180327869 0.35552884615384617
4 0.4667008196721312 0.48533653846153846 0.4677254098360656 0.5055288461538462 0.4667008196721312 0.509375 0.46311475409836067 0.5096153846153846 0.4667008196721312 0.4855769230769231
4 0.5906762295081968 0.4512019230769231 0.5932377049180327 0.4620192307692308 0.600922131147541 0.47259615384615383 0.5998975409836066 0.49278846153846156 0.5952868852459017 0.49759615384615385 0.5881147540983607 0.49567307692307694 0.586577868852459 0.49206730769230766 0.586577868852459 0.46129807692307695 0.5901639344262295 0.4512019230769231
4 0.5988729508196722 0.5430288461538462 0.6019467213114754 0.5430288461538462 0.6029713114754098 0.5463942307692308 0.6055327868852459 0.6014423076923077 0.6055327868852459 0.6079326923076923 0.600922131147541 0.6040865384615385 0.5963114754098361 0.5742788461538462 0.5988729508196722 0.5432692307692307
4 0.5988729508196722 0.8798076923076923 0.6019467213114754 0.8826923076923077 0.5988729508196722 0.9158653846153846 0.5947745901639344 0.9158653846153846 0.5932377049180327 0.911298076923077 0.5942622950819673 0.885576923076923 0.5983606557377049 0.880048076923077
4 0.4769467213114754 0.4545673076923077 0.4805327868852459 0.45625 0.475922131147541 0.471875 0.4738729508196721 0.46658653846153847 0.4769467213114754 0.4548076923076923
4 0.5712090163934426 0.3528846153846154 0.5742827868852459 0.3574519230769231 0.5717213114754098 0.3752403846153846 0.5604508196721312 0.37908653846153845 0.5573770491803278 0.3733173076923077 0.5614754098360656 0.3564903846153846 0.5712090163934426 0.353125
4 0.48411885245901637 0.40216346153846155 0.48668032786885246 0.4060096153846154 0.48463114754098363 0.42620192307692306 0.4805327868852459 0.434375 0.4769467213114754 0.43533653846153847 0.475922131147541 0.43365384615384617 0.48411885245901637 0.40240384615384617
4 0.4948770491803279 0.3639423076923077 0.4979508196721312 0.33966346153846155 0.5015368852459017 0.3391826923076923 0.5025614754098361 0.346875 0.4994877049180328 0.36009615384615384 0.4953893442622951 0.36370192307692306
4 0.6039959016393442 0.7043269230769231 0.6075819672131147 0.7105769230769231 0.6060450819672131 0.73125 0.5998975409836066 0.7286057692307693 0.5983606557377049 0.7223557692307693 0.5983606557377049 0.7060096153846154 0.6034836065573771 0.7043269230769231
4 0.4456967213114754 0.7408653846153846 0.4456967213114754 0.7776442307692307 0.4426229508196721 0.7778846153846154 0.4451844262295082 0.7411057692307692
4 0.48770491803278687 0.8567307692307692 0.4912909836065574 0.8576923076923076 0.4923155737704918 0.8646634615384615 0.4912909836065574 0.8713942307692307 0.48770491803278687 0.8725961538461539 0.48770491803278687 0.8569711538461539
4 0.5952868852459017 0.33966346153846155 0.5998975409836066 0.34615384615384615 0.5998975409836066 0.38629807692307694 0.5922131147540983 0.42451923076923076 0.5886270491803278 0.42596153846153845 0.5876024590163934 0.4206730769230769 0.5881147540983607 0.38653846153846155 0.5952868852459017 0.33990384615384617
4 0.6055327868852459 0.8661057692307692 0.6065573770491803 0.8790865384615385 0.5988729508196722 0.9161057692307693 0.5952868852459017 0.9161057692307693 0.59375 0.9137019230769231 0.5942622950819673 0.8853365384615385 0.6050204918032787 0.8663461538461539
4 0.5917008196721312 0.28125 0.59375 0.309375 0.5886270491803278 0.3581730769230769 0.5845286885245902 0.3574519230769231 0.5835040983606558 0.353125 0.5840163934426229 0.3235576923076923 0.5876024590163934 0.28701923076923075 0.5911885245901639 0.2814903846153846
4 0.6055327868852459 0.26947115384615383 0.6086065573770492 0.27908653846153847 0.6091188524590164 0.3543269230769231 0.6050204918032787 0.34278846153846154 0.6055327868852459 0.31346153846153846 0.6004098360655737 0.284375 0.6004098360655737 0.2759615384615385 0.6050204918032787 0.26971153846153845
4 0.5742827868852459 0.34639423076923076 0.5753073770491803 0.4012019230769231 0.5722336065573771 0.4235576923076923 0.5706967213114754 0.4247596153846154 0.5691598360655737 0.4233173076923077 0.5665983606557377 0.4165865384615385 0.5691598360655737 0.35865384615384616 0.5742827868852459 0.3466346153846154
4 0.4702868852459016 0.8079326923076923 0.4738729508196721 0.8225961538461538 0.4723360655737705 0.8629807692307693 0.4702868852459016 0.8651442307692307 0.4682377049180328 0.8627403846153846 0.4661885245901639 0.8314903846153846 0.4702868852459016 0.8081730769230769
4 0.5660860655737705 0 0.5891393442622951 0 0.6060450819672131 0.19927884615384617 0.608094262295082 0.3213942307692308 0.6014344262295082 0.490625 0.6055327868852459 0.6024038461538461 0.6014344262295082 0.6100961538461539 0.6060450819672131 0.6161057692307692 0.608094262295082 0.7 0.6019467213114754 0.8247596153846154 0.6050204918032787 0.8540865384615385 0.5993852459016393 0.8697115384615385 0.5932377049180327 0.8762019230769231 0.6019467213114754 0.8783653846153846 0.6060450819672131 0.8834134615384616 0.6055327868852459 0.9074519230769231 0.6019467213114754 0.9108173076923077 0.6055327868852459 0.990625 0.6024590163934426 0.9956730769230769 0.5881147540983607 0.9961538461538462 0.5778688524590164 0.9935096153846154 0.5742827868852459 0.9954326923076923 0.5676229508196722 0.9951923076923077 0.5676229508196722 0.9903846153846154 0.5614754098360656 0.9923076923076923 0.5604508196721312 0.994951923076923 0.5563524590163934 0.9920673076923077 0.5532786885245902 0.9951923076923077 0.5445696721311475 0.9884615384615385 0.5461065573770492 0.9838942307692308 0.5430327868852459 0.9819711538461539 0.5363729508196722 0.9884615384615385 0.5322745901639344 0.9879807692307693 0.5256147540983607 0.9954326923076923 0.5081967213114754 0.9932692307692308 0.5051229508196722 0.9951923076923077 0.48411885245901637 0.9959134615384615 0.4805327868852459 0.9927884615384616 0.4769467213114754 0.9956730769230769 0.4702868852459016 0.9889423076923077 0.46875 0.9942307692307693 0.4600409836065574 0.9997596153846153 0.4426229508196721 0.9997596153846153 0.4405737704918033 0.9670673076923076 0.4421106557377049 0.8418269230769231 0.44825819672131145 0.8298076923076924 0.45286885245901637 0.8286057692307692 0.45645491803278687 0.8298076923076924 0.45901639344262296 0.828125 0.4456967213114754 0.8213942307692308 0.44415983606557374 0.7826923076923077 0.44979508196721313 0.7790865384615384 0.44364754098360654 0.7733173076923077 0.44313524590163933 0.7608173076923077 0.44774590163934425 0.7403846153846154 0.4492827868852459 0.6896634615384616 0.45850409836065575 0.6822115384615385 0.45850409836065575 0.6788461538461539 0.45286885245901637 0.6762019230769231 0.45286885245901637 0.6680288461538462 0.45594262295081966 0.6658653846153846 0.4646516393442623 0.503125 0.4667008196721312 0.49038461538461536 0.4718237704918033 0.4860576923076923 0.4697745901639344 0.4757211538461538 0.47438524590163933 0.46778846153846154 0.4769467213114754 0.4233173076923077 0.48411885245901637 0.4048076923076923 0.4882172131147541 0.4153846153846154 0.48668032786885246 0.3959134615384615 0.4948770491803279 0.3435096153846154 0.5046106557377049 0.3079326923076923 0.5051229508196722 0.28918269230769234 0.5097336065573771 0.2795673076923077 0.5117827868852459 0.2423076923076923 0.5215163934426229 0.203125 0.5225409836065574 0.17451923076923076 0.5327868852459017 0.11634615384615385 0.5660860655737705 0.0002403846153846154
