3 0.4225 0.711875 0.01625 0.1175
3 0.4040625 0.543125 0.014375 0.10375
3 0.3978125 0.6659375 0.014375 0.088125
3 0.5134375 0.2728125 0.018125 0.074375
3 0.400625 0.8909375 0.01125 0.073125
3 0.475625 0.315 0.02125 0.08375
3 0.4321875 0.825625 0.011875 0.055
3 0.463125 0.8390625 0.015 0.121875
3 0.4821875 0.57 0.024375 0.12125
3 0.5121875 0.5971875 0.014375 0.053125
3 0.426875 0.1025 0.4275 0.16979187499999998 0.424375 0.20625 0.42875 0.21625 0.433125 0.21125 0.435625 0.19 0.43625 0.090625 0.431875 0.07375 0.42875 0.0775
3 0.42125 0.2925 0.42 0.30625 0.421875 0.308125 0.425 0.30375 0.425 0.285
3 0.48 0.0575 0.48 0.075 0.486875 0.08375 0.48875 0.09125 0.488125 0.178125 0.490625 0.196875 0.495 0.199375 0.506875 0.154375 0.503125 0.14875 0.503125 0.14125 0.50375 0.13875 0.50875 0.136875 0.503125 0.12875 0.50125 0.1125 0.5025 0.110625 0.50875 0.11125 0.509375 0.101875 0.50875 0.09375 0.501875 0.084375 0.50125 0.076875 0.50375 0.070625 0.50125 0.0325 0.49875 0.021875 0.494375 0.018125 0.49 0.044375
3 0.5225 0.45625 0.520625 0.484375 0.525625 0.505625 0.529375 0.5075 0.53125 0.460625 0.52875 0.454375 0.525 0.453125
3 0.49875 0.454375 0.498125 0.474375 0.50125 0.483125 0.504375 0.48 0.505625 0.473125 0.505 0.456875 0.50125 0.44625
3 0.415625 0.430625 0.415625 0.45 0.418125 0.455 0.423125 0.435625 0.420625 0.421875 0.418125 0.42125
3 0.450625 0.449375 0.450625 0.4675 0.453125 0.4725 0.455625 0.46125 0.453125 0.441875
3 0.4775 0.3625 0.476875 0.37625 0.480625 0.37875 0.483125 0.375 0.483125 0.3625 0.480625 0.35875
3 0.443125 0.244375 0.441875 0.26 0.44625 0.27375 0.45 0.26125 0.449375 0.23 0.445625 0.23125
3 0.446875 0.01125 0.44625 0.036875 0.449375 0.058125 0.45375 0.0475 0.45375 0 0.44875 0
3 0.4375 0 0.43125 0 0.431875 0.0225 0.435 0.026875
3 0.433125 0.593125 0.4325 0.60125 0.435625 0.608125 0.4375 0.59375 0.435625 0.590625
3 0.448125 0.566875 0.445625 0.606875 0.449375 0.61125 0.451875 0.5775 0.450625 0.566875 0.449375 0.565
3 0.476875 0.974375 0.474375 0.976875 0.476875 0.9975 0.48 0.985 0.479375 0.976875
3 0.420625 0.94125 0.420625 0.958125 0.424375 0.959375 0.425 0.94375 0.421875 0.939375
3 0.5075 0.92875 0.5075 0.954375 0.50875 0.95875 0.511875 0.96 0.511875 0.925625 0.50875 0.925625
3 0.505 0.746875 0.504375 0.76375 0.508125 0.76875 0.51125 0.765 0.51125 0.75125 0.50875 0.744375
