4 0.4451844262295082 0 0.4661885245901639 0 0.4600409836065574 0.03076923076923077 0.45594262295081966 0.014663461538461538 0.44723360655737704 0.008413461538461538 0.4451844262295082 0.0002403846153846154
4 0.5373975409836066 0.5120192307692307 0.5389344262295082 0.5086538461538461 0.5425204918032787 0.5081730769230769 0.5430327868852459 0.5153846153846153 0.5394467213114754 0.5163461538461539 0.5379098360655737 0.5122596153846154
4 0.5133196721311475 0.9036057692307692 0.5174180327868853 0.9081730769230769 0.5189549180327869 0.921875 0.5179303278688525 0.9432692307692307 0.5122950819672131 0.9478365384615385 0.5076844262295082 0.9403846153846154 0.5076844262295082 0.915625 0.5087090163934426 0.9064903846153847 0.5128073770491803 0.9036057692307692
4 0.5363729508196722 0.46129807692307695 0.5404713114754098 0.4675480769230769 0.5425204918032787 0.48389423076923077 0.5414959016393442 0.49375 0.5394467213114754 0.49447115384615387 0.5373975409836066 0.490625 0.5338114754098361 0.47091346153846153 0.5363729508196722 0.46153846153846156
4 0.45645491803278687 0.9050480769230769 0.4605532786885246 0.9204326923076923 0.45850409836065575 0.9552884615384616 0.44979508196721313 0.9579326923076923 0.4456967213114754 0.953125 0.4462090163934426 0.9259615384615385 0.4492827868852459 0.9141826923076923 0.45594262295081966 0.9052884615384615
4 0.5292008196721312 0.565625 0.5343237704918032 0.5826923076923077 0.5327868852459017 0.6050480769230769 0.5286885245901639 0.6019230769230769 0.5256147540983607 0.5752403846153846 0.5256147540983607 0.5670673076923077 0.5286885245901639 0.5658653846153846
4 0.5117827868852459 0.9600961538461539 0.5153688524590164 0.9608173076923077 0.5174180327868853 0.9759615384615384 0.5153688524590164 0.9838942307692308 0.5117827868852459 0.9858173076923077 0.5102459016393442 0.9831730769230769 0.5117827868852459 0.9603365384615384
4 0.5189549180327869 0.5795673076923077 0.5225409836065574 0.58125 0.5235655737704918 0.6074519230769231 0.5215163934426229 0.651201923076923 0.5184426229508197 0.653125 0.5158811475409836 0.6478365384615384 0.5189549180327869 0.5798076923076924
4 0.45645491803278687 0.11225961538461539 0.45184426229508196 0.09375 0.45184426229508196 0.06153846153846154 0.4451844262295082 0.046875 0.44825819672131145 0.03870192307692308 0.45645491803278687 0.036778846153846155 0.4651639344262295 0.05360576923076923 0.4651639344262295 0.06466346153846154 0.4600409836065574 0.07211538461538461 0.45645491803278687 0.11201923076923077
4 0.5153688524590164 0.6995192307692307 0.5225409836065574 0.7197115384615385 0.5153688524590164 0.79375 0.5097336065573771 0.723798076923077 0.5148565573770492 0.6997596153846154
4 0.4600409836065574 0.12139423076923077 0.4697745901639344 0.14423076923076922 0.4702868852459016 0.16538461538461538 0.4672131147540984 0.16899038461538463 0.45645491803278687 0.1639423076923077 0.45286885245901637 0.16826923076923078 0.4421106557377049 0.1372596153846154 0.4456967213114754 0.13173076923076923 0.45338114754098363 0.13365384615384615 0.45594262295081966 0.12307692307692308 0.45952868852459017 0.12139423076923077
4 0.4979508196721312 0.6326923076923077 0.5046106557377049 0.6346153846153846 0.5066598360655737 0.6399038461538461 0.5066598360655737 0.6591346153846154 0.5051229508196722 0.6625 0.5010245901639344 0.6627403846153846 0.4979508196721312 0.6329326923076923
4 0.5494364754098361 0.4645432692307692 0.007684426229508197 0.020913461538461537
4 0.4385245901639344 0.4622596153846154 0.4390368852459016 0.47644230769230766 0.4334016393442623 0.5012019230769231 0.4395491803278688 0.5129807692307692 0.44723360655737704 0.5605769230769231 0.4415983606557377 0.5949519230769231 0.4462090163934426 0.6127403846153846 0.4451844262295082 0.6151442307692307 0.4349385245901639 0.6163461538461539 0.4323770491803279 0.634375 0.42776639344262296 0.6348557692307693 0.42418032786885246 0.6230769230769231 0.4175204918032787 0.4896634615384615 0.4180327868852459 0.48052884615384617 0.41956967213114754 0.48341346153846154 0.42264344262295084 0.5086538461538461 0.42520491803278687 0.5112980769230769 0.4293032786885246 0.5086538461538461 0.43186475409836067 0.46634615384615385 0.4380122950819672 0.4625
4 0.4912909836065574 0.6838942307692307 0.4953893442622951 0.6884615384615385 0.4969262295081967 0.6990384615384615 0.49077868852459017 0.7519230769230769 0.48770491803278687 0.7552884615384615 0.48514344262295084 0.7514423076923077 0.48770491803278687 0.69375 0.4912909836065574 0.6841346153846154
4 0.524077868852459 0.4924278846153846 0.006147540983606557 0.010336538461538461
4 0.48104508196721313 0.3819711538461538 0.48514344262295084 0.38629807692307694 0.48411885245901637 0.40216346153846155 0.4800204918032787 0.3992788461538462 0.4805327868852459 0.38221153846153844
4 0.4390368852459016 0.36730769230769234 0.4426229508196721 0.36947115384615387 0.4421106557377049 0.3836538461538462 0.4380122950819672 0.3841346153846154 0.4354508196721312 0.3800480769230769 0.4385245901639344 0.36754807692307695
4 0.4774590163934426 0.32596153846153847 0.4769467213114754 0.30264423076923075 0.4800204918032787 0.29951923076923076 0.48206967213114754 0.321875 0.4805327868852459 0.3264423076923077 0.47797131147540983 0.32596153846153847
4 0.5292008196721312 0.8889423076923076 0.5358606557377049 0.9216346153846153 0.5307377049180327 0.93125 0.5292008196721312 0.9463942307692308 0.5261270491803278 0.9485576923076923 0.5235655737704918 0.9463942307692308 0.5235655737704918 0.9100961538461538 0.5292008196721312 0.8891826923076923
4 0.4600409836065574 0.3877403846153846 0.4661885245901639 0.39663461538461536 0.4697745901639344 0.39783653846153844 0.4738729508196721 0.39663461538461536 0.4774590163934426 0.40576923076923077 0.4728483606557377 0.45865384615384613 0.48104508196721313 0.4670673076923077 0.4800204918032787 0.50625 0.475922131147541 0.5168269230769231 0.4764344262295082 0.5375 0.4800204918032787 0.5447115384615384 0.47899590163934425 0.5788461538461539 0.4661885245901639 0.5915865384615384 0.4707991803278688 0.5920673076923076 0.4738729508196721 0.5975961538461538 0.47950819672131145 0.5954326923076924 0.48411885245901637 0.6105769230769231 0.4805327868852459 0.6213942307692307 0.475922131147541 0.6194711538461538 0.47438524590163933 0.6146634615384615 0.4713114754098361 0.6161057692307692 0.47540983606557374 0.6745192307692308 0.4718237704918033 0.7432692307692308 0.47540983606557374 0.8317307692307693 0.48206967213114754 0.8490384615384615 0.4718237704918033 0.9127403846153846 0.4774590163934426 0.9586538461538462 0.47438524590163933 0.9954326923076923 0.4702868852459016 0.9975961538461539 0.46311475409836067 0.9978365384615384 0.4456967213114754 0.994951923076923 0.4487704918032787 0.984375 0.4426229508196721 0.9826923076923076 0.4390368852459016 0.9752403846153846 0.43186475409836067 0.7733173076923077 0.4354508196721312 0.729326923076923 0.4175204918032787 0.5144230769230769 0.4180327868852459 0.4793269230769231 0.4257172131147541 0.5088942307692308 0.4298155737704918 0.46322115384615387 0.4354508196721312 0.45528846153846153 0.4390368852459016 0.4560096153846154 0.4426229508196721 0.4620192307692308 0.44672131147540983 0.4598557692307692 0.44979508196721313 0.4221153846153846 0.45491803278688525 0.4151442307692308 0.4600409836065574 0.38798076923076924
4 0.42520491803278687 0.08846153846153847 0.42827868852459017 0.06875 0.4323770491803279 0.06634615384615385 0.4359631147540984 0.07139423076923077 0.44723360655737704 0.1329326923076923 0.4462090163934426 0.140625 0.4426229508196721 0.140625 0.4349385245901639 0.13076923076923078 0.4257172131147541 0.08870192307692308
4 0.4667008196721312 0.28509615384615383 0.4682377049180328 0.309375 0.4723360655737705 0.3170673076923077 0.4697745901639344 0.3384615384615385 0.4651639344262295 0.3387019230769231 0.46260245901639346 0.3293269230769231 0.4661885245901639 0.28533653846153845
4 0.45286885245901637 0.21850961538461539 0.4574795081967213 0.2230769230769231 0.4610655737704918 0.2586538461538462 0.4605532786885246 0.28341346153846153 0.45389344262295084 0.2966346153846154 0.45133196721311475 0.3139423076923077 0.44723360655737704 0.3153846153846154 0.4451844262295082 0.31201923076923077 0.45286885245901637 0.21875
4 0.5225409836065574 0.8064903846153846 0.5261270491803278 0.8067307692307693 0.5292008196721312 0.81875 0.5271516393442623 0.8367788461538461 0.5256147540983607 0.8391826923076923 0.5220286885245902 0.838701923076923 0.5225409836065574 0.8067307692307693
4 0.4600409836065574 0.39134615384615384 0.46311475409836067 0.39326923076923076 0.4641393442622951 0.40576923076923077 0.4677254098360656 0.40721153846153846 0.4738729508196721 0.40360576923076924 0.475922131147541 0.409375 0.47489754098360654 0.425 0.4682377049180328 0.4355769230769231 0.4702868852459016 0.46081730769230766 0.4774590163934426 0.4658653846153846 0.47848360655737704 0.4721153846153846 0.4769467213114754 0.5055288461538462 0.4733606557377049 0.5069711538461539 0.4672131147540984 0.4997596153846154 0.46260245901639346 0.49951923076923077 0.46209016393442626 0.5158653846153847 0.4667008196721312 0.5204326923076923 0.4702868852459016 0.5125 0.4738729508196721 0.5151442307692308 0.47489754098360654 0.5377403846153846 0.4800204918032787 0.5451923076923076 0.4764344262295082 0.5608173076923076 0.47848360655737704 0.5788461538461539 0.4769467213114754 0.5810096153846154 0.4667008196721312 0.5814903846153846 0.4646516393442623 0.583173076923077 0.46311475409836067 0.60625 0.4600409836065574 0.6084134615384615 0.45645491803278687 0.6033653846153846 0.4487704918032787 0.4560096153846154 0.45133196721311475 0.41947115384615385 0.45901639344262296 0.4149038461538462 0.4600409836065574 0.39158653846153846
4 0.4113729508196721 0.14639423076923078 0.4149590163934426 0.1466346153846154 0.4175204918032787 0.1576923076923077 0.4144467213114754 0.19302884615384616 0.4113729508196721 0.1466346153846154
4 0.45799180327868855 0.328125 0.4610655737704918 0.3403846153846154 0.45645491803278687 0.36033653846153846 0.45235655737704916 0.33581730769230766 0.4574795081967213 0.328125
4 0.48770491803278687 0.4548076923076923 0.4918032786885246 0.45913461538461536 0.48924180327868855 0.4752403846153846 0.48565573770491804 0.4737980769230769 0.48360655737704916 0.4670673076923077 0.48719262295081966 0.4550480769230769
4 0.5153688524590164 0.4826923076923077 0.5117827868852459 0.4793269230769231 0.5102459016393442 0.4668269230769231 0.5117827868852459 0.4519230769230769 0.5153688524590164 0.45048076923076924 0.516905737704918 0.453125 0.5153688524590164 0.4824519230769231
4 0.5015368852459017 0.7283653846153846 0.4969262295081967 0.7242788461538462 0.4964139344262295 0.7132211538461538 0.4979508196721312 0.6942307692307692 0.5015368852459017 0.6923076923076923 0.5051229508196722 0.7 0.5061475409836066 0.7245192307692307 0.5015368852459017 0.728125
4 0.4298155737704918 0.4826923076923077 0.0235655737704918 0.05480769230769231
4 0.4323770491803279 0.06682692307692308 0.4390368852459016 0.08149038461538462 0.4451844262295082 0.12427884615384616 0.45286885245901637 0.13028846153846155 0.45543032786885246 0.12091346153846154 0.45952868852459017 0.11850961538461538 0.4697745901639344 0.1439903846153846 0.4697745901639344 0.16610576923076922 0.4667008196721312 0.16899038461538463 0.45645491803278687 0.16466346153846154 0.45286885245901637 0.16971153846153847 0.4492827868852459 0.1675480769230769 0.44415983606557374 0.14423076923076922 0.4349385245901639 0.1326923076923077 0.4262295081967213 0.09903846153846153 0.4262295081967213 0.07764423076923077 0.43186475409836067 0.06682692307692308
4 0.4769467213114754 0.509375 0.4677254098360656 0.48870192307692306 0.46875 0.4704326923076923 0.4707991803278688 0.46658653846153847 0.475922131147541 0.4651442307692308 0.48104508196721313 0.46875 0.4774590163934426 0.509375
4 0.42213114754098363 0 0.4328893442622951 0 0.4339139344262295 0.0045673076923076926 0.43084016393442626 0.029086538461538462 0.4287909836065574 0.03365384615384615 0.4257172131147541 0.03317307692307692 0.42213114754098363 0.0002403846153846154
4 0.4805327868852459 0.59375 0.48463114754098363 0.5947115384615385 0.48463114754098363 0.6230769230769231 0.4805327868852459 0.625 0.4805327868852459 0.5939903846153847
4 0.4979508196721312 0.5213942307692307 0.5020491803278688 0.5247596153846154 0.5040983606557377 0.5466346153846153 0.5030737704918032 0.5584134615384615 0.4979508196721312 0.5603365384615384 0.4959016393442623 0.5569711538461538 0.4979508196721312 0.5216346153846154
4 0.5604508196721312 0.10673076923076923 0.5604508196721312 0.11706730769230769 0.5563524590163934 0.1141826923076923 0.5563524590163934 0.10865384615384616 0.5599385245901639 0.10673076923076923
4 0.4667008196721312 0.17860576923076923 0.4702868852459016 0.19254807692307693 0.4702868852459016 0.23942307692307693 0.4667008196721312 0.24278846153846154 0.4651639344262295 0.2403846153846154 0.461577868852459 0.21201923076923077 0.4667008196721312 0.17884615384615385
4 0.43186475409836067 0.3153846153846154 0.4344262295081967 0.3278846153846154 0.43186475409836067 0.3528846153846154 0.42827868852459017 0.3528846153846154 0.4262295081967213 0.34927884615384613 0.42725409836065575 0.31971153846153844 0.43135245901639346 0.315625
4 0.5153688524590164 0.9887019230769231 0.5199795081967213 0.9908653846153846 0.5199795081967213 0.9997596153846153 0.5107581967213115 0.9997596153846153 0.5102459016393442 0.9942307692307693 0.5148565573770492 0.9889423076923077
4 0.49436475409836067 0.7757211538461538 0.4984631147540984 0.778125 0.4964139344262295 0.8355769230769231 0.5010245901639344 0.848798076923077 0.4984631147540984 0.8586538461538461 0.4912909836065574 0.8661057692307692 0.48719262295081966 0.8564903846153846 0.49436475409836067 0.7759615384615385
4 0.5256147540983607 0.31826923076923075 0.5271516393442623 0.34134615384615385 0.5225409836065574 0.3540865384615385 0.5194672131147541 0.34927884615384613 0.5199795081967213 0.3264423076923077 0.5215163934426229 0.3192307692307692 0.5251024590163934 0.31826923076923075
4 0.5640368852459017 0.4502403846153846 0.5645491803278688 0.4658653846153846 0.5635245901639344 0.4673076923076923 0.5604508196721312 0.46466346153846155 0.5640368852459017 0.45048076923076924
