3 0.7103125 0.4221875 0.124375 0.016875
3 0.5409375 0.405625 0.095625 0.01625
3 0.57375 0.489375 0.1225 0.04
3 0.8259375 0.4309375 0.049375 0.011875
3 0.2534375 0.4459375 0.043125 0.008125
3 0.0303125 0.450625 0.059375 0.01
3 0.8465625 0.4634375 0.134375 0.020625
3 0.943125 0.5103125 0.0325 0.008125
3 0.4578125 0.4528125 0.029375 0.008125
3 0.48125 0.5265625 0.055 0.014375
3 0.1475 0.4321875 0.14375 0.014375
3 0.6671875 0.3971875 0.086875 0.014375
3 0.7575 0.5078125 0.02375 0.006875
3 0.5990625 0.5128125 0.049375 0.014375
3 0.17 0.5078125 0.31125 0.053125
3 0.893125 0.4003125 0.07 0.009375
3 0.95 0.4225 0.02 0.00625
3 0.433125 0.418125 0.0275 0.00875
3 0.314375 0.4771875 0.0825 0.026875
3 0.9840625 0.47625 0.023125 0.00625
3 0.07087500000000001 0.479375 0.056875 0.479375 0.041875 0.489375 0.01375 0.494375 0.01875 0.501875 0.02375 0.50375 0.03125 0.510625 0.043125 0.51125 0.049375 0.50875 0.0775 0.511875 0.096875 0.510625 0.103125 0.51125 0.10875 0.515625 0.118125 0.518125 0.1325 0.51625 0.14375 0.518125 0.14875 0.510625 0.159375 0.51 0.171875 0.50375 0.19375 0.498125 0.199375 0.495 0.1975 0.490625 0.183125 0.488125 0.1025 0.48875 0.074375 0.479375
3 0.27484375 0.505625 0.25125 0.5075 0.240625 0.511875 0.24 0.515 0.245625 0.51875 0.263125 0.520625 0.28625 0.519375 0.29125 0.51625 0.2925 0.510625 0.290625 0.506875 0.278125 0.505625
3 0.469375 0.48625 0.464375 0.4875 0.475625 0.4925 0.489375 0.49125 0.488125 0.4875 0.47 0.48625
3 0.469583125 0.4975 0.459375 0.498125 0.45375 0.501875 0.46125 0.505 0.47125 0.505625 0.479375 0.504375 0.483125 0.50125 0.473125 0.4975
3 0.37296875 0.476875 0.363125 0.476875 0.35875 0.480625 0.364375 0.483125 0.37375 0.483125 0.379375 0.480625 0.37625 0.476875
