4 0.5112704918032787 0 0.4805327868852459 0 0.48155737704918034 0.03798076923076923 0.4738729508196721 0.14375 0.4733606557377049 0.21057692307692308 0.4697745901639344 0.2201923076923077 0.4651639344262295 0.25793269230769234 0.4600409836065574 0.278125 0.45389344262295084 0.3235576923076923 0.4492827868852459 0.340625 0.4323770491803279 0.43966346153846153 0.430327868852459 0.4706730769230769 0.430327868852459 0.5233173076923077 0.43186475409836067 0.528125 0.4390368852459016 0.5283653846153846 0.44313524590163933 0.5247596153846154 0.444672131147541 0.5199519230769231 0.444672131147541 0.5153846153846153 0.4426229508196721 0.5122596153846154 0.444672131147541 0.4877403846153846 0.4456967213114754 0.4855769230769231 0.45030737704918034 0.4824519230769231 0.45133196721311475 0.47884615384615387 0.45645491803278687 0.47596153846153844 0.45850409836065575 0.4795673076923077 0.4610655737704918 0.4807692307692308 0.45952868852459017 0.484375 0.4641393442622951 0.4877403846153846 0.4667008196721312 0.496875 0.4656762295081967 0.5055288461538462 0.4713114754098361 0.5115384615384615 0.4702868852459016 0.5132211538461539 0.46260245901639346 0.5153846153846153 0.4672131147540984 0.5204326923076923 0.4697745901639344 0.5259615384615385 0.4667008196721312 0.5286057692307692 0.46311475409836067 0.5269230769230769 0.45491803278688525 0.5295673076923076 0.45799180327868855 0.5317307692307692 0.4574795081967213 0.536298076923077 0.4605532786885246 0.54375 0.4667008196721312 0.5480769230769231 0.4692622950819672 0.5471153846153847 0.4702868852459016 0.5454326923076923 0.4702868852459016 0.5252403846153846 0.4728483606557377 0.5149038461538461 0.4738729508196721 0.5146634615384615 0.48104508196721313 0.5185096153846154 0.48463114754098363 0.5182692307692308 0.48770491803278687 0.5189903846153846 0.49077868852459017 0.5170673076923077 0.4979508196721312 0.5161057692307692 0.5 0.5141826923076923 0.5030737704918032 0.5134615384615384 0.5087090163934426 0.5151442307692308 0.5117827868852459 0.51875 0.5107581967213115 0.5228365384615384 0.5128073770491803 0.5257211538461538 0.5112704918032787 0.5286057692307692 0.5128073770491803 0.5331730769230769 0.5112704918032787 0.5358173076923077 0.5122950819672131 0.540625 0.5102459016393442 0.5435096153846154 0.5117827868852459 0.5459134615384615 0.5107581967213115 0.5516826923076923 0.5122950819672131 0.5538461538461539 0.5076844262295082 0.5569711538461538 0.5015368852459017 0.5576923076923077 0.5015368852459017 0.5617788461538461 0.5046106557377049 0.567548076923077 0.5020491803278688 0.5745192307692307 0.5030737704918032 0.5850961538461539 0.5010245901639344 0.5867788461538461 0.4979508196721312 0.5870192307692308 0.4969262295081967 0.5899038461538462 0.4974385245901639 0.59375 0.5005122950819673 0.5961538461538461 0.5010245901639344 0.6086538461538461 0.5005122950819673 0.6266826923076924 0.4979508196721312 0.6326923076923077 0.4994877049180328 0.6362980769230769 0.4989754098360656 0.6442307692307693 0.4984631147540984 0.6451923076923077 0.4959016393442623 0.645673076923077 0.4948770491803279 0.6497596153846154 0.4918032786885246 0.645673076923077 0.48924180327868855 0.6478365384615384 0.4912909836065574 0.651201923076923 0.4948770491803279 0.651201923076923 0.4979508196721312 0.6502403846153846 0.5010245901639344 0.6528846153846154 0.5128073770491803 0.6526442307692307 0.5158811475409836 0.6487980769230769 0.5199795081967213 0.6579326923076924 0.5189549180327869 0.661298076923077 0.5210040983606558 0.6627403846153846 0.5215163934426229 0.6651442307692308 0.5174180327868853 0.6680288461538462 0.5138319672131147 0.6807692307692308 0.5092213114754098 0.6822115384615385 0.5102459016393442 0.6903846153846154 0.5081967213114754 0.692548076923077 0.507172131147541 0.7012019230769231 0.5040983606557377 0.7033653846153847 0.5081967213114754 0.7074519230769231 0.5117827868852459 0.7050480769230769 0.5138319672131147 0.7067307692307693 0.5225409836065574 0.7079326923076923 0.5266393442622951 0.709375 0.5286885245901639 0.7201923076923077 0.5338114754098361 0.7266826923076923 0.5317622950819673 0.73125 0.5358606557377049 0.7355769230769231 0.5399590163934426 0.7370192307692308 0.5404713114754098 0.7387019230769231 0.5430327868852459 0.765625 0.5420081967213115 0.7769230769230769 0.538422131147541 0.7795673076923076 0.5404713114754098 0.7822115384615385 0.5389344262295082 0.7867788461538462 0.5425204918032787 0.7930288461538462 0.5399590163934426 0.8004807692307693 0.5414959016393442 0.8045673076923077 0.5425204918032787 0.8052884615384616 0.5471311475409836 0.8055288461538461 0.5496926229508197 0.8096153846153846 0.5491803278688525 0.817548076923077 0.5471311475409836 0.8201923076923077 0.5425204918032787 0.8221153846153846 0.5399590163934426 0.8278846153846153 0.5420081967213115 0.83125 0.5414959016393442 0.8435096153846153 0.5435450819672131 0.848798076923077 0.5409836065573771 0.8591346153846153 0.5425204918032787 0.8608173076923077 0.5466188524590164 0.8610576923076924 0.5486680327868853 0.8627403846153846 0.5502049180327869 0.8661057692307692 0.5486680327868853 0.86875 0.5491803278688525 0.8774038461538461 0.5517418032786885 0.880048076923077 0.5512295081967213 0.8838942307692308 0.5537909836065574 0.8870192307692307 0.5476434426229508 0.8896634615384615 0.5425204918032787 0.8894230769230769 0.5404713114754098 0.8901442307692308 0.5414959016393442 0.8939903846153846 0.538422131147541 0.8985576923076923 0.5425204918032787 0.9040865384615384 0.5414959016393442 0.9125 0.5425204918032787 0.9165865384615385 0.5445696721311475 0.9182692307692307 0.5420081967213115 0.9213942307692308 0.5414959016393442 0.9283653846153846 0.5430327868852459 0.9302884615384616 0.5496926229508197 0.9305288461538461 0.5522540983606558 0.9329326923076923 0.5522540983606558 0.940625 0.5548155737704918 0.9495192307692307 0.5532786885245902 0.9538461538461539 0.5548155737704918 0.9564903846153846 0.5502049180327869 0.9588942307692307 0.5450819672131147 0.9586538461538462 0.5414959016393442 0.9603365384615384 0.5399590163934426 0.9668269230769231 0.5414959016393442 0.9699519230769231 0.5409836065573771 0.9778846153846154 0.5389344262295082 0.9805288461538462 0.5409836065573771 0.984375 0.5379098360655737 0.9872596153846154 0.5404713114754098 0.9918269230769231 0.5373975409836066 0.9932692307692308 0.5373975409836066 0.994951923076923 0.5420081967213115 0.9975961538461539 0.5425204918032787 0.9997596153846153 0.5701844262295082 0.9997596153846153 0.5712090163934426 0.9971153846153846 0.5753073770491803 0.9975961538461539 0.5763319672131147 0.9997596153846153 0.5783811475409836 0.9997596153846153 0.5783811475409836 0.9961538461538462 0.5809426229508197 0.9956730769230769 0.5814549180327869 0.9939903846153846 0.5804303278688525 0.9930288461538461 0.5778688524590164 0.9959134615384615 0.5773565573770492 0.9918269230769231 0.5737704918032787 0.9911057692307692 0.5778688524590164 0.9846153846153847 0.5799180327868853 0.9855769230769231 0.5814549180327869 0.9887019230769231 0.5829918032786885 0.9379807692307692 0.5804303278688525 0.9355769230769231 0.5824795081967213 0.9336538461538462 0.5829918032786885 0.9072115384615385 0.5814549180327869 0.9024038461538462 0.5778688524590164 0.9019230769230769 0.5727459016393442 0.9028846153846154 0.5701844262295082 0.8990384615384616 0.5701844262295082 0.8903846153846153 0.5742827868852459 0.8884615384615384 0.5814549180327869 0.8882211538461539 0.5829918032786885 0.8790865384615385 0.5814549180327869 0.8002403846153846 0.5799180327868853 0.7971153846153847 0.5804303278688525 0.7514423076923077 0.576844262295082 0.7141826923076923 0.5747950819672131 0.6490384615384616 0.5681352459016393 0.6026442307692308 0.5604508196721312 0.5259615384615385 0.5507172131147541 0.4795673076923077 0.5404713114754098 0.4442307692307692 0.5338114754098361 0.40697115384615384 0.5245901639344263 0.33197115384615383 0.5189549180327869 0.23173076923076924 0.5199795081967213 0.19230769230769232 0.5174180327868853 0.16875 0.5153688524590164 0.08774038461538461 0.5158811475409836 0.036057692307692304 0.5138319672131147 0
4 0.45594262295081966 0.6674278846153846 0.013831967213114754 0.03125
4 0.49077868852459017 0.7078125 0.016905737704918034 0.04927884615384615
4 0.4444159836065574 0.7122596153846154 0.01639344262295082 0.029326923076923077
4 0.4761782786885246 0.46778846153846154 0.042008196721311473 0.07115384615384615
4 0.5276639344262295 0.5274038461538462 0.035860655737704916 0.05552884615384615
4 0.5302254098360656 0.5790865384615385 0.022028688524590164 0.026682692307692307
4 0.5599385245901639 0.5651442307692308 0.007172131147540984 0.035576923076923075
4 0.5678790983606558 0.6099759615384616 0.016905737704918034 0.029326923076923077
4 0.5128073770491803 0.6100961538461539 0.017930327868852458 0.036057692307692304
4 0.5765881147540983 0.6756009615384615 0.030225409836065573 0.056971153846153845
4 0.5630122950819673 0.7853365384615385 0.045081967213114756 0.08341346153846153
4 0.5699282786885246 0.8659855769230769 0.04559426229508197 0.04927884615384615
4 0.5840163934426229 0.9527644230769231 0.013831967213114754 0.08822115384615385
4 0.5514856557377049 0.9443509615384615 0.03227459016393443 0.04014423076923077
4 0.514344262295082 0.2378605769230769 0.031762295081967214 0.043028846153846154
4 0.516905737704918 0.30096153846153845 0.04047131147540984 0.04014423076923077
