3 0.144375 0.4021875 0.14625 0.021875
3 0.70875 0.3790625 0.12125 0.038125
3 0.540625 0.34125 0.0975 0.0375
3 0.2753125 0.3759375 0.116875 0.020625
3 0.6671875 0.3234375 0.090625 0.029375
3 0.3134375 0.493125 0.080625 0.04875
3 0.5690625 0.5175 0.134375 0.085
3 0.240625 0.570625 0.2425 0.5825 0.25875 0.589375 0.293125 0.59125 0.3 0.581875 0.300625 0.5675 0.29 0.556875 0.261875 0.5575
3 0.275 0.583125 0.27375 0.586875 0.2825 0.59 0.285625 0.59375 0.280625 0.59875 0.285625 0.6025 0.305 0.599375 0.308125 0.588125 0.308125 0.575 0.311875 0.570625 0.303125 0.56875 0.2946875 0.5825
3 0.01375 0.53 0.014375 0.540625 0.02875 0.568125 0.039375 0.571875 0.043125 0.570625 0.056875 0.58 0.07125 0.575625 0.074375 0.578125 0.169375 0.6025 0.174375 0.6 0.16875 0.58875 0.173125 0.585 0.1675 0.584375 0.159375 0.573125 0.160625 0.56375 0.184375 0.545 0.196875 0.540625 0.20125 0.529375 0.1975 0.524375 0.183125 0.518125 0.126875 0.516875 0.100625 0.519375 0.07875 0.50375 0.060625 0.500625 0.0525 0.50625 0.045 0.518125 0.0325 0.525
3 0.014375 0.53 0.014375 0.54 0.025 0.564375 0.028125 0.56875 0.04125 0.574375 0.041875 0.5825 0.05625 0.584375 0.075 0.5825 0.09875 0.589375 0.11375 0.5875 0.145625 0.6075 0.2825 0.61125 0.29125 0.605625 0.305625 0.603125 0.31625 0.5975 0.323125 0.575625 0.32 0.56 0.31375 0.5525 0.303125 0.549375 0.278125 0.550625 0.259375 0.54375 0.22375 0.5525 0.2175 0.556875 0.198125 0.54 0.200625 0.5275 0.186875 0.51875 0.13375 0.515 0.1025 0.519375 0.085 0.50625 0.0675 0.5 0.054375 0.503125 0.040625 0.520625
3 0.456875 0.6 0.455625 0.605625 0.458125 0.61 0.469375 0.611875 0.491875 0.611875 0.504375 0.609375 0.508125 0.60625 0.505 0.60125 0.4875 0.59 0.46125 0.594375
3 0.575 0.563125 0.57375 0.57125 0.57625 0.57625 0.580625 0.580625 0.5925 0.585 0.61 0.585 0.6175 0.5825 0.621875 0.5775 0.619375 0.5675 0.608125 0.558125 0.5875 0.55625
3 0.78625 0.45625 0.785 0.464375 0.78875 0.468125 0.8046875 0.46875 0.8175 0.478125 0.841875 0.483125 0.875 0.480625 0.890625 0.471875 0.9 0.47 0.895625 0.459375 0.883125 0.454375 0.869375 0.4525 0.8075 0.4525
3 0.801875 0.394375 0.8025 0.403125 0.8125 0.408125 0.838125 0.408125 0.85 0.400625 0.8475 0.394375 0.835 0.389375 0.814375 0.38875
3 0.856875 0.32875 0.855625 0.335 0.8575 0.336875 0.875 0.34 0.8975 0.34125 0.928125 0.335 0.92625 0.330625 0.92125 0.3275 0.905 0.32625 0.8875 0.320625 0.871875 0.320625
3 0.4425 0.4425 0.441875 0.446875 0.4525 0.45 0.473125 0.445625 0.47 0.43875 0.461875 0.435625 0.4525 0.435625
3 0.425 0.366875 0.421875 0.369375 0.421875 0.373125 0.42875 0.37875 0.4425 0.3775 0.448125 0.37125 0.443125 0.365
3 0.23 0.430625 0.23 0.435625 0.24125 0.43875 0.26625 0.438125 0.27625 0.431875 0.273125 0.425 0.265 0.420625 0.25125 0.420625 0.23875 0.42375
3 0.466875 0.51625 0.465 0.520625 0.47625 0.529375 0.484375 0.53 0.49125 0.525625 0.490625 0.521875 0.484375 0.51625
3 0.446875 0.546875 0.4475 0.55125 0.46375 0.558125 0.48 0.555 0.484375 0.55 0.480625 0.541875 0.47 0.5375 0.455625 0.54125
3 0.003125 0.43125 0 0.4325 0 0.444375 0.008125 0.446875 0.05125 0.444375 0.058125 0.44 0.05625 0.43375 0.043125 0.429375 0.018125 0.428125
3 0.00125 0.395625 0 0.41125 0.015625 0.41125 0.033125 0.404375 0.033125 0.400625 0.0275 0.3975 0.013125 0.398125
3 0.59125 0.403125 0.590625 0.4075 0.5975 0.411875 0.6025 0.411875 0.606875 0.408125 0.606875 0.404375 0.600625 0.4
3 0.5725 0.431875 0.57125 0.435625 0.580625 0.440625 0.588125 0.44 0.596875 0.43375 0.59625 0.430625 0.590625 0.429375
3 0.925 0.565 0.924375 0.5675 0.9275 0.570625 0.93875 0.57625 0.9525 0.574375 0.96125 0.5675 0.96 0.5625 0.948125 0.559375 0.931875 0.56
