4 0.46574074074074073 0.07962962962962963 0.4675925925925926 0.10462962962962963 0.46296296296296297 0.14166666666666666 0.46944444444444444 0.14814814814814814 0.4685185185185185 0.10555555555555556 0.47685185185185186 0.07314814814814814 0.4787037037037037 0.03981481481481482 0.475 0.024074074074074074 0.4703703703703704 0.02962962962962963
4 0.44537037037037036 0.22592592592592592 0.4444444444444444 0.2824074074074074 0.44907407407407407 0.29259259259259257 0.45740740740740743 0.2935185185185185 0.4583333333333333 0.29907407407407405 0.4638888888888889 0.30092592592592593 0.4666666666666667 0.2972222222222222 0.4648148148148148 0.24722222222222223 0.45925925925925926 0.22407407407407406 0.44907407407407407 0.21574074074074073
4 0.4074074074074074 0.19537037037037036 0.4046296296296296 0.22037037037037038 0.42407407407407405 0.25 0.4351851851851852 0.2564814814814815 0.4388888888888889 0.25277777777777777 0.4398148148148148 0.24259259259259258
4 0.4444444444444444 0.337037037037037 0.4425925925925926 0.362962962962963 0.44537037037037036 0.3731481481481482 0.45740740740740743 0.3712962962962963 0.4666666666666667 0.37407407407407406 0.4666666666666667 0.33055555555555555 0.45925925925925926 0.32407407407407407
4 0.45 0.4185185185185185 0.44907407407407407 0.47314814814814815 0.4537037037037037 0.48055555555555557 0.4564814814814815 0.4527777777777778 0.4638888888888889 0.43703703703703706 0.46296296296296297 0.42592592592592593
4 0.4388888888888889 0.3787037037037037 0.44074074074074077 0.5148148148148148 0.43796296296296294 0.5185185185185185 0.4425925925925926 0.5222222222222223 0.4648148148148148 0.44537037037037036 0.4648148148148148 0.43796296296296294 0.45925925925925926 0.43425925925925923 0.44907407407407407 0.4148148148148148 0.45092592592592595 0.3611111111111111 0.45740740740740743 0.34814814814814815 0.4638888888888889 0.35 0.4666666666666667 0.34629629629629627 0.4666666666666667 0.33240740740740743 0.4601851851851852 0.32407407407407407 0.4425925925925926 0.3277777777777778
4 0.45740740740740743 0.4305555555555556 0.45740740740740743 0.4462962962962963 0.46296296296296297 0.45555555555555555 0.4666666666666667 0.44166666666666665 0.46574074074074073 0.425 0.45925925925925926 0.42407407407407405
4 0.462037037037037 0.49444444444444446 0.4638888888888889 0.5037037037037037 0.4601851851851852 0.5194444444444445 0.46296296296296297 0.5305555555555556 0.4722222222222222 0.5416666666666666 0.4722222222222222 0.4842592592592593 0.46296296296296297 0.48333333333333334
4 0.4601851851851852 0.4842592592592593 0.45925925925925926 0.5231481481481481 0.462037037037037 0.5324074074074074 0.4666666666666667 0.5333333333333333 0.4648148148148148 0.5138888888888888 0.46944444444444444 0.49444444444444446 0.46574074074074073 0.48333333333333334
4 0.4527777777777778 0.5675925925925925 0.44907407407407407 0.5851851851851851 0.45740740740740743 0.6037037037037037 0.4564814814814815 0.675 0.4666666666666667 0.6833333333333333 0.4703703703703704 0.675 0.4601851851851852 0.6611111111111111 0.4638888888888889 0.6194444444444445 0.45925925925925926 0.5601851851851852
4 0.487962962962963 0.625 0.48703703703703705 0.6509259259259259 0.49166666666666664 0.6555555555555556 0.4935185185185185 0.6680555555555555 0.48703703703703705 0.687962962962963 0.49444444444444446 0.6925925925925925 0.5 0.6898148148148148 0.5046296296296297 0.6953703703703704 0.5083333333333333 0.6907407407407408 0.5 0.6791666666666667 0.49444444444444446 0.6287037037037037 0.49074074074074076 0.6231481481481481
4 0.4842592592592593 0.5138888888888888 0.4898148148148148 0.5555555555555556 0.4861111111111111 0.5842592592592593 0.49444444444444446 0.6101851851851852 0.4981481481481482 0.5814814814814815 0.49444444444444446 0.5194444444444445 0.49074074074074076 0.5083333333333333
4 0.44907407407407407 0.55 0.44814814814814813 0.5907407407407408 0.4527777777777778 0.5953703703703703 0.4537037037037037 0.5537037037037037
4 0.4398148148148148 0.5546296296296296 0.44074074074074077 0.5768518518518518 0.44537037037037036 0.5833333333333334 0.44537037037037036 0.5564814814814815 0.45 0.5537037037037037 0.44537037037037036 0.5472222222222223
4 0.462037037037037 0.687962962962963 0.4638888888888889 0.725 0.4675925925925926 0.7203703703703703 0.4703703703703704 0.7018518518518518 0.4685185185185185 0.6888888888888889
4 0.43703703703703706 0.6037037037037037 0.4351851851851852 0.6425925925925926 0.4398148148148148 0.6444444444444445 0.4444444444444444 0.6314814814814815 0.44351851851851853 0.6074074074074074
4 0.49074074074074076 0.4703703703703704 0.4898148148148148 0.48518518518518516 0.49444444444444446 0.49166666666666664 0.49722222222222223 0.4740740740740741 0.49444444444444446 0.46944444444444444
4 0.44537037037037036 0.687037037037037 0.44351851851851853 0.7268518518518519 0.45092592592592595 0.7324074074074074 0.4546296296296296 0.7018518518518518 0.4527777777777778 0.6777777777777778 0.44722222222222224 0.6796296296296296
4 0.45555555555555555 0.6824074074074075 0.4546296296296296 0.7314814814814815 0.4666666666666667 0.7407407407407407 0.4703703703703704 0.7175925925925926 0.4685185185185185 0.6712962962962963 0.4601851851851852 0.6703703703703704
4 0.43703703703703706 0.6796296296296296 0.4361111111111111 0.7277777777777777 0.4398148148148148 0.7305555555555555 0.44351851851851853 0.7277777777777777 0.4444444444444444 0.6824074074074075 0.4388888888888889 0.6777777777777778
4 0.4425925925925926 0.862037037037037 0.44074074074074077 0.8703703703703703 0.44907407407407407 0.8740740740740741 0.44907407407407407 0.8601851851851852
4 0.43703703703703706 0.7611111111111111 0.4388888888888889 0.8314814814814815 0.4425925925925926 0.837037037037037 0.44907407407407407 0.8231481481481482 0.45092592592592595 0.7648148148148148 0.4425925925925926 0.7592592592592593
4 0.4527777777777778 0.8333333333333334 0.45185185185185184 0.9046296296296297 0.4564814814814815 0.9120370370370371 0.4601851851851852 0.9120370370370371 0.4601851851851852 0.8518518518518519 0.45740740740740743 0.8342592592592593
4 0.43703703703703706 0.7620370370370371 0.43703703703703706 0.8935185185185185 0.4388888888888889 0.9027777777777778 0.4527777777777778 0.9083333333333333 0.4601851851851852 0.8583333333333333 0.45740740740740743 0.8361111111111111 0.44907407407407407 0.8208333333333333 0.45185185185185184 0.7657407407407407 0.4425925925925926 0.7601851851851852
4 0.46111111111111114 0.862037037037037 0.4583333333333333 0.9111111111111111 0.4666666666666667 0.912962962962963 0.4675925925925926 0.887962962962963 0.47314814814814815 0.8648148148148148 0.4648148148148148 0.8601851851851852
4 0.4962962962962963 0.7925925925925926 0.49537037037037035 0.8037037037037037 0.5018518518518519 0.8092592592592592 0.5055555555555555 0.8037037037037037 0.5046296296296297 0.7925925925925926 0.5018518518518519 0.7898148148148149
4 0.487962962962963 0.7509259259259259 0.4898148148148148 0.7675925925925926 0.5009259259259259 0.774074074074074 0.5009259259259259 0.7527777777777778
4 0.5074074074074074 0.8490740740740741 0.5083333333333333 0.8870370370370371 0.5157407407407407 0.9092592592592592 0.5185185185185185 0.9037037037037037 0.5157407407407407 0.850925925925926 0.5138888888888888 0.8472222222222222
4 0.44537037037037036 0.9416666666666667 0.44537037037037036 0.9629629629629629 0.44907407407407407 0.9666666666666667 0.45740740740740743 0.9666666666666667 0.462037037037037 0.9583333333333334 0.45925925925925926 0.937037037037037 0.44907407407407407 0.9314814814814815
4 0.5027777777777778 0.6638888888888889 0.5018518518518519 0.6907407407407408 0.5055555555555555 0.6972222222222222 0.5101851851851852 0.6935185185185185 0.5092592592592593 0.6583333333333333 0.5055555555555555 0.6583333333333333
