3 0.3390625 0.5428125 0.041875 0.113125
3 0.379375 0.7109375 0.0375 0.124375
3 0.5178125 0.570625 0.081875 0.13
3 0.535625 0.1046875 0.07 0.190625
3 0.4934375 0.3121875 0.046875 0.079375
3 0.33 0.89125 0.02 0.08
3 0.37375 0.2740625 0.02625 0.121875
3 0.324375 0.6653125 0.02625 0.091875
3 0.574375 0.268125 0.02625 0.05625
3 0.398125 0.14625 0.02125 0.14875
3 0.398125 0.8253125 0.02125 0.056875
3 0.4703125 0.84375 0.034375 0.1125
3 0.559375 0.58 0.556875 0.585 0.559375 0.60875 0.568125 0.6175 0.5775 0.621875 0.581875 0.619375 0.586875 0.608125 0.586875 0.595625 0.58375 0.58375 0.578125 0.575625 0.570625 0.5725 0.565 0.57375
3 0.591875 0.470625 0.5925 0.49 0.605625 0.506875 0.610625 0.49375 0.609375 0.455625 0.595 0.45875
3 0.540625 0.460625 0.539375 0.470625 0.54125 0.47625 0.545625 0.4825 0.55 0.48375 0.554375 0.480625 0.558125 0.47 0.558125 0.463125 0.550625 0.4475 0.546875 0.449375
3 0.435625 0.454375 0.435625 0.468125 0.441875 0.474375 0.44625 0.475 0.450625 0.46 0.450625 0.451875 0.44625 0.440625 0.441875 0.4425
3 0.365625 0.43125 0.36625 0.443125 0.369375 0.4475 0.373125 0.446875 0.379375 0.436875 0.37625 0.42375 0.369375 0.423125
3 0.421875 0.25 0.423125 0.26875 0.431875 0.27375 0.435625 0.27 0.4375 0.261875 0.435625 0.23 0.431875 0.229375 0.428125 0.233125
3 0.429375 0.018125 0.429375 0.043125 0.434375 0.05625 0.439375 0.059375 0.4425 0.056875 0.445625 0.046875 0.4475 0.013125 0.445625 0 0.431875 0
3 0.39875 0 0.398125 0.025625 0.4 0.029375 0.404375 0.03 0.4075 0.02375 0.41 0
3 0.424375 0.329375 0.424375 0.35 0.425625 0.3525 0.431875 0.3525 0.43375 0.343125 0.431875 0.325625 0.428125 0.32375
3 0.495 0.365625 0.49625 0.3775 0.504375 0.3775 0.50875 0.369375 0.505 0.35875 0.49875 0.36
3 0.518125 0.469375 0.51875 0.488125 0.525625 0.49125 0.529375 0.485 0.529375 0.4775 0.521875 0.46625 0.51875 0.46625
3 0.555 0.754375 0.554375 0.75875 0.558125 0.765625 0.564375 0.766875 0.570625 0.763125 0.570625 0.754375 0.563125 0.745 0.56 0.744375
3 0.421875 0.729375 0.4175 0.74125 0.42125 0.753125 0.425 0.75625 0.4275 0.736875 0.425625 0.7275
3 0.374375 0.94375 0.37375 0.9525 0.38 0.960625 0.384375 0.955625 0.38375 0.943125 0.378125 0.939375
3 0.56125 0.935 0.56125 0.95 0.56375 0.958125 0.5675 0.959375 0.571875 0.94625 0.571875 0.931875 0.5675 0.925 0.563125 0.928125
3 0.49 0.97875 0.49125 0.990625 0.494375 0.993125 0.499375 0.989375 0.50125 0.980625 0.4975 0.97375
3 0.4325 0.576875 0.433125 0.588125 0.435 0.590625 0.438125 0.59 0.44125 0.581875 0.435625 0.570625
3 0.40125 0.595625 0.401875 0.6025 0.408125 0.60625 0.411875 0.60125 0.41 0.59375 0.404375 0.59125
3 0.5 0.06 0.499375 0.07125 0.508125 0.089375 0.515 0.095625 0.51875 0.103125 0.5175 0.123125 0.51375 0.134375 0.516875 0.181875 0.5225 0.199375 0.5325 0.20375 0.536875 0.20125 0.54 0.2025 0.555 0.215625 0.555 0.22 0.549375 0.226875 0.549375 0.2375 0.54125 0.2575 0.549375 0.281875 0.549375 0.31 0.555625 0.31875 0.57375 0.324375 0.584375 0.32 0.593125 0.32 0.6 0.31375 0.610625 0.28375 0.6075 0.14375 0.605625 0.13625 0.59125 0.119375 0.59 0.090625 0.585625 0.088125 0.580625 0.06625 0.5825 0.059375 0.58125 0.04875 0.575 0.044375 0.566875 0.024375 0.545 0.0175 0.535625 0.010625 0.53 0.013125 0.5175 0.045 0.50375 0.053125
