4 0.45925925925925926 0.3055555555555556 0.45925925925925926 0.3175925925925926 0.4648148148148148 0.33055555555555555 0.45925925925925926 0.3314814814814815 0.4564814814814815 0.37407407407407406 0.4444444444444444 0.4064814814814815 0.4444444444444444 0.44351851851851853 0.44351851851851853 0.45 0.4351851851851852 0.45925925925925926 0.43796296296296294 0.46111111111111114 0.43703703703703706 0.47129629629629627 0.4444444444444444 0.47685185185185186 0.4425925925925926 0.48055555555555557 0.4462962962962963 0.4842592592592593 0.4564814814814815 0.487962962962963 0.45740740740740743 0.4842592592592593 0.46944444444444444 0.4824074074074074 0.4740740740740741 0.4740740740740741 0.4791666666666667 0.4740740740740741 0.487962962962963 0.4824074074074074 0.5111111111111111 0.4824074074074074 0.5157407407407407 0.475 0.5287037037037037 0.4824074074074074 0.5527777777777778 0.48148148148148145 0.5694444444444444 0.4564814814814815 0.5694444444444444 0.4324074074074074 0.5731481481481482 0.4185185185185185 0.5694444444444444 0.41388888888888886 0.5694444444444444 0.40370370370370373 0.5731481481481482 0.39351851851851855 0.5814814814814815 0.3925925925925926 0.5861111111111111 0.387037037037037 0.5814814814814815 0.35462962962962963 0.5509259259259259 0.325 0.5546296296296296 0.3194444444444444 0.5398148148148149 0.31574074074074077 0.5398148148148149 0.3055555555555556 0.5287037037037037 0.30833333333333335 0.5259259259259259 0.3055555555555556 0.4981481481481482 0.2740740740740741 0.4981481481481482 0.2638888888888889 0.49166666666666664 0.2638888888888889 0.48055555555555557 0.24814814814814815 0.47314814814814815 0.24722222222222223 0.4703703703703704 0.25092592592592594 0.47314814814814815 0.2657407407407407 0.4685185185185185 0.2898148148148148 0.4703703703703704 0.29814814814814816
4 0.4287037037037037 0.5148148148148148 0.42777777777777776 0.525 0.44074074074074077 0.5268518518518519 0.4564814814814815 0.5361111111111111 0.46944444444444444 0.5296296296296297 0.4740740740740741 0.5185185185185185 0.4842592592592593 0.5157407407407407 0.49166666666666664 0.5074074074074074 0.48518518518518516 0.5009259259259259 0.4388888888888889 0.4981481481481482 0.43333333333333335 0.5009259259259259
4 0.44074074074074077 0 0.4462962962962963 0.03518518518518519 0.44907407407407407 0.09814814814814815 0.4546296296296296 0.12037037037037036 0.45185185185185184 0.1962962962962963 0.45555555555555555 0.21574074074074073 0.45740740740740743 0.30277777777777776 0.4527777777777778 0.35555555555555557 0.4388888888888889 0.4212962962962963 0.43148148148148147 0.4787037037037037 0.4388888888888889 0.4703703703703704 0.4361111111111111 0.4638888888888889 0.44351851851851853 0.45925925925925926 0.4601851851851852 0.36203703703703705 0.46944444444444444 0.34814814814814815 0.4777777777777778 0.35 0.48148148148148145 0.34629629629629627 0.4861111111111111 0.33425925925925926 0.49444444444444446 0.32592592592592595 0.49166666666666664 0.3 0.48703703703703705 0.29074074074074074 0.4777777777777778 0.28425925925925927 0.4777777777777778 0.26666666666666666 0.48333333333333334 0.23333333333333334 0.49166666666666664 0.2111111111111111 0.4962962962962963 0.175 0.49166666666666664 0.15462962962962962 0.48148148148148145 0.14351851851851852 0.47685185185185186 0.1259259259259259 0.47129629629629627 0.11851851851851852 0.4759259259259259 0.06296296296296296 0.4703703703703704 0.028703703703703703 0.4842592592592593 0.022222222222222223 0.4759259259259259 0
4 0.45 0.40370370370370373 0.45 0.41574074074074074 0.45740740740740743 0.4185185185185185 0.45740740740740743 0.4222222222222222 0.44722222222222224 0.43148148148148147 0.4462962962962963 0.462037037037037 0.46944444444444444 0.4703703703703704 0.48518518518518516 0.4583333333333333 0.5046296296296297 0.4537037037037037 0.5166666666666667 0.44166666666666665 0.5259259259259259 0.41944444444444445 0.5203703703703704 0.37592592592592594 0.5037037037037037 0.36018518518518516 0.49907407407407406 0.34074074074074073 0.49907407407407406 0.31851851851851853 0.48703703703703705 0.31666666666666665 0.46296296296296297 0.34814814814814815 0.462037037037037 0.3675925925925926
4 0.47685185185185186 0.7361111111111112 0.47685185185185186 0.7490740740740741 0.48518518518518516 0.7731481481481481 0.4962962962962963 0.7787037037037037 0.5120370370370371 0.7777777777777778 0.5194444444444445 0.7731481481481481 0.5259259259259259 0.7546296296296297 0.5166666666666667 0.7407407407407407 0.49907407407407406 0.7388888888888889 0.48333333333333334 0.7324074074074074
4 0.42685185185185187 0.6592592592592592 0.43148148148148147 0.7185185185185186 0.43148148148148147 0.7953703703703704 0.4351851851851852 0.8074074074074075 0.44351851851851853 0.8083333333333333 0.44814814814814813 0.8037037037037037 0.4564814814814815 0.8074074074074075 0.46296296296296297 0.8018518518518518 0.4685185185185185 0.8064814814814815 0.46944444444444444 0.8138888888888889 0.487962962962963 0.8175925925925925 0.487962962962963 0.8277777777777777 0.4935185185185185 0.8314814814814815 0.5 0.8296296296296296 0.49907407407407406 0.825 0.5037037037037037 0.8203703703703704 0.5194444444444445 0.8166666666666667 0.5342592592592592 0.8222222222222222 0.5462962962962963 0.8342592592592593 0.5583333333333333 0.8361111111111111 0.587037037037037 0.8083333333333333 0.6018518518518519 0.8037037037037037 0.6138888888888889 0.7888888888888889 0.6138888888888889 0.7666666666666667 0.5898148148148148 0.7361111111111112 0.5527777777777778 0.7018518518518518 0.5361111111111111 0.6925925925925925 0.5222222222222223 0.6990740740740741 0.5018518518518519 0.6962962962962963 0.49444444444444446 0.6842592592592592 0.4981481481481482 0.6675925925925926 0.4703703703703704 0.6472222222222223 0.45925925925925926 0.6453703703703704 0.4462962962962963 0.65 0.4425925925925926 0.6462962962962963 0.43148148148148147 0.6462962962962963
4 0.41759259259259257 0.6361111111111111 0.41759259259259257 0.6611111111111111 0.42592592592592593 0.6657407407407407 0.4287037037037037 0.6472222222222223
4 0.45740740740740743 0 0.44166666666666665 0 0.44907407407407407 0.07222222222222222 0.45740740740740743 0.04351851851851852 0.45092592592592595 0.037037037037037035 0.4537037037037037 0.032407407407407406 0.4527777777777778 0.017592592592592594 0.4638888888888889 0.014814814814814815
4 0.4185185185185185 0.7194444444444444 0.4185185185185185 0.8416666666666667 0.412962962962963 0.8972222222222223 0.40370370370370373 0.9361111111111111 0.40370370370370373 0.950925925925926 0.4074074074074074 0.9546296296296296 0.41759259259259257 0.9518518518518518 0.42685185185185187 0.9398148148148148 0.4361111111111111 0.8 0.42962962962962964 0.7842592592592592 0.4324074074074074 0.7333333333333333 0.42685185185185187 0.7055555555555556 0.42314814814814816 0.7064814814814815
4 0.41759259259259257 0.6768518518518518 0.4166666666666667 0.862037037037037 0.40185185185185185 0.9444444444444444 0.40555555555555556 0.9712962962962963 0.40925925925925927 0.9694444444444444 0.4111111111111111 0.9527777777777777 0.41759259259259257 0.9527777777777777 0.425 0.9444444444444444 0.4287037037037037 0.925 0.43148148148148147 0.7129629629629629 0.4287037037037037 0.674074074074074
