3 0.2921875 0.43125 0.120625 0.03375
3 0.4328125 0.551875 0.134375 0.07375
3 0.460625 0.3959375 0.1275 0.036875
3 0.855625 0.4503125 0.145 0.020625
3 0.1109375 0.3903125 0.078125 0.016875
3 0.7246875 0.428125 0.120625 0.0225
3 0.159375 0.5103125 0.125 0.025625
3 0.176875 0.4484375 0.0475 0.019375
3 0.334375 0.3834375 0.0925 0.024375
3 0.2440625 0.58875 0.024375 0.015
3 0.4021875 0.5971875 0.046875 0.026875
3 0.06125 0.5934375 0.03125 0.015625
3 0.748125 0.474375 0.045 0.015
3 0.5415625 0.486875 0.028125 0.01125
3 0.97 0.4803125 0.05875 0.016875
3 0.0184375 0.5303125 0.023125 0.011875
3 0.5196875 0.6221875 0.056875 0.023125
3 0.40125 0.4540625 0.01625 0.010625
3 0.6878125 0.5290625 0.076875 0.040625
3 0.53375 0.5784375 0.03125 0.015625
3 0.2603125 0.46875 0.016875 0.01125
3 0.630625 0.5371875 0.02 0.013125
3 0.523125 0.553125 0.025 0.01375
3 0.0515625 0.4309375 0.018125 0.011875
3 0.678125 0.596875 0.681875 0.61625 0.72 0.626875 0.725 0.624375 0.746875 0.6275 0.76375 0.626875 0.781875 0.620625 0.78625 0.62375 0.795 0.623125 0.800625 0.61625 0.805625 0.61625 0.810625 0.62 0.81375 0.61 0.7975 0.60625 0.784375 0.593125 0.7825 0.584375 0.77 0.583125 0.7625 0.579375 0.761875 0.576875 0.756875 0.5775 0.751875 0.574375 0.74625 0.57625 0.745 0.574375 0.73 0.574375 0.724375 0.57875 0.715 0.580625 0.699375 0.578125 0.68875 0.580625 0.681875 0.586875
3 0.798125 0.558125 0.798125 0.565 0.8025 0.57125 0.82 0.576875 0.834375 0.58875 0.838125 0.596875 0.830625 0.604375 0.83 0.613125 0.8375 0.62 0.845 0.615625 0.85125 0.62625 0.85375 0.620625 0.859375 0.616875 0.8625 0.618125 0.87875 0.613125 0.89875 0.603125 0.90375 0.605625 0.904375 0.609375 0.914375 0.603125 0.94625 0.604375 0.9525 0.5975 0.96625 0.595625 0.974375 0.58875 0.985625 0.563125 0.983125 0.55875 0.96625 0.5575 0.9525 0.55125 0.9425 0.53625 0.93 0.535625 0.92125 0.5375 0.9075 0.544375 0.900625 0.550625 0.8925 0.553125 0.859375 0.55 0.816875 0.55 0.805625 0.553125
3 0.546875 0.419375 0.54625 0.425 0.560625 0.431875 0.57 0.431875 0.579375 0.425625 0.578125 0.42125 0.5675 0.416875
3 0.564375 0.405625 0.5625 0.40875 0.56625 0.411875 0.584375 0.41125 0.579375 0.405625
3 0.22 0.378125 0.219375 0.38 0.223125 0.3825 0.229375 0.3825 0.239375 0.38 0.24125 0.37625 0.230625 0.375
