4 0.5712090163934426 0.017788461538461538 0.5737704918032787 0.02716346153846154 0.5676229508196722 0.052403846153846155 0.5625 0.05216346153846154 0.5614754098360656 0.04591346153846154 0.5706967213114754 0.018028846153846152
4 0.5917008196721312 0.14543269230769232 0.5952868852459017 0.14591346153846155 0.5957991803278688 0.15096153846153845 0.5901639344262295 0.175 0.5855532786885246 0.18677884615384616 0.5809426229508197 0.18629807692307693 0.5917008196721312 0.14567307692307693
4 0.4733606557377049 0.6762019230769231 0.4738729508196721 0.6973557692307693 0.4697745901639344 0.6961538461538461 0.4728483606557377 0.6764423076923077
4 0.5604508196721312 0.7644230769230769 0.5660860655737705 0.8098557692307692 0.5635245901639344 0.8495192307692307 0.5604508196721312 0.8528846153846154 0.5584016393442623 0.8490384615384615 0.5568647540983607 0.7870192307692307 0.5604508196721312 0.7646634615384615
4 0.48770491803278687 0.30528846153846156 0.49026639344262296 0.31658653846153845 0.48770491803278687 0.3264423076923077 0.48463114754098363 0.32740384615384616 0.48206967213114754 0.3127403846153846 0.48719262295081966 0.30528846153846156
4 0.5051229508196722 0.4826923076923077 0.5092213114754098 0.5016826923076924 0.5051229508196722 0.5483173076923077 0.5015368852459017 0.5459134615384615 0.5010245901639344 0.5379807692307692 0.5046106557377049 0.4829326923076923
4 0.5742827868852459 0.43485576923076924 0.576844262295082 0.4391826923076923 0.5763319672131147 0.4653846153846154 0.5732581967213115 0.46802884615384616 0.5742827868852459 0.43509615384615385
4 0.5450819672131147 0 0.6224385245901639 0 0.6193647540983607 0.03076923076923077 0.6157786885245902 0.042548076923076925 0.6111680327868853 0.04350961538461538 0.6168032786885246 0.052403846153846155 0.6162909836065574 0.06778846153846153 0.6034836065573771 0.134375 0.6039959016393442 0.14807692307692308 0.5819672131147541 0.24278846153846154 0.5742827868852459 0.3451923076923077 0.576844262295082 0.3730769230769231 0.5747950819672131 0.4360576923076923 0.5814549180327869 0.5288461538461539 0.579405737704918 0.5471153846153847 0.5845286885245902 0.5740384615384615 0.5922131147540983 0.6793269230769231 0.5911885245901639 0.6997596153846154 0.586577868852459 0.7036057692307692 0.5927254098360656 0.7134615384615385 0.59375 0.7290865384615385 0.5906762295081968 0.7375 0.5901639344262295 0.807451923076923 0.586577868852459 0.8158653846153846 0.5881147540983607 0.8814903846153846 0.5850409836065574 0.9 0.5799180327868853 0.9004807692307693 0.5778688524590164 0.9028846153846154 0.5809426229508197 0.9086538461538461 0.5855532786885246 0.9074519230769231 0.5855532786885246 0.9528846153846153 0.5886270491803278 0.9622596153846154 0.5845286885245902 0.975 0.5758196721311475 0.9771634615384616 0.5829918032786885 0.9807692307692307 0.5778688524590164 0.9862980769230769 0.5742827868852459 0.9819711538461539 0.5686475409836066 0.984375 0.5788934426229508 0.9896634615384615 0.5747950819672131 0.9947115384615385 0.5717213114754098 0.9925480769230769 0.5676229508196722 0.9947115384615385 0.5645491803278688 0.9918269230769231 0.5609631147540983 0.9923076923076923 0.5604508196721312 0.9947115384615385 0.5599385245901639 0.9877403846153846 0.5640368852459017 0.9891826923076923 0.5676229508196722 0.9846153846153847 0.5640368852459017 0.9817307692307692 0.5537909836065574 0.984375 0.5548155737704918 0.9884615384615385 0.5522540983606558 0.9913461538461539 0.5471311475409836 0.9920673076923077 0.5466188524590164 0.994951923076923 0.5445696721311475 0.9923076923076923 0.5399590163934426 0.9939903846153846 0.5363729508196722 0.9923076923076923 0.5327868852459017 0.9951923076923077 0.5117827868852459 0.9956730769230769 0.5081967213114754 0.9927884615384616 0.5051229508196722 0.994951923076923 0.5015368852459017 0.9923076923076923 0.4979508196721312 0.9951923076923077 0.4738729508196721 0.9951923076923077 0.4713114754098361 0.9997596153846153 0.4600409836065574 0.9997596153846153 0.45850409836065575 0.9947115384615385 0.4646516393442623 0.9754807692307692 0.4610655737704918 0.9612980769230769 0.4600409836065574 0.8197115384615384 0.46209016393442626 0.7829326923076924 0.4661885245901639 0.7793269230769231 0.46311475409836067 0.776201923076923 0.4636270491803279 0.7153846153846154 0.46875 0.7132211538461538 0.4636270491803279 0.7105769230769231 0.46311475409836067 0.6846153846153846 0.4672131147540984 0.6841346153846154 0.4682377049180328 0.6807692307692308 0.4636270491803279 0.6723557692307692 0.4656762295081967 0.6649038461538461 0.4600409836065574 0.6016826923076923 0.46311475409836067 0.5930288461538461 0.4661885245901639 0.4307692307692308 0.4723360655737705 0.3769230769230769 0.4702868852459016 0.3591346153846154 0.4733606557377049 0.3576923076923077 0.49077868852459017 0.22067307692307692 0.5450819672131147 0.0002403846153846154
4 0.5742827868852459 0.36201923076923076 0.576844262295082 0.3798076923076923 0.576844262295082 0.3877403846153846 0.5742827868852459 0.3894230769230769 0.5732581967213115 0.3855769230769231 0.5742827868852459 0.3622596153846154
4 0.5563524590163934 0.5828125 0.006147540983606557 0.018028846153846152
4 0.4600409836065574 0.9653846153846154 0.4646516393442623 0.9771634615384616 0.46311475409836067 0.9795673076923077 0.4600409836065574 0.9805288461538462 0.45850409836065575 0.9790865384615385 0.4600409836065574 0.965625
4 0.4769467213114754 0.9591346153846154 0.4800204918032787 0.9632211538461538 0.47950819672131145 0.96875 0.4764344262295082 0.9699519230769231 0.4769467213114754 0.959375
4 0.5742827868852459 0.43533653846153847 0.5814549180327869 0.5247596153846154 0.5814549180327869 0.540625 0.5778688524590164 0.5408653846153846 0.5747950819672131 0.5329326923076924 0.5717213114754098 0.46274038461538464 0.5742827868852459 0.4355769230769231
4 0.5778688524590164 0.28725961538461536 0.5763319672131147 0.3389423076923077 0.5737704918032787 0.3423076923076923 0.5722336065573771 0.3266826923076923 0.5742827868852459 0.29591346153846154 0.5778688524590164 0.2875
4 0.4702868852459016 0.43125 0.4733606557377049 0.4411057692307692 0.4723360655737705 0.49206730769230766 0.4702868852459016 0.49783653846153847 0.4667008196721312 0.4983173076923077 0.4641393442622951 0.48677884615384615 0.4661885245901639 0.4391826923076923 0.4702868852459016 0.43149038461538464
4 0.548155737704918 0 0.5568647540983607 0 0.5671106557377049 0.005048076923076923 0.5609631147540983 0.046153846153846156 0.5665983606557377 0.057692307692307696 0.5594262295081968 0.07043269230769231 0.5522540983606558 0.096875 0.5399590163934426 0.15865384615384615 0.5292008196721312 0.17259615384615384 0.5266393442622951 0.1860576923076923 0.5117827868852459 0.21754807692307693 0.5015368852459017 0.22548076923076923 0.4979508196721312 0.22596153846153846 0.49334016393442626 0.22115384615384615 0.5153688524590164 0.11225961538461539 0.5399590163934426 0.019471153846153846 0.548155737704918 0.0002403846153846154
4 0.48770491803278687 0.49014423076923075 0.4887295081967213 0.5427884615384615 0.48411885245901637 0.5694711538461539 0.48104508196721313 0.5615384615384615 0.48258196721311475 0.5079326923076923 0.48360655737704916 0.4949519230769231 0.48719262295081966 0.49038461538461536
4 0.5015368852459017 0.3266826923076923 0.5051229508196722 0.3331730769230769 0.5040983606557377 0.35504807692307694 0.5015368852459017 0.3737980769230769 0.4984631147540984 0.37716346153846153 0.4974385245901639 0.37596153846153846 0.5015368852459017 0.3269230769230769
4 0.4769467213114754 0.3524038461538462 0.48258196721311475 0.384375 0.4805327868852459 0.4064903846153846 0.4774590163934426 0.4096153846153846 0.47540983606557374 0.4076923076923077 0.4723360655737705 0.3762019230769231 0.4769467213114754 0.3526442307692308
4 0.5537909836065574 0.6521634615384615 0.5532786885245902 0.6694711538461539 0.5496926229508197 0.6685096153846154 0.5502049180327869 0.6536057692307692 0.5532786885245902 0.6521634615384615
4 0.48770491803278687 0.9355769230769231 0.48770491803278687 0.9459134615384616 0.48360655737704916 0.9430288461538462 0.48719262295081966 0.9355769230769231
4 0.5604508196721312 0.6365384615384615 0.5589139344262295 0.6161057692307692 0.5635245901639344 0.609375 0.5660860655737705 0.6293269230769231 0.5650614754098361 0.6348557692307693 0.5609631147540983 0.6365384615384615
4 0.5983606557377049 0 0.6214139344262295 0 0.6193647540983607 0.04278846153846154 0.6162909836065574 0.046875 0.6029713114754098 0.04567307692307692 0.5952868852459017 0.042067307692307696 0.5917008196721312 0.03653846153846154 0.5906762295081968 0.028846153846153848 0.5983606557377049 0.0002403846153846154
4 0.48770491803278687 0.6572115384615385 0.4923155737704918 0.6944711538461539 0.4912909836065574 0.7367788461538461 0.48770491803278687 0.7413461538461539 0.48411885245901637 0.6961538461538461 0.48463114754098363 0.6588942307692308 0.48719262295081966 0.6572115384615385
4 0.48719262295081966 0.49014423076923075 0.48975409836065575 0.49447115384615387 0.4887295081967213 0.5391826923076923 0.48411885245901637 0.551923076923077 0.48309426229508196 0.5449519230769231 0.48309426229508196 0.4997596153846154 0.48719262295081966 0.49038461538461536
4 0.4636270491803279 0.5012019230769231 0.4672131147540984 0.5098557692307693 0.4667008196721312 0.5290865384615384 0.46311475409836067 0.5305288461538461 0.46209016393442626 0.5274038461538462 0.46311475409836067 0.5014423076923077
4 0.5706967213114754 0.2545673076923077 0.5737704918032787 0.2569711538461538 0.5727459016393442 0.2759615384615385 0.5701844262295082 0.2899038461538462 0.5676229508196722 0.2932692307692308 0.5655737704918032 0.2903846153846154 0.5706967213114754 0.2548076923076923
4 0.48770491803278687 0.8423076923076923 0.49077868852459017 0.8442307692307692 0.49385245901639346 0.8771634615384616 0.4923155737704918 0.9081730769230769 0.49077868852459017 0.9103365384615385 0.4887295081967213 0.9069711538461539 0.48770491803278687 0.8425480769230769
4 0.49436475409836067 0.21923076923076923 0.4979508196721312 0.22740384615384615 0.4923155737704918 0.2620192307692308 0.49077868852459017 0.2637019230769231 0.48719262295081966 0.26298076923076924 0.48463114754098363 0.2564903846153846 0.4882172131147541 0.23173076923076924 0.49436475409836067 0.21947115384615384
4 0.48770491803278687 0.5783653846153847 0.49026639344262296 0.5836538461538462 0.48770491803278687 0.6040865384615385 0.48360655737704916 0.6002403846153846 0.48360655737704916 0.5810096153846154 0.48719262295081966 0.5783653846153847
4 0.5225409836065574 0.20264423076923077 0.5245901639344263 0.21009615384615385 0.5204918032786885 0.2483173076923077 0.5056352459016393 0.315625 0.5076844262295082 0.27283653846153844 0.5220286885245902 0.20288461538461539
4 0.5537909836065574 0.31466346153846153 0.555327868852459 0.33629807692307695 0.5502049180327869 0.3699519230769231 0.5466188524590164 0.3697115384615385 0.545594262295082 0.36682692307692305 0.5440573770491803 0.34302884615384616 0.5532786885245902 0.31490384615384615
4 0.4738729508196721 0.5911057692307692 0.4764344262295082 0.6230769230769231 0.4702868852459016 0.6331730769230769 0.4677254098360656 0.6161057692307692 0.4733606557377049 0.5913461538461539
