3 0.44375 0.439375 0.02125 0.09875
3 0.48125 0.4478125 0.0225 0.120625
3 0.4603125 0.8971875 0.030625 0.148125
3 0.5403125 0.4640625 0.016875 0.079375
3 0.5415625 0.149375 0.024375 0.13625
3 0.5103125 0.5725 0.016875 0.05875
3 0.5078125 0.2715625 0.018125 0.086875
3 0.50625 0.9021875 0.0225 0.096875
3 0.445625 0.674375 0.445 0.703125 0.45 0.710625 0.45625 0.703125 0.45875 0.685625 0.459375 0.67 0.45625 0.65125 0.453125 0.650625
3 0.41375 0.7775 0.413125 0.84625 0.415 0.855625 0.418125 0.856875 0.42625 0.84625 0.4275 0.830625 0.42625 0.76875 0.423125 0.76375 0.418125 0.764375
