3 0.5184375 0.3759375 0.064375 0.051875
3 0.37125 0.63875 0.04875 0.0825
3 0.318125 0.5278125 0.05 0.073125
3 0.5478125 0.5453125 0.100625 0.085625
3 0.5696875 0.24 0.080625 0.13
3 0.364375 0.351875 0.0325 0.08125
3 0.3053125 0.76 0.028125 0.0525
3 0.3959375 0.715625 0.026875 0.035
3 0.601875 0.341875 0.6025 0.36 0.6125 0.371875 0.6375 0.3625 0.640625 0.343125 0.638125 0.33125 0.635 0.32875 0.61625 0.3275
3 0.586875 0.33375 0.585 0.3375 0.58625 0.34375 0.59375 0.351875 0.5925 0.37 0.6025 0.379375 0.621875 0.381875 0.6475 0.38 0.663125 0.37 0.665625 0.36375 0.666875 0.32875 0.6625 0.295625 0.663125 0.285625 0.6675 0.2825 0.66625 0.261875 0.65875 0.259375 0.653125 0.25125 0.636875 0.243125 0.6325 0.245625 0.6225 0.265625 0.625 0.27375 0.6225 0.28 0.6275 0.289166875 0.626875 0.299375 0.609375 0.315625 0.600625 0.319375
3 0.425 0.33125 0.424375 0.3425 0.428125 0.34875 0.439375 0.350625 0.44625 0.345625 0.44875 0.3325 0.4425 0.32 0.4325 0.323125
3 0.438125 0.17375 0.436875 0.19625 0.4425 0.205 0.449375 0.2075 0.454375 0.2 0.4575 0.170625 0.455625 0.168125 0.443125 0.168125
3 0.395625 0.17 0.395625 0.186875 0.3975 0.189375 0.404375 0.189375 0.41125 0.17875 0.411875 0.17125 0.41 0.168125 0.396875 0.168125
3 0.38625 0.236875 0.38875 0.260625 0.384375 0.305625 0.385 0.310625 0.390625 0.3125 0.39875 0.30875 0.403125 0.301875 0.413125 0.240625 0.404375 0.2225 0.398125 0.2175 0.393125 0.2175 0.390625 0.22
3 0.431875 0.385 0.42875 0.39 0.42875 0.3975 0.435625 0.401875 0.44 0.39375 0.439375 0.390625 0.435625 0.385
3 0.45 0.466875 0.450625 0.476875 0.454375 0.479375 0.459375 0.47875 0.461875 0.4725 0.460625 0.465625 0.45625 0.461875
3 0.580625 0.473125 0.579375 0.481875 0.58625 0.48875 0.59625 0.488125 0.60375 0.476875 0.5925 0.463125 0.58625 0.46625
3 0.601875 0.55625 0.601875 0.568125 0.615625 0.578125 0.63125 0.58 0.640625 0.570625 0.64 0.560625 0.633125 0.5525 0.6275 0.55 0.61375 0.54875
3 0.549375 0.476875 0.550625 0.49125 0.558125 0.495 0.56625 0.490625 0.565625 0.484375 0.556875 0.47625
3 0.64625 0.47625 0.646875 0.491875 0.66375 0.505625 0.6675 0.505 0.673125 0.495 0.671875 0.4725 0.66875 0.469375 0.651875 0.47
3 0.465 0.698125 0.463125 0.71375 0.464375 0.75125 0.468125 0.7575 0.483125 0.765625 0.491875 0.765625 0.503125 0.748125 0.50625 0.728125 0.505 0.715625 0.503125 0.71125 0.490625 0.700625 0.489375 0.691875 0.485 0.686875 0.469375 0.688125
3 0.605625 0.789375 0.605625 0.796875 0.608125 0.800625 0.611875 0.804375 0.61625 0.80375 0.621875 0.793125 0.619375 0.78625 0.611875 0.7825
3 0.365625 0.79375 0.364375 0.800625 0.366875 0.80375 0.37625 0.80375 0.376875 0.795625 0.375 0.793125
3 0.39875 0.5625 0.398125 0.5675 0.40375 0.571875 0.413125 0.5675 0.4125 0.563125 0.4075 0.559375
3 0.44125 0.549375 0.44 0.556875 0.44625 0.561875 0.45125 0.556875 0.45125 0.553125 0.445625 0.5475
3 0.354375 0.45 0.351875 0.460625 0.355625 0.464375 0.3625 0.465 0.369375 0.459375 0.37 0.45375 0.36625 0.449375 0.3575 0.4475
3 0.331875 0.45 0.3325 0.4575 0.338125 0.45875 0.341875 0.455 0.343125 0.44625 0.341875 0.44375 0.335625 0.44375
3 0.568125 0.369375 0.56875 0.38375 0.575 0.386875 0.57625 0.3675 0.5725 0.365625
3 0.523125 0.40875 0.52125 0.415625 0.525625 0.419375 0.533125 0.419375 0.54 0.4125 0.5325 0.405625
3 0.515625 0.815625 0.51375 0.82 0.51875 0.826875 0.52875 0.82125 0.52625 0.815625
