3 0.265 0.399375 0.095 0.0275
3 0.5278125 0.3184375 0.070625 0.054375
3 0.6384375 0.37125 0.079375 0.0525
3 0.350625 0.3659375 0.07625 0.029375
3 0.6109375 0.2978125 0.059375 0.035625
3 0.5465625 0.5475 0.088125 0.1125
3 0.326875 0.618125 0.3275 0.630625 0.33375 0.640625 0.35375 0.641875 0.363125 0.638125 0.366875 0.623125 0.366875 0.611875 0.359375 0.60375 0.3525 0.60125 0.3425 0.603125
3 0.17875 0.56625 0.178125 0.575625 0.184375 0.593125 0.18625 0.6125 0.189375 0.61625 0.240625 0.62 0.2725 0.61625 0.279375 0.6 0.288125 0.5875 0.2975 0.580625 0.30125 0.57 0.3 0.56 0.29 0.551875 0.2575 0.55125 0.235 0.554375 0.22375 0.534375 0.214375 0.528125 0.209375 0.528125 0.205 0.53125 0.195625 0.5575
3 0.251875 0.635625 0.25125 0.646875 0.263125 0.6575 0.26625 0.664375 0.305 0.663125 0.335625 0.6675 0.3625 0.66625 0.374375 0.65625 0.379375 0.64875 0.381875 0.625 0.379375 0.605 0.369375 0.59375 0.35375 0.5975 0.341875 0.588125 0.334375 0.5875 0.32 0.59875 0.305625 0.62125 0.298125 0.6275 0.28375 0.629375 0.275625 0.626875 0.26875 0.63125
3 0.35125 0.51125 0.350625 0.533125 0.368125 0.55125 0.376875 0.548125 0.384375 0.540625 0.38875 0.53125 0.401875 0.52 0.39625 0.495 0.39125 0.490625 0.380625 0.486875 0.37125 0.4875 0.36 0.493125 0.355 0.49875
3 0.32125 0.436875 0.3225 0.445 0.334375 0.45 0.345 0.446875 0.350625 0.439375 0.34875 0.428125 0.343125 0.42375 0.335 0.42375 0.3275 0.426875
3 0.16875 0.44125 0.168125 0.454375 0.17125 0.458125 0.203125 0.45375 0.208125 0.44875 0.20375 0.43875 0.194375 0.435625 0.180625 0.435625 0.17125 0.438125
3 0.4625 0.453125 0.4625 0.4575 0.469375 0.46125 0.4775 0.46 0.48 0.456875 0.476875 0.448125 0.470625 0.445
3 0.690625 0.4725 0.69125 0.4875 0.699375 0.489375 0.7175 0.505625 0.72875 0.50625 0.74875 0.5025 0.766875 0.49125 0.766875 0.48375 0.756875 0.475625 0.755625 0.471875 0.741875 0.46625 0.69875 0.468125
3 0.54875 0.611875 0.55 0.629375 0.56 0.64 0.57125 0.640625 0.58 0.633125 0.58 0.61875 0.575 0.60625 0.570625 0.601875 0.564375 0.6 0.55625 0.60125
3 0.465 0.588125 0.46625 0.595 0.476875 0.6025 0.480625 0.6025 0.48875 0.595 0.48875 0.58625 0.481875 0.57875 0.47125 0.58125
3 0.471875 0.6525 0.47125 0.66875 0.47375 0.67125 0.498125 0.670625 0.50625 0.665 0.501875 0.656875 0.49125 0.6475 0.47375 0.649375
3 0.47625 0.5475 0.475625 0.554375 0.47875 0.56 0.485 0.56625 0.49125 0.565625 0.49375 0.56125 0.491875 0.551875 0.48625 0.5475
3 0.40625 0.526875 0.40625 0.533125 0.410625 0.53875 0.415 0.539375 0.418125 0.536875 0.42 0.52875 0.415625 0.52125 0.41125 0.520625
3 0.36625 0.570625 0.366875 0.575625 0.375625 0.576875 0.385 0.575625 0.3875 0.5725 0.383125 0.5675 0.373125 0.56625 0.36875 0.566875
3 0.7 0.39125 0.70125 0.403125 0.709375 0.408125 0.72375 0.408125 0.731875 0.396875 0.731875 0.3925 0.7275 0.3875 0.716875 0.3825 0.705625 0.384375
3 0.736875 0.30375 0.73625 0.314375 0.74 0.31625 0.77 0.316875 0.783125 0.31375 0.7825 0.308125 0.7775 0.30375 0.748125 0.294375
3 0.448125 0.355625 0.448125 0.363125 0.4525 0.369375 0.46 0.369375 0.463125 0.36625 0.465 0.3575 0.460625 0.35125 0.45625 0.350625
3 0.56125 0.4 0.560625 0.40875 0.56375 0.4125 0.568125 0.4125 0.57125 0.408125 0.569375 0.4 0.566875 0.3975
3 0.444375 0.335 0.444375 0.34125 0.448125 0.343125 0.454375 0.341875 0.458125 0.338125 0.4575 0.333125 0.454375 0.33125 0.449375 0.33125
3 0.783125 0.61 0.784375 0.6175 0.789375 0.62125 0.79625 0.62125 0.80625 0.613125 0.8025 0.608125 0.793125 0.604375
