4 0.5548155737704918 0.4210336538461538 0.0235655737704918 0.04807692307692308
4 0.5724897540983607 0.4385817307692308 0.013831967213114754 0.06586538461538462
4 0.59375 0.40216346153846155 0.018954918032786885 0.03413461538461538
4 0.5840163934426229 0.49735576923076924 0.01485655737704918 0.028365384615384615
4 0.4713114754098361 0.1441105769230769 0.010245901639344262 0.020673076923076922
4 0.5471311475409836 0.10504807692307692 0.0117827868852459 0.019951923076923075
4 0.5630122950819673 0.10408653846153847 0.021004098360655737 0.06033653846153846
4 0.5940061475409836 0.05709134615384615 0.014344262295081968 0.02548076923076923
4 0.5840163934426229 0.02439903846153846 0.01485655737704918 0.020913461538461537
4 0.45799180327868855 0.05576923076923077 0.012295081967213115 0.03461538461538462
4 0.6042520491803278 0.1310096153846154 0.010758196721311475 0.026923076923076925
4 0.6073258196721312 0.21899038461538461 0.00665983606557377 0.03581730769230769
4 0.4462090163934426 0.2436298076923077 0.010245901639344262 0.03653846153846154
4 0.45850409836065575 0.4967548076923077 0.035860655737704916 0.43197115384615387
4 0.5017930327868853 0.7042067307692308 0.01331967213114754 0.016346153846153847
4 0.5207479508196722 0.6912259615384615 0.012295081967213115 0.02451923076923077
4 0.5335553278688525 0.5978365384615385 0.015881147540983607 0.01610576923076923
4 0.5478995901639344 0.6070913461538462 0.017418032786885244 0.02980769230769231
4 0.5832479508196722 0.5711538461538461 0.017418032786885244 0.04783653846153846
4 0.5717213114754098 0.6551682692307692 0.021004098360655737 0.07163461538461538
4 0.546875 0.7352163461538461 0.06147540983606557 0.051201923076923075
4 0.5361168032786885 0.7844951923076923 0.057889344262295084 0.054086538461538464
4 0.5292008196721312 0.7752403846153846 0.5286885245901639 0.7771634615384615 0.5256147540983607 0.778125 0.5245901639344263 0.7795673076923076 0.5256147540983607 0.7829326923076924 0.5204918032786885 0.8012019230769231 0.5184426229508197 0.8137019230769231 0.5184426229508197 0.8216346153846154 0.5204918032786885 0.828125 0.5153688524590164 0.8310096153846154 0.5133196721311475 0.8418269230769231 0.5199795081967213 0.8516826923076923 0.5194672131147541 0.8536057692307693 0.5163934426229508 0.8555288461538462 0.5153688524590164 0.8591346153846153 0.5174180327868853 0.8620192307692308 0.5148565573770492 0.8661057692307692 0.516905737704918 0.8704326923076923 0.5117827868852459 0.8831730769230769 0.5128073770491803 0.8870192307692307 0.5066598360655737 0.890625 0.5061475409836066 0.8944711538461538 0.5030737704918032 0.8973557692307692 0.5020491803278688 0.9079326923076924 0.5040983606557377 0.9110576923076923 0.5051229508196722 0.9175480769230769 0.5087090163934426 0.9180288461538462 0.5056352459016393 0.9252403846153846 0.5061475409836066 0.9290865384615384 0.5030737704918032 0.9314903846153846 0.5015368852459017 0.9384615384615385 0.5030737704918032 0.9466346153846154 0.5020491803278688 0.9485576923076923 0.4974385245901639 0.9509615384615384 0.4959016393442623 0.9545673076923077 0.49436475409836067 0.9552884615384616 0.492827868852459 0.9543269230769231 0.4912909836065574 0.9507211538461539 0.49026639344262296 0.953125 0.4912909836065574 0.9625 0.4923155737704918 0.9588942307692307 0.49436475409836067 0.9574519230769231 0.4979508196721312 0.9598557692307692 0.4959016393442623 0.9634615384615385 0.4964139344262295 0.9675480769230769 0.49334016393442626 0.9697115384615385 0.49077868852459017 0.973798076923077 0.492827868852459 0.9769230769230769 0.4918032786885246 0.9858173076923077 0.4948770491803279 0.9908653846153846 0.49334016393442626 0.9944711538461538 0.49385245901639346 0.9997596153846153 0.5076844262295082 0.9997596153846153 0.5122950819672131 0.9831730769230769 0.5158811475409836 0.9612980769230769 0.5189549180327869 0.9538461538461539 0.5266393442622951 0.9084134615384616 0.5327868852459017 0.885576923076923 0.5379098360655737 0.8502403846153846 0.5537909836065574 0.7951923076923076 0.5537909836065574 0.7807692307692308 0.5435450819672131 0.8007211538461538 0.5358606557377049 0.7959134615384615 0.5348360655737705 0.7971153846153847 0.5379098360655737 0.7987980769230769 0.5373975409836066 0.8014423076923077 0.5348360655737705 0.8016826923076923 0.5322745901639344 0.8 0.5302254098360656 0.8016826923076923 0.5286885245901639 0.8016826923076923 0.5286885245901639 0.7911057692307693 0.5302254098360656 0.7911057692307693 0.5327868852459017 0.7939903846153846 0.5332991803278688 0.7920673076923077 0.5368852459016393 0.7899038461538461 0.5338114754098361 0.7867788461538462 0.5343237704918032 0.7853365384615385 0.5373975409836066 0.7846153846153846 0.5394467213114754 0.7882211538461539 0.5399590163934426 0.7870192307692307 0.5394467213114754 0.7848557692307693 0.5373975409836066 0.784375 0.5373975409836066 0.7824519230769231 0.5343237704918032 0.7800480769230769 0.5348360655737705 0.7766826923076923 0.5379098360655737 0.7759615384615385 0.5358606557377049 0.7754807692307693 0.5332991803278688 0.7764423076923077 0.53125 0.776201923076923
4 0.5742827868852459 0.7033653846153847 0.5742827868852459 0.7004807692307692 0.5732581967213115 0.7040865384615385 0.5712090163934426 0.7048076923076924 0.569672131147541 0.708173076923077 0.5671106557377049 0.7096153846153846 0.5681352459016393 0.7139423076923077 0.5635245901639344 0.7132211538461538 0.5630122950819673 0.7158653846153846 0.5599385245901639 0.7168269230769231 0.5558401639344263 0.721875 0.5527663934426229 0.7233173076923077 0.5527663934426229 0.725 0.555327868852459 0.7269230769230769 0.555327868852459 0.7286057692307693 0.5527663934426229 0.7295673076923077 0.5527663934426229 0.7317307692307692 0.5537909836065574 0.7324519230769231 0.555327868852459 0.7290865384615385 0.5589139344262295 0.7288461538461538 0.5604508196721312 0.7269230769230769 0.5614754098360656 0.7286057692307693 0.5645491803278688 0.7290865384615385 0.5655737704918032 0.7307692307692307 0.5650614754098361 0.734375 0.5671106557377049 0.7396634615384615 0.5722336065573771 0.7079326923076923 0.5742827868852459 0.7048076923076924
4 0.5207479508196722 0.8534855769230769 0.025614754098360656 0.08149038461538462
4 0.5778688524590164 0.6209134615384615 0.5732581967213115 0.6266826923076924 0.5747950819672131 0.6302884615384615 0.5722336065573771 0.6319711538461539 0.5706967213114754 0.6362980769230769 0.5717213114754098 0.6408653846153847 0.569672131147541 0.6427884615384616 0.569672131147541 0.6459134615384615 0.5671106557377049 0.6471153846153846 0.5681352459016393 0.6509615384615385 0.5645491803278688 0.6576923076923077 0.5676229508196722 0.6632211538461539 0.5706967213114754 0.6600961538461538 0.5722336065573771 0.6610576923076923 0.5742827868852459 0.6709134615384615 0.5778688524590164 0.6463942307692307 0.5778688524590164 0.6216346153846154
4 0.45286885245901637 0.31490384615384615 0.45184426229508196 0.3194711538461538 0.45030737704918034 0.32019230769230766 0.4462090163934426 0.32019230769230766 0.4456967213114754 0.3211538461538462 0.4462090163934426 0.3425480769230769 0.44364754098360654 0.39158653846153846 0.44672131147540983 0.3942307692307692 0.44672131147540983 0.39807692307692305 0.4426229508196721 0.40384615384615385 0.4426229508196721 0.42596153846153845 0.444672131147541 0.428125 0.4462090163934426 0.43509615384615385 0.4456967213114754 0.45697115384615383 0.4462090163934426 0.46442307692307694 0.44825819672131145 0.46610576923076924 0.44672131147540983 0.475 0.4492827868852459 0.5194711538461538 0.45184426229508196 0.5336538461538461 0.45235655737704916 0.567548076923077 0.45440573770491804 0.5850961538461539 0.45286885245901637 0.5959134615384616 0.45491803278688525 0.6254807692307692 0.45286885245901637 0.7319711538461539 0.444672131147541 0.864423076923077 0.4456967213114754 0.9300480769230769 0.44774590163934425 0.9461538461538461 0.4492827868852459 0.9956730769230769 0.45030737704918034 0.9997596153846153 0.4912909836065574 0.9997596153846153 0.48924180327868855 0.9596153846153846 0.48770491803278687 0.9569711538461538 0.48463114754098363 0.9286057692307692 0.48309426229508196 0.8490384615384615 0.4800204918032787 0.8199519230769231 0.47899590163934425 0.7704326923076923 0.47540983606557374 0.7463942307692307 0.47540983606557374 0.7199519230769231 0.4769467213114754 0.7146634615384615 0.4728483606557377 0.7064903846153846 0.4733606557377049 0.6887019230769231 0.46875 0.6519230769230769 0.4682377049180328 0.6055288461538462 0.4651639344262295 0.5800480769230769 0.4656762295081967 0.5463942307692308 0.4646516393442623 0.5432692307692307 0.45952868852459017 0.5399038461538461 0.45850409836065575 0.5379807692307692 0.45901639344262296 0.5346153846153846 0.461577868852459 0.5329326923076924 0.45952868852459017 0.5290865384615384 0.4672131147540984 0.5266826923076923 0.4707991803278688 0.4896634615384615 0.4707991803278688 0.4733173076923077 0.4682377049180328 0.4706730769230769 0.4707991803278688 0.4673076923076923 0.4702868852459016 0.4651442307692308 0.4682377049180328 0.46442307692307694 0.4682377049180328 0.4625 0.4707991803278688 0.46081730769230766 0.4702868852459016 0.4584134615384615 0.46875 0.45889423076923075 0.4682377049180328 0.46153846153846156 0.4651639344262295 0.46322115384615387 0.4656762295081967 0.46442307692307694 0.46875 0.465625 0.4682377049180328 0.4685096153846154 0.4651639344262295 0.46875 0.46311475409836067 0.46658653846153847 0.4610655737704918 0.46826923076923077 0.45952868852459017 0.4685096153846154 0.45850409836065575 0.46778846153846154 0.4641393442622951 0.46033653846153844 0.4605532786885246 0.45697115384615383 0.4610655737704918 0.4545673076923077 0.4636270491803279 0.4533653846153846 0.4636270491803279 0.4461538461538462 0.4600409836065574 0.4427884615384615 0.45952868852459017 0.43846153846153846 0.4610655737704918 0.4341346153846154 0.4661885245901639 0.42932692307692305 0.4692622950819672 0.43004807692307695 0.4707991803278688 0.4324519230769231 0.4707991803278688 0.4252403846153846 0.4677254098360656 0.42403846153846153 0.4667008196721312 0.4216346153846154 0.4646516393442623 0.4235576923076923 0.46209016393442626 0.4230769230769231 0.4610655737704918 0.42091346153846154 0.4636270491803279 0.41802884615384617 0.45799180327868855 0.415625 0.45440573770491804 0.41586538461538464 0.45440573770491804 0.4235576923076923 0.45286885245901637 0.4269230769230769 0.44979508196721313 0.421875 0.45133196721311475 0.4149038461538462 0.44979508196721313 0.41442307692307695 0.4487704918032787 0.40697115384615384 0.44979508196721313 0.40673076923076923 0.45440573770491804 0.4096153846153846 0.45491803278688525 0.41346153846153844 0.45645491803278687 0.41394230769230766 0.46311475409836067 0.4045673076923077 0.4600409836065574 0.40408653846153847 0.45645491803278687 0.4014423076923077 0.45799180327868855 0.3925480769230769 0.45645491803278687 0.38653846153846155 0.45850409836065575 0.38269230769230766 0.45799180327868855 0.38125 0.45543032786885246 0.38076923076923075 0.45491803278688525 0.3798076923076923 0.4569672131147541 0.37908653846153845 0.45952868852459017 0.3802884615384615 0.4605532786885246 0.3663461538461538 0.46311475409836067 0.35697115384615385 0.46209016393442626 0.35216346153846156 0.4641393442622951 0.3487980769230769 0.45850409836065575 0.3456730769230769 0.45850409836065575 0.334375 0.45645491803278687 0.3326923076923077 0.45286885245901637 0.3326923076923077 0.45184426229508196 0.3314903846153846 0.45184426229508196 0.32740384615384616 0.45440573770491804 0.32596153846153847 0.45440573770491804 0.32427884615384617 0.4569672131147541 0.3230769230769231 0.4600409836065574 0.3247596153846154 0.4605532786885246 0.32211538461538464 0.46311475409836067 0.32091346153846156 0.4600409836065574 0.32091346153846156 0.45440573770491804 0.31826923076923075 0.45338114754098363 0.31490384615384615
