3 0.545 0.736875 0.03625 0.0525
3 0.298125 0.3640625 0.05375 0.070625
3 0.6134375 0.559375 0.021875 0.0275
3 0.2725 0.33 0.271875 0.336875 0.279375 0.356875 0.28625 0.364375 0.298125 0.37 0.299375 0.36625 0.293125 0.348125 0.2825 0.333125
3 0.305625 0.375625 0.305625 0.38375 0.310625 0.393125 0.3175 0.398125 0.32375 0.398125 0.324375 0.39125 0.32 0.38375 0.310625 0.374375
3 0.2925 0.41 0.295625 0.421875 0.306875 0.43625 0.310625 0.436875 0.31125 0.431875 0.3 0.411875 0.296875 0.40875
3 0.34875 0.48125 0.349375 0.488125 0.355625 0.491875 0.354375 0.483125
3 0.533125 0.37875 0.53375 0.385625 0.54 0.3875 0.539375 0.37875
3 0.225625 0 0.20625 0 0.20625 0.001875 0.2175 0.0125 0.224375 0.014375
3 0.865625 0.89625 0.868125 0.9075 0.873125 0.911875 0.87875 0.91125 0.874375 0.90125 0.869375 0.89625
