3 0.463125 0.891875 0.07625 0.1875
3 0.6 0.8525 0.02 0.14625
3 0.5071875 0.685625 0.049375 0.08
3 0.66 0.45875 0.04 0.105
3 0.623125 0.720625 0.02125 0.10875
3 0.398125 0.5171875 0.02 0.056875
3 0.481875 0.428125 0.08125 0.13
3 0.428125 0.4009375 0.02875 0.050625
3 0.6203125 0.28875 0.036875 0.1225
3 0.67625 0.333125 0.02625 0.095
3 0.5615625 0.9696875 0.015625 0.060625
3 0.5709375 0.7453125 0.015625 0.046875
3 0.5559375 0.540625 0.010625 0.03
3 0.411875 0.71 0.41125 0.73625 0.41375 0.7525 0.419375 0.75875 0.42875 0.76 0.431875 0.758125 0.441875 0.7375 0.4425 0.715625 0.435625 0.704375 0.42875 0.700625 0.41875 0.701875
3 0.386875 0.715 0.389375 0.72 0.391875 0.746875 0.391875 0.7625 0.389375 0.765625 0.3925 0.775 0.390625 0.85625 0.3925 0.864375 0.40125 0.874375 0.405 0.875 0.41 0.884375 0.406875 0.888125 0.4075 0.896875 0.403125 0.900625 0.404375 0.90875 0.40125 0.9175 0.386875 0.9175 0.381875 0.984375 0.390625 0.99 0.40125 0.988125 0.41 0.999375 0.413125 0.999375 0.414375 0.996875 0.425 0.994375 0.424375 0.9925 0.434375 0.98125 0.4425 0.97875 0.44875 0.98625 0.45625 0.986875 0.46125 0.99375 0.470625 0.9875 0.473125 0.973125 0.48 0.955625 0.484375 0.95125 0.4975 0.945625 0.500625 0.935 0.499375 0.925 0.491875 0.910625 0.48375 0.901875 0.48 0.891875 0.485 0.86375 0.481875 0.84 0.481875 0.810625 0.47375 0.79625 0.459375 0.7975 0.444375 0.7825 0.444375 0.778125 0.44875 0.771875 0.456875 0.765625 0.455 0.75375 0.4575 0.739375 0.453125 0.72 0.450625 0.7175 0.456875 0.71 0.45125 0.708125 0.45125 0.691875 0.4475 0.683125 0.43875 0.67875 0.42125 0.675625 0.400625 0.6825
3 0.62 0.56 0.62125 0.571875 0.625625 0.57625 0.629375 0.575625 0.634375 0.565625 0.633125 0.554375 0.62625 0.55125
3 0.441875 0.5275 0.441875 0.536875 0.450625 0.55125 0.46 0.533125 0.456875 0.518125 0.448125 0.515625
3 0.470625 0.509375 0.47 0.5225 0.480625 0.535625 0.48375 0.53125 0.48375 0.515625 0.4775 0.506875 0.47375 0.50625
3 0.49125 0.625 0.491875 0.636875 0.495625 0.640625 0.5 0.640625 0.505 0.633125 0.50375 0.6225 0.4975 0.619375
3 0.518125 0.145625 0.51875 0.1725 0.53 0.191875 0.53125 0.21125 0.53625 0.21375 0.545625 0.206875 0.546875 0.196875 0.546875 0.131875 0.544375 0.111875 0.54 0.105625 0.533125 0.1125 0.525625 0.11125 0.5225 0.115 0.52125 0.130625 0.524375 0.13375 0.51875 0.139375
3 0.428125 0.05 0.42875 0.065 0.4325 0.0725 0.435625 0.07125 0.43875 0.060625 0.435625 0.03875 0.431875 0.039375
3 0.500625 0.009375 0.498125 0.016875 0.505 0.0225 0.509375 0.018125 0.509375 0.01125 0.505 0.005
3 0.61625 0.04 0.61625 0.055625 0.619375 0.05875 0.623125 0.058125 0.625 0.054375 0.624375 0.0425 0.620625 0.038125
3 0.66125 0.08 0.660625 0.129375 0.661875 0.141875 0.665625 0.145 0.6725 0.141875 0.678125 0.12625 0.6775 0.105625 0.67 0.073125 0.664375 0.070625
3 0.641875 0.566875 0.64125 0.57875 0.645 0.58375 0.649375 0.58 0.65125 0.569375 0.6475 0.560625 0.64375 0.561875
