4 0.45092592592592595 0.4148148148148148 0.45555555555555555 0.43148148148148147 0.4666666666666667 0.44166666666666665 0.46296296296296297 0.44537037037037036 0.524074074074074 0.5157407407407407 0.5287037037037037 0.5388888888888889 0.5398148148148149 0.5370370370370371 0.5398148148148149 0.5148148148148148 0.5194444444444445 0.487962962962963 0.49074074074074076 0.42407407407407405 0.47314814814814815 0.4046296296296296 0.4583333333333333 0.4074074074074074
4 0.5314814814814814 0.5638888888888889 0.5324074074074074 0.5796296296296296 0.5592592592592592 0.6277777777777778 0.5675925925925925 0.6333333333333333 0.5712962962962963 0.6314814814814815 0.5796296296296296 0.612037037037037 0.5731481481481482 0.5935185185185186 0.5657407407407408 0.5879629629629629 0.5592592592592592 0.5638888888888889 0.5435185185185185 0.5611111111111111
4 0.5175925925925926 0.6277777777777778 0.5166666666666667 0.6333333333333333 0.5361111111111111 0.6666666666666666 0.5388888888888889 0.6611111111111111 0.5370370370370371 0.649074074074074 0.5398148148148149 0.637962962962963 0.5444444444444444 0.6361111111111111 0.5435185185185185 0.6296296296296297 0.5361111111111111 0.6240740740740741
4 0.5638888888888889 0.562962962962963 0.55 0.5601851851851852 0.5527777777777778 0.5703703703703704 0.5574074074074075 0.5675925925925925 0.5611111111111111 0.5712962962962963 0.5787037037037037 0.6046296296296296 0.5777777777777777 0.6101851851851852 0.5861111111111111 0.6092592592592593 0.5879629629629629 0.6046296296296296
4 0.6240740740740741 0.6916666666666667 0.6212962962962963 0.6972222222222222 0.6351851851851852 0.725 0.6435185185185185 0.7361111111111112 0.6537037037037037 0.737037037037037 0.6407407407407407 0.7064814814814815 0.6296296296296297 0.6925925925925925
4 0.38981481481481484 0.2814814814814815 0.387037037037037 0.29259259259259257 0.3990740740740741 0.32222222222222224 0.42777777777777776 0.3574074074074074 0.42777777777777776 0.3907407407407407 0.43148148148148147 0.39537037037037037 0.42777777777777776 0.4046296296296296 0.4361111111111111 0.4046296296296296 0.44537037037037036 0.41388888888888886 0.4444444444444444 0.4212962962962963 0.45555555555555555 0.43703703703703706 0.45925925925925926 0.4638888888888889 0.4703703703703704 0.4740740740740741 0.5787037037037037 0.6675925925925926 0.5907407407407408 0.6990740740740741 0.5953703703703703 0.7027777777777777 0.5962962962962963 0.6972222222222222 0.6055555555555555 0.6953703703703704 0.6083333333333333 0.7027777777777777 0.6138888888888889 0.7037037037037037 0.6148148148148148 0.7166666666666667 0.6268518518518519 0.7287037037037037 0.6277777777777778 0.7398148148148148 0.6351851851851852 0.7509259259259259 0.6296296296296297 0.7583333333333333 0.6370370370370371 0.7722222222222223 0.6370370370370371 0.7796296296296297 0.6574074074074074 0.8083333333333333 0.6638888888888889 0.8148148148148148 0.6694444444444444 0.8138888888888889 0.7055555555555556 0.8638888888888889 0.7129629629629629 0.8574074074074074 0.7268518518518519 0.8759259259259259 0.7305555555555555 0.875 0.7277777777777777 0.862037037037037 0.6916666666666667 0.7925925925925926 0.6777777777777778 0.7564814814814815 0.6787037037037037 0.7509259259259259 0.6518518518518519 0.7138888888888889 0.6231481481481481 0.6518518518518519 0.6092592592592593 0.6361111111111111 0.5148148148148148 0.462037037037037 0.5064814814814815 0.4527777777777778 0.4981481481481482 0.43148148148148147 0.4074074074074074 0.2796296296296296 0.3990740740740741 0.27685185185185185
4 0.26666666666666666 0.12314814814814815 0.26666666666666666 0.1638888888888889 0.275 0.175 0.2861111111111111 0.22037037037037038 0.3351851851851852 0.3101851851851852 0.3416666666666667 0.2962962962962963 0.32037037037037036 0.2388888888888889 0.3212962962962963 0.23333333333333334 0.2851851851851852 0.1685185185185185 0.2851851851851852 0.1574074074074074 0.2777777777777778 0.15 0.275 0.13333333333333333
4 0.3490740740740741 0.23055555555555557 0.34814814814814815 0.2361111111111111 0.36203703703703705 0.26481481481481484 0.3685185185185185 0.26944444444444443 0.37962962962962965 0.26944444444444443 0.375 0.24722222222222223 0.37777777777777777 0.23703703703703705 0.37037037037037035 0.2175925925925926 0.3611111111111111 0.21666666666666667
4 0.30648148148148147 0.14444444444444443 0.31203703703703706 0.1712962962962963 0.31851851851851853 0.17407407407407408 0.31851851851851853 0.1425925925925926 0.31203703703703706 0.1398148148148148
4 0.2759259259259259 0.09259259259259259 0.27037037037037037 0.10092592592592593 0.2712962962962963 0.11018518518518519 0.2824074074074074 0.1175925925925926 0.28703703703703703 0.1111111111111111 0.2898148148148148 0.09351851851851851 0.2861111111111111 0.08981481481481482
4 0.32685185185185184 0.19166666666666668 0.32685185185185184 0.20277777777777778 0.3351851851851852 0.2074074074074074 0.34814814814814815 0.18055555555555555 0.34074074074074073 0.16296296296296298 0.33611111111111114 0.1648148148148148 0.33425925925925926 0.18611111111111112
4 0.34074074074074073 0.3 0.337037037037037 0.31203703703703706 0.3416666666666667 0.3212962962962963 0.3527777777777778 0.31296296296296294 0.3537037037037037 0.30185185185185187 0.3490740740740741 0.2953703703703704
4 0.3814814814814815 0.3731481481481482 0.3851851851851852 0.387037037037037 0.3888888888888889 0.3907407407407407 0.39351851851851855 0.38981481481481484 0.39444444444444443 0.37962962962962965 0.3851851851851852 0.37222222222222223
4 0.4148148148148148 0.45092592592592595 0.41388888888888886 0.4564814814814815 0.4398148148148148 0.49907407407407406 0.4425925925925926 0.49074074074074076 0.4388888888888889 0.48333333333333334
4 0.4675925925925926 0.5268518518518519 0.4685185185185185 0.5361111111111111 0.47685185185185186 0.5444444444444444 0.48055555555555557 0.5388888888888889 0.4787037037037037 0.5314814814814814 0.47129629629629627 0.524074074074074
4 0.48518518518518516 0.5555555555555556 0.4842592592592593 0.5611111111111111 0.49074074074074076 0.5722222222222222 0.5 0.5768518518518518 0.5074074074074074 0.5740740740740741 0.5083333333333333 0.5685185185185185 0.4981481481481482 0.5555555555555556
4 0.5175925925925926 0.6268518518518519 0.5185185185185185 0.6370370370370371 0.5398148148148149 0.674074074074074 0.5555555555555556 0.6759259259259259 0.5648148148148148 0.6888888888888889 0.575925925925926 0.7175925925925926 0.5685185185185185 0.725 0.5777777777777777 0.7416666666666667 0.5861111111111111 0.7444444444444445 0.600925925925926 0.7574074074074074 0.6296296296296297 0.8018518518518518 0.6351851851851852 0.7944444444444444 0.6296296296296297 0.7787037037037037 0.6018518518518519 0.7453703703703703 0.5972222222222222 0.725925925925926 0.5888888888888889 0.7166666666666667 0.5814814814814815 0.6962962962962963 0.5444444444444444 0.6296296296296297 0.5361111111111111 0.6222222222222222
4 0.6342592592592593 0.8194444444444444 0.6333333333333333 0.825 0.6398148148148148 0.8388888888888889 0.6444444444444445 0.8444444444444444 0.6509259259259259 0.8444444444444444 0.6527777777777778 0.8388888888888889 0.6481481481481481 0.8277777777777777 0.6407407407407407 0.8185185185185185
4 0.5555555555555556 0.7935185185185185 0.5555555555555556 0.8194444444444444 0.5777777777777777 0.8444444444444444 0.5833333333333334 0.8481481481481481 0.5907407407407408 0.8462962962962963 0.5935185185185186 0.8416666666666667 0.5916666666666667 0.8361111111111111
