3 0.48375 0.569375 0.08 0.1325
3 0.464375 0.105625 0.07125 0.19125
3 0.424375 0.2203125 0.07125 0.205625
3 0.5078125 0.311875 0.048125 0.08125
3 0.641875 0.505 0.640625 0.538125 0.6475 0.571875 0.6575 0.583125 0.665625 0.585 0.674375 0.595625 0.681875 0.595 0.66625 0.50125 0.6575 0.491875 0.650625 0.4925 0.64375 0.49875
3 0.663125 0.62625 0.66125 0.65875 0.66375 0.69875 0.67125 0.71 0.67875 0.71375 0.68625 0.703125 0.690625 0.68125 0.68625 0.63625 0.68375 0.6275 0.67625 0.620625 0.668125 0.619375
3 0.60125 0.689375 0.604375 0.7375 0.60875 0.74625 0.616875 0.7525 0.621875 0.768125 0.626875 0.77125 0.6325 0.766875 0.6375 0.754375 0.640625 0.699375 0.639375 0.66125 0.636875 0.654375 0.62625 0.6475 0.621875 0.6475 0.615625 0.656875 0.610625 0.675625 0.605625 0.68
3 0.59125 0.818125 0.591875 0.840625 0.5975 0.846875 0.601875 0.8475 0.6075 0.83875 0.610625 0.824375 0.608125 0.806875 0.604375 0.800625 0.59875 0.799375 0.595 0.801875
3 0.66 0.86375 0.659375 0.904375 0.6625 0.92375 0.665 0.92875 0.668125 0.92875 0.6725 0.925625 0.675625 0.913125 0.679375 0.891875 0.679375 0.87375 0.67375 0.858125 0.665 0.8475 0.66125 0.851875
3 0.515625 0.83125 0.518125 0.8775 0.525625 0.898125 0.53 0.900625 0.533125 0.890625 0.5425 0.885625 0.545625 0.875 0.54375 0.79 0.54 0.78625 0.5325 0.786875 0.530625 0.789375 0.528125 0.801875 0.519375 0.815
3 0.4125 0.594375 0.41375 0.6125 0.418125 0.62 0.425 0.621875 0.430625 0.61875 0.44125 0.605625 0.4425 0.585625 0.43625 0.575625 0.4275 0.573125 0.419375 0.578125
3 0.441875 0.46125 0.44125 0.469375 0.445625 0.480625 0.449375 0.483125 0.454375 0.481875 0.458125 0.476875 0.46 0.465 0.453125 0.4475 0.449375 0.445625
3 0.47 0.476875 0.470625 0.488125 0.476875 0.493125 0.481875 0.485625 0.4825 0.466875 0.480625 0.46375
3 0.388125 0.46125 0.388125 0.494375 0.39375 0.5075 0.4075 0.4875 0.408125 0.4775 0.40375 0.45625 0.390625 0.455625
3 0.619375 0.42875 0.62 0.44125 0.63 0.45375 0.63375 0.449375 0.63625 0.439375 0.63375 0.424375 0.63125 0.42125 0.62625 0.420625
3 0.613125 0.225625 0.6125 0.264375 0.615625 0.31125 0.62125 0.32375 0.630625 0.33375 0.63375 0.33125 0.635 0.320625 0.62625 0.289375 0.6225 0.2125 0.615 0.2175
3 0.588125 0.10125 0.588125 0.128125 0.595 0.203125 0.598125 0.2125 0.605625 0.215625 0.609375 0.209375 0.608125 0.100625 0.605625 0.080625 0.6025 0.074375 0.59625 0.078125
3 0.560625 0.23875 0.5625 0.26875 0.56625 0.27375 0.57125 0.27375 0.576875 0.26875 0.57875 0.263125 0.57625 0.240625 0.568125 0.22875 0.56375 0.229375
3 0.553125 0.004375 0.555 0.050625 0.560625 0.058125 0.565 0.054375 0.56875 0.04375 0.569375 0.016875 0.56625 0 0.554375 0
3 0.394375 0.146875 0.395625 0.173125 0.400625 0.189375 0.404375 0.1925 0.4 0.195625 0.400625 0.20625 0.393125 0.2375 0.3925 0.25875 0.39625 0.26875 0.39375 0.293125 0.396875 0.30375 0.406875 0.316875 0.425625 0.321875 0.440625 0.318125 0.44625 0.3125 0.45 0.299375 0.446875 0.294375 0.445625 0.2775 0.45375 0.261875 0.4475 0.249375 0.45 0.244375 0.444375 0.244375 0.443125 0.241875 0.44375 0.230625 0.436875 0.22625 0.43375 0.22 0.435625 0.216875 0.428125 0.20625 0.429375 0.2025 0.45375 0.186875 0.46 0.2 0.47125 0.201875 0.475625 0.19875 0.481875 0.183125 0.48375 0.14125 0.47875 0.10125 0.4925 0.085625 0.499375 0.071875 0.499375 0.05625 0.47875 0.043125 0.475 0.035625 0.470625 0.01375 0.46625 0.0125 0.456875 0.015625 0.450625 0.020625 0.43 0.028125 0.424375 0.045625 0.418125 0.053125 0.416875 0.08 0.408125 0.091875 0.41125 0.094375 0.414375 0.105 0.40625 0.1225 0.404375 0.1225 0.406875 0.130625 0.4 0.1325 0.3975 0.136875 0.398125 0.141875
3 0.61625 0.94375 0.61625 0.9575 0.6225 0.959375 0.62625 0.949375 0.625 0.943125 0.6225 0.94 0.61875 0.94
3 0.500625 0.97625 0.499375 0.9875 0.505 0.993125 0.508125 0.990625 0.509375 0.980625 0.50625 0.975625
3 0.428125 0.935 0.4275 0.946875 0.431875 0.958125 0.435 0.96 0.439375 0.943125 0.435625 0.92625 0.43 0.928125
3 0.58875 0.595 0.58875 0.60375 0.595 0.60625 0.59875 0.60125 0.59875 0.595 0.595 0.590625
3 0.56 0.570625 0.558125 0.585625 0.560625 0.59875 0.56375 0.610625 0.568125 0.613125 0.570625 0.61 0.573125 0.593125 0.566875 0.5625 0.56375 0.561875
3 0.5525 0.444375 0.55 0.453125 0.55125 0.464375 0.553125 0.468125 0.5575 0.468125 0.56125 0.4625 0.561875 0.45375 0.55625 0.44375 0.55375 0.441875
3 0.490625 0.364375 0.49 0.369375 0.494375 0.379375 0.50125 0.38 0.505625 0.371875 0.501875 0.35875 0.495 0.3575
3 0.42125 0.365625 0.421875 0.375625 0.428125 0.375 0.431875 0.37 0.430625 0.36125 0.425 0.359375
