3 0.430625 0.8903125 0.0675 0.184375
3 0.5515625 0.8546875 0.019375 0.145625
3 0.45 0.430625 0.07 0.12875
3 0.615625 0.3340625 0.0225 0.091875
3 0.571875 0.72375 0.02 0.11875
3 0.4021875 0.4028125 0.026875 0.050625
3 0.376875 0.519375 0.01875 0.05875
3 0.519375 0.9690625 0.01625 0.061875
3 0.571875 0.2915625 0.02625 0.121875
3 0.525625 0.7471875 0.015 0.045625
3 0.6021875 0.465625 0.031875 0.11625
3 0.5515625 0.174375 0.018125 0.0575
3 0.4 0.7303125 0.05 0.105625
3 0.5128125 0.54125 0.010625 0.03125
3 0.60875 0.11125 0.015 0.075
3 0.445 0.5234375 0.015 0.029375
3 0.470625 0.68625 0.04125 0.07875
3 0.4228125 0.5328125 0.015625 0.034375
3 0.5453125 0.4009375 0.010625 0.018125
3 0.568125 0.5575 0.5675 0.570625 0.574375 0.579375 0.581875 0.5675 0.5825 0.55875 0.578125 0.545 0.574375 0.545625
3 0.456875 0.625 0.45625 0.634375 0.459375 0.64125 0.46375 0.6425 0.46875 0.63125 0.4675 0.6225 0.461875 0.619375
3 0.586875 0.568125 0.58625 0.57875 0.58875 0.58375 0.591875 0.58125 0.594375 0.570625 0.591875 0.5625 0.588125 0.563125
3 0.47625 0.145 0.4775 0.178125 0.489375 0.213125 0.493125 0.215 0.50125 0.21375 0.505625 0.203125 0.504375 0.143125 0.506875 0.129375 0.498125 0.09875 0.486875 0.096875 0.484375 0.1
3 0.403125 0.05 0.40375 0.07 0.40625 0.074375 0.40875 0.074375 0.413125 0.05625 0.408125 0.04
3 0.464375 0.014375 0.465 0.0225 0.47 0.024375 0.4725 0.019375 0.47 0.00625
3 0.56375 0.044375 0.56375 0.056875 0.5675 0.060625 0.570625 0.06 0.573125 0.05375 0.57125 0.0425 0.566875 0.039375
3 0.410625 0.235 0.408125 0.24 0.408125 0.25125 0.411875 0.255625 0.415 0.2525 0.4175 0.240625 0.414375 0.235
3 0.5225 0.65 0.521875 0.665625 0.52625 0.67625 0.529375 0.67125 0.53125 0.654375 0.52875 0.645625 0.524375 0.64625
