4 0.43943545081967217 0 0.4180327868852459 0 0.41700819672131145 0.004086538461538462 0.4180327868852459 0.054086538461538464 0.41649590163934425 0.08966346153846154 0.4180327868852459 0.13221153846153846 0.42161885245901637 0.1733173076923077 0.42315573770491804 0.1752403846153846 0.42520491803278687 0.18870192307692307 0.42520491803278687 0.1997596153846154 0.42725409836065575 0.20288461538461539 0.42827868852459017 0.22524038461538462 0.43135245901639346 0.24423076923076922 0.4287909836065574 0.25769230769230766 0.42776639344262296 0.2865384615384615 0.4257172131147541 0.296875 0.42725409836065575 0.3004807692307692 0.42520491803278687 0.303125 0.42315573770491804 0.32427884615384617 0.42315573770491804 0.3564903846153846 0.42110655737704916 0.3701923076923077 0.41905737704918034 0.4233173076923077 0.42059426229508196 0.4389423076923077 0.4262295081967213 0.453125 0.43084016393442626 0.4752403846153846 0.4390368852459016 0.5326923076923077 0.4405737704918033 0.5355769230769231 0.4456967213114754 0.6108173076923077 0.45850409836065575 0.7375 0.46260245901639346 0.803125 0.4646516393442623 0.9963942307692307 0.4651639344262295 0.9997596153846153 0.48668032786885246 0.9997596153846153 0.4923155737704918 0.9603365384615384 0.4948770491803279 0.9165865384615385 0.4984631147540984 0.8987980769230769 0.5 0.8730769230769231 0.5117827868852459 0.7997596153846154 0.5174180327868853 0.7427884615384616 0.5256147540983607 0.6850961538461539 0.5292008196721312 0.6165865384615384 0.5292008196721312 0.6127403846153846 0.5271516393442623 0.6091346153846153 0.5292008196721312 0.6014423076923077 0.5302254098360656 0.5644230769230769 0.5317622950819673 0.5572115384615385 0.5307377049180327 0.5526442307692307 0.5327868852459017 0.5408653846153846 0.5338114754098361 0.496875 0.5332991803278688 0.4862980769230769 0.53125 0.48341346153846154 0.5332991803278688 0.47475961538461536 0.5343237704918032 0.4596153846153846 0.5327868852459017 0.44879807692307694 0.5343237704918032 0.44591346153846156 0.5322745901639344 0.4444711538461538 0.5286885245901639 0.44711538461538464 0.5276639344262295 0.43822115384615384 0.5292008196721312 0.43701923076923077 0.5327868852459017 0.43701923076923077 0.5332991803278688 0.4341346153846154 0.5327868852459017 0.43004807692307695 0.5307377049180327 0.43004807692307695 0.5256147540983607 0.4305288461538462 0.5210040983606558 0.4322115384615385 0.5210040983606558 0.44326923076923075 0.5235655737704918 0.44567307692307695 0.5220286885245902 0.4495192307692308 0.524077868852459 0.45360576923076923 0.5225409836065574 0.4550480769230769 0.5189549180327869 0.4545673076923077 0.516905737704918 0.4564903846153846 0.5276639344262295 0.4598557692307692 0.5266393442622951 0.4634615384615385 0.53125 0.4668269230769231 0.5251024590163934 0.4733173076923077 0.5261270491803278 0.4810096153846154 0.5286885245901639 0.4831730769230769 0.5286885245901639 0.5153846153846153 0.5256147540983607 0.5213942307692307 0.5266393442622951 0.5259615384615385 0.5220286885245902 0.5286057692307692 0.514344262295082 0.5288461538461539 0.5112704918032787 0.5283653846153846 0.5081967213114754 0.5264423076923077 0.5051229508196722 0.526201923076923 0.5040983606557377 0.5242788461538461 0.5015368852459017 0.5237980769230769 0.4979508196721312 0.5264423076923077 0.49436475409836067 0.5257211538461538 0.4912909836065574 0.5271634615384615 0.48719262295081966 0.5225961538461539 0.48616803278688525 0.509375 0.48668032786885246 0.5007211538461539 0.48924180327868855 0.4983173076923077 0.48924180327868855 0.4829326923076923 0.4912909836065574 0.4807692307692308 0.4882172131147541 0.4790865384615385 0.48668032786885246 0.47283653846153845 0.48258196721311475 0.4716346153846154 0.47899590163934425 0.46826923076923077 0.4769467213114754 0.4634615384615385 0.4774590163934426 0.43197115384615387 0.4728483606557377 0.4252403846153846 0.4769467213114754 0.41875 0.47540983606557374 0.4151442307692308 0.4769467213114754 0.4112980769230769 0.47540983606557374 0.4043269230769231 0.4718237704918033 0.3995192307692308 0.4718237704918033 0.3954326923076923 0.4733606557377049 0.39375 0.46875 0.3875 0.46875 0.38629807692307694 0.47438524590163933 0.3817307692307692 0.475922131147541 0.3766826923076923 0.4702868852459016 0.3730769230769231 0.4723360655737705 0.36658653846153844 0.4707991803278688 0.36033653846153846 0.4697745901639344 0.36009615384615384 0.4667008196721312 0.3622596153846154 0.4646516393442623 0.36009615384615384 0.461577868852459 0.359375 0.45645491803278687 0.3627403846153846 0.4574795081967213 0.3697115384615385 0.45952868852459017 0.3721153846153846 0.4667008196721312 0.36658653846153844 0.46875 0.36899038461538464 0.46875 0.37283653846153847 0.4610655737704918 0.375 0.45952868852459017 0.37740384615384615 0.45645491803278687 0.37596153846153846 0.45235655737704916 0.37716346153846153 0.44723360655737704 0.37403846153846154 0.4451844262295082 0.3701923076923077 0.44774590163934425 0.35889423076923077 0.45081967213114754 0.3564903846153846 0.45133196721311475 0.3540865384615385 0.45286885245901637 0.35336538461538464 0.45491803278688525 0.3564903846153846 0.45799180327868855 0.35673076923076924 0.4600409836065574 0.3548076923076923 0.46311475409836067 0.35504807692307694 0.4656762295081967 0.35096153846153844 0.4656762295081967 0.3454326923076923 0.45952868852459017 0.3423076923076923 0.4574795081967213 0.33629807692307695 0.4574795081967213 0.32740384615384616 0.4605532786885246 0.3245192307692308 0.45901639344262296 0.32019230769230766 0.4605532786885246 0.31971153846153844 0.46311475409836067 0.32043269230769234 0.4702868852459016 0.3175480769230769 0.4713114754098361 0.3158653846153846 0.4702868852459016 0.3036057692307692 0.4723360655737705 0.29591346153846154 0.4702868852459016 0.2918269230769231 0.4661885245901639 0.29447115384615385 0.4656762295081967 0.28966346153846156 0.46311475409836067 0.2862980769230769 0.4600409836065574 0.28725961538461536 0.45901639344262296 0.2865384615384615 0.45850409836065575 0.28125 0.45901639344262296 0.2783653846153846 0.46311475409836067 0.27716346153846155 0.4682377049180328 0.27740384615384617 0.4702868852459016 0.28028846153846154 0.4707991803278688 0.26514423076923077 0.46260245901639346 0.2641826923076923 0.4574795081967213 0.2610576923076923 0.45645491803278687 0.25072115384615384 0.45543032786885246 0.2552884615384615 0.45286885245901637 0.25793269230769234 0.44774590163934425 0.25961538461538464 0.44415983606557374 0.2588942307692308 0.4385245901639344 0.25216346153846153 0.4405737704918033 0.24711538461538463 0.4369877049180328 0.24519230769230768 0.4395491803278688 0.24302884615384615 0.4421106557377049 0.24591346153846153 0.4492827868852459 0.24639423076923078 0.45235655737704916 0.24158653846153846 0.45235655737704916 0.2387019230769231 0.45645491803278687 0.24326923076923077 0.4569672131147541 0.23990384615384616 0.45645491803278687 0.23653846153846153 0.45338114754098363 0.23653846153846153 0.45235655737704916 0.23533653846153846 0.44825819672131145 0.23485576923076923 0.44672131147540983 0.23389423076923077 0.4421106557377049 0.2358173076923077 0.4369877049180328 0.2310096153846154 0.4395491803278688 0.22884615384615384 0.4426229508196721 0.23149038461538463 0.4415983606557377 0.22692307692307692 0.44415983606557374 0.22283653846153847 0.44774590163934425 0.22091346153846153 0.44364754098360654 0.21346153846153845 0.44313524590163933 0.20865384615384616 0.4451844262295082 0.1954326923076923 0.4487704918032787 0.19254807692307693 0.4487704918032787 0.1858173076923077 0.4380122950819672 0.1829326923076923 0.4369877049180328 0.18004807692307692 0.4344262295081967 0.17884615384615385 0.4400614754098361 0.17139423076923077 0.4375 0.16610576923076922 0.4359631147540984 0.16514423076923077 0.4323770491803279 0.1658653846153846 0.43135245901639346 0.16538461538461538 0.430327868852459 0.1622596153846154 0.43084016393442626 0.14158653846153846 0.4293032786885246 0.1362980769230769 0.43135245901639346 0.1264423076923077 0.42776639344262296 0.12307692307692308 0.43135245901639346 0.11634615384615385 0.43084016393442626 0.11129807692307692 0.4359631147540984 0.109375 0.4359631147540984 0.10552884615384615 0.4349385245901639 0.10528846153846154 0.4323770491803279 0.10697115384615384 0.43135245901639346 0.10480769230769231 0.4334016393442623 0.10360576923076924 0.4364754098360656 0.09807692307692308 0.4410860655737705 0.0954326923076923 0.44415983606557374 0.08629807692307692 0.4426229508196721 0.08365384615384615 0.4405737704918033 0.084375 0.4390368852459016 0.08725961538461538 0.4375 0.08533653846153846 0.4375 0.06706730769230769 0.4390368852459016 0.06538461538461539 0.4426229508196721 0.06634615384615385 0.44774590163934425 0.056971153846153845 0.4415983606557377 0.05384615384615385 0.44313524590163933 0.05 0.4395491803278688 0.04567307692307692 0.4354508196721312 0.046875 0.4334016393442623 0.04447115384615385 0.42827868852459017 0.04230769230769231 0.42469262295081966 0.04350961538461538 0.4257172131147541 0.03990384615384615 0.42366803278688525 0.035576923076923075 0.4262295081967213 0.03293269230769231 0.42469262295081966 0.029326923076923077 0.42674180327868855 0.028125 0.4293032786885246 0.022115384615384617 0.4354508196721312 0.018990384615384614 0.4405737704918033 0.018990384615384614 0.4354508196721312 0.018990384615384614 0.43135245901639346 0.015384615384615385 0.4349385245901639 0.014663461538461538 0.4385245901639344 0.0125 0.4415983606557377 0.012259615384615384 0.44364754098360654 0.010576923076923078 0.44415983606557374 0.006009615384615385 0.4421106557377049 0
4 0.48616803278688525 0.38076923076923075 0.012295081967213115 0.026442307692307692
4 0.5058913934426229 0.37740384615384615 0.008709016393442622 0.029086538461538462
4 0.49923155737704916 0.42127403846153844 0.00819672131147541 0.020432692307692308
4 0.49334016393442626 0.48233173076923075 0.022540983606557378 0.04399038461538462
4 0.4923155737704918 0.14963942307692307 0.02305327868852459 0.04423076923076923
4 0.5258709016393442 0.11971153846153847 0.038422131147540985 0.09375
4 0.46900614754098363 0.11670673076923077 0.00819672131147541 0.06466346153846154
4 0.4567110655737705 0.14783653846153846 0.012295081967213115 0.027884615384615386
4 0.514344262295082 0.021634615384615384 0.03381147540983607 0.04326923076923077
4 0.5307377049180327 0.2793269230769231 0.022028688524590164 0.08461538461538462
4 0.5274077868852459 0.37764423076923076 0.02612704918032787 0.11778846153846154
4 0.49667008196721313 0.26959134615384617 0.0117827868852459 0.032692307692307694
4 0.49410860655737704 0.30120192307692306 0.010758196721311475 0.02235576923076923
4 0.5345799180327869 0.20600961538461537 0.0117827868852459 0.027644230769230768
4 0.4697745901639344 0.22115384615384615 0.01331967213114754 0.05793269230769231
