4 0.48770491803278687 0.3387019230769231 0.01485655737704918 0.07596153846153846
4 0.5040983606557377 0.3233173076923077 0.00819672131147541 0.08557692307692308
4 0.47771516393442626 0.36165865384615387 0.012295081967213115 0.026442307692307692
4 0.453125 0.34783653846153845 0.010758196721311475 0.04014423076923077
4 0.507172131147541 0.1996394230769231 0.009221311475409836 0.03245192307692308
4 0.5189549180327869 0.2109375 0.011270491803278689 0.04423076923076923
4 0.48514344262295084 0.2328125 0.018954918032786885 0.04975961538461538
4 0.49385245901639346 0.01826923076923077 0.4912909836065574 0.019230769230769232 0.48975409836065575 0.021634615384615384 0.4769467213114754 0.05432692307692308 0.4702868852459016 0.07716346153846154 0.4661885245901639 0.1 0.45491803278688525 0.1987980769230769 0.45901639344262296 0.2389423076923077 0.4600409836065574 0.24014423076923078 0.4728483606557377 0.24254807692307692 0.4805327868852459 0.24302884615384615 0.48309426229508196 0.2439903846153846 0.48770491803278687 0.25552884615384613 0.49077868852459017 0.24615384615384617 0.4882172131147541 0.2377403846153846 0.49077868852459017 0.23677884615384615 0.4912909836065574 0.23076923076923078 0.48719262295081966 0.22956730769230768 0.48514344262295084 0.22740384615384615 0.48463114754098363 0.21586538461538463 0.48104508196721313 0.21346153846153845 0.4800204918032787 0.209375 0.48258196721311475 0.20817307692307693 0.48463114754098363 0.20408653846153846 0.48258196721311475 0.19951923076923078 0.48463114754098363 0.19567307692307692 0.48975409836065575 0.19254807692307693 0.49385245901639346 0.1841346153846154 0.4979508196721312 0.1875 0.5 0.18245192307692307 0.4979508196721312 0.17427884615384615 0.4953893442622951 0.1733173076923077 0.49436475409836067 0.16826923076923078 0.4953893442622951 0.16129807692307693 0.5 0.15552884615384616 0.5005122950819673 0.13413461538461538 0.4989754098360656 0.12211538461538461 0.5025614754098361 0.10985576923076923 0.5015368852459017 0.09495192307692307 0.5046106557377049 0.07740384615384616 0.507172131147541 0.04326923076923077 0.5107581967213115 0.026682692307692307 0.5102459016393442 0.022596153846153846 0.5087090163934426 0.02139423076923077 0.5046106557377049 0.01971153846153846 0.4959016393442623 0.01826923076923077
4 0.4492827868852459 0.44146634615384617 0.02612704918032787 0.11370192307692308
4 0.48924180327868855 0.41165865384615385 0.010245901639344262 0.040625
4 0.5138319672131147 0.4070913461538462 0.017418032786885244 0.04879807692307692
4 0.46593237704918034 0.42451923076923076 0.00973360655737705 0.025721153846153845
4 0.49820696721311475 0.41201923076923075 0.004610655737704918 0.01971153846153846
4 0.4718237704918033 0.49951923076923077 0.030225409836065573 0.08100961538461539
4 0.5115266393442623 0.5139423076923076 0.014344262295081968 0.051201923076923075
4 0.4569672131147541 0.5491586538461538 0.018442622950819672 0.07403846153846154
4 0.44082991803278687 0.5237980769230769 0.011270491803278689 0.035096153846153846
4 0.49410860655737704 0.5748798076923077 0.005122950819672131 0.03798076923076923
4 0.46644467213114754 0.5736778846153846 0.014344262295081968 0.01826923076923077
4 0.4410860655737705 0.5923076923076923 0.013831967213114754 0.043028846153846154
4 0.4577356557377049 0.6075721153846154 0.01639344262295082 0.016826923076923076
4 0.5171618852459017 0.6098557692307692 0.013831967213114754 0.043028846153846154
4 0.43570696721311475 0.6551682692307692 0.01639344262295082 0.03798076923076923
4 0.47848360655737704 0.6548076923076923 0.028688524590163935 0.045432692307692306
4 0.5076844262295082 0.6467548076923076 0.015881147540983607 0.045432692307692306
4 0.49820696721311475 0.7121394230769231 0.01485655737704918 0.04903846153846154
4 0.4536372950819672 0.6794471153846153 0.013831967213114754 0.04230769230769231
4 0.43160860655737704 0.7080528846153846 0.0194672131147541 0.035576923076923075
4 0.46311475409836067 0.7336538461538461 0.021004098360655737 0.034375
4 0.5245901639344263 0.7475961538461539 0.015368852459016393 0.027884615384615386
4 0.43263319672131145 0.7367788461538461 0.0235655737704918 0.03173076923076923
4 0.4415983606557377 0.7737980769230769 0.018442622950819672 0.051682692307692304
4 0.4180327868852459 0.7728365384615384 0.013831967213114754 0.03701923076923077
4 0.45491803278688525 0.7560096153846154 0.012295081967213115 0.02956730769230769
4 0.4818135245901639 0.7804086538461539 0.00665983606557377 0.02139423076923077
4 0.508452868852459 0.8256009615384615 0.0117827868852459 0.02548076923076923
4 0.4088114754098361 0.8205528846153847 0.008709016393442622 0.028846153846153848
4 0.43826844262295084 0.8243990384615385 0.01331967213114754 0.05625
4 0.41598360655737704 0.8548076923076923 0.016905737704918034 0.08197115384615385
4 0.40394467213114754 0.8807692307692307 0.014344262295081968 0.04639423076923077
4 0.4203381147540984 0.8987980769230769 0.01639344262295082 0.030048076923076924
4 0.40701844262295084 0.9241586538461538 0.018442622950819672 0.025961538461538463
4 0.41265368852459017 0.9522836538461539 0.017930327868852458 0.026201923076923078
4 0.4707991803278688 0.9804086538461538 0.015368852459016393 0.03918269230769231
4 0.5038422131147541 0.9145432692307692 0.010758196721311475 0.026682692307692307
4 0.43570696721311475 0.9442307692307692 0.024077868852459015 0.07235576923076924
4 0.42110655737704916 0.9891826923076923 0.015881147540983607 0.021634615384615384
4 0.40855532786885246 0.9919471153846153 0.019979508196721313 0.01610576923076923
4 0.3942110655737705 0.9756009615384615 0.019979508196721313 0.02860576923076923
