4 0.5327868852459017 0.6574519230769231 0.5414959016393442 0.6795673076923077 0.5404713114754098 0.7091346153846154 0.5353483606557377 0.7168269230769231 0.5317622950819673 0.7151442307692307 0.5302254098360656 0.7019230769230769 0.5322745901639344 0.6576923076923077
4 0.4738729508196721 0.4423076923076923 0.47848360655737704 0.459375 0.47489754098360654 0.46778846153846154 0.4702868852459016 0.45408653846153846 0.4733606557377049 0.4425480769230769
4 0.4426229508196721 0.5959134615384616 0.44672131147540983 0.6016826923076923 0.45030737704918034 0.6278846153846154 0.4492827868852459 0.6730769230769231 0.4456967213114754 0.6701923076923076 0.4400614754098361 0.6435096153846154 0.4380122950819672 0.6012019230769231 0.4421106557377049 0.5961538461538461
4 0.48770491803278687 0.003605769230769231 0.4912909836065574 0.005048076923076923 0.4918032786885246 0.009615384615384616 0.4918032786885246 0.038461538461538464 0.49077868852459017 0.042067307692307696 0.48719262295081966 0.043028846153846154 0.48770491803278687 0.0038461538461538464
4 0.5040983606557377 0.692548076923077 0.5051229508196722 0.6716346153846153 0.5081967213114754 0.6701923076923076 0.5107581967213115 0.6716346153846153 0.5128073770491803 0.6774038461538462 0.5184426229508197 0.7403846153846154 0.5153688524590164 0.7483173076923076 0.5092213114754098 0.7504807692307692 0.5051229508196722 0.7591346153846154 0.5051229508196722 0.7502403846153847 0.5128073770491803 0.7447115384615385 0.5138319672131147 0.7358173076923077 0.5128073770491803 0.7247596153846154 0.5056352459016393 0.7177884615384615 0.5035860655737705 0.7105769230769231 0.5046106557377049 0.6927884615384615
4 0.5327868852459017 0.2514423076923077 0.5358606557377049 0.2901442307692308 0.5327868852459017 0.2918269230769231 0.5307377049180327 0.28966346153846156 0.5281762295081968 0.278125 0.5327868852459017 0.2516826923076923
4 0.4456967213114754 0.5471153846153847 0.44979508196721313 0.5663461538461538 0.44979508196721313 0.6103365384615385 0.44672131147540983 0.619951923076923 0.4426229508196721 0.621875 0.4385245901639344 0.6060096153846154 0.4456967213114754 0.5473557692307692
4 0.48411885245901637 0.21394230769230768 0.4882172131147541 0.21995192307692307 0.4918032786885246 0.24254807692307692 0.49077868852459017 0.2586538461538462 0.48770491803278687 0.2591346153846154 0.48463114754098363 0.2550480769230769 0.48258196721311475 0.24591346153846153 0.4805327868852459 0.21754807692307693 0.48360655737704916 0.2141826923076923
4 0.4149590163934426 0.05336538461538461 0.41905737704918034 0.05432692307692308 0.42161885245901637 0.06322115384615384 0.42161885245901637 0.078125 0.41905737704918034 0.08052884615384616 0.41700819672131145 0.07932692307692307 0.4149590163934426 0.05360576923076923
4 0.48411885245901637 0.2915865384615385 0.48924180327868855 0.29447115384615385 0.492827868852459 0.3125 0.49436475409836067 0.36706730769230766 0.4912909836065574 0.36778846153846156 0.48975409836065575 0.3658653846153846 0.48668032786885246 0.346875 0.47438524590163933 0.3213942307692308 0.47540983606557374 0.3002403846153846 0.48360655737704916 0.2918269230769231
4 0.5076844262295082 0.2985576923076923 0.5153688524590164 0.3112980769230769 0.538422131147541 0.38677884615384617 0.5532786885245902 0.5971153846153846 0.5532786885245902 0.60625 0.5502049180327869 0.6086538461538461 0.5471311475409836 0.6038461538461538 0.5348360655737705 0.5995192307692307 0.53125 0.5576923076923077 0.5245901639344263 0.5389423076923077 0.5230532786885246 0.5026442307692308 0.53125 0.484375 0.5230532786885246 0.44158653846153845 0.5153688524590164 0.4377403846153846 0.5117827868852459 0.4307692307692308 0.5102459016393442 0.38677884615384617 0.4989754098360656 0.3314903846153846 0.5030737704918032 0.3211538461538462 0.5 0.3105769230769231 0.5076844262295082 0.2987980769230769
4 0.4149590163934426 0.13701923076923078 0.4180327868852459 0.13653846153846153 0.41956967213114754 0.13990384615384616 0.41905737704918034 0.15144230769230768 0.4149590163934426 0.15336538461538463 0.4149590163934426 0.1372596153846154
4 0.5189549180327869 0.6850961538461539 0.5225409836065574 0.6853365384615384 0.5245901639344263 0.6889423076923077 0.5286885245901639 0.7305288461538462 0.5281762295081968 0.7372596153846154 0.5225409836065574 0.7420673076923077 0.5174180327868853 0.73125 0.5189549180327869 0.6853365384615384
4 0.5430327868852459 0.48197115384615385 0.5471311475409836 0.5009615384615385 0.5522540983606558 0.6067307692307692 0.5502049180327869 0.6084134615384615 0.5476434426229508 0.6040865384615385 0.5348360655737705 0.598798076923077 0.53125 0.5533653846153846 0.5256147540983607 0.5413461538461538 0.5230532786885246 0.5177884615384616 0.5251024590163934 0.49783653846153847 0.5317622950819673 0.49423076923076925 0.5358606557377049 0.48509615384615384 0.5404713114754098 0.4930288461538462 0.5430327868852459 0.48221153846153847
4 0.5292008196721312 0.604326923076923 0.5332991803278688 0.6086538461538461 0.5348360655737705 0.6223557692307692 0.5338114754098361 0.6336538461538461 0.5292008196721312 0.6305288461538462 0.5266393442622951 0.6096153846153847 0.5292008196721312 0.6045673076923077
4 0.42469262295081966 0.525 0.4287909836065574 0.5620192307692308 0.42520491803278687 0.5769230769230769 0.42264344262295084 0.5653846153846154 0.42110655737704916 0.5324519230769231 0.42469262295081966 0.5252403846153846
4 0.4948770491803279 0.30480769230769234 0.48514344262295084 0.2552884615384615 0.4887295081967213 0.24302884615384615 0.4912909836065574 0.24182692307692308 0.49436475409836067 0.24495192307692307 0.5030737704918032 0.28557692307692306 0.5025614754098361 0.3002403846153846 0.4948770491803279 0.30504807692307695
4 0.4979508196721312 0.5800480769230769 0.5020491803278688 0.5814903846153846 0.5040983606557377 0.5901442307692307 0.5025614754098361 0.6014423076923077 0.4979508196721312 0.6002403846153846 0.4979508196721312 0.5802884615384616
4 0.4042008196721312 0.27355769230769234 0.4077868852459016 0.28076923076923077 0.4149590163934426 0.27716346153846155 0.41854508196721313 0.30240384615384613 0.4149590163934426 0.31826923076923075 0.4113729508196721 0.31346153846153846 0.4088114754098361 0.3175480769230769 0.41239754098360654 0.328125 0.4077868852459016 0.3326923076923077 0.4047131147540984 0.3314903846153846 0.4042008196721312 0.27379807692307695
4 0.45645491803278687 0.19423076923076923 0.4600409836065574 0.20841346153846155 0.45952868852459017 0.21826923076923077 0.45645491803278687 0.2221153846153846 0.45491803278688525 0.21875 0.45645491803278687 0.19447115384615385
4 0.49436475409836067 0.25432692307692306 0.5020491803278688 0.2971153846153846 0.5097336065573771 0.2985576923076923 0.5158811475409836 0.3112980769230769 0.5389344262295082 0.38677884615384617 0.5522540983606558 0.6079326923076923 0.5502049180327869 0.6086538461538461 0.5471311475409836 0.6038461538461538 0.5343237704918032 0.5985576923076923 0.53125 0.5584134615384615 0.5251024590163934 0.5420673076923077 0.5220286885245902 0.5163461538461539 0.524077868852459 0.49735576923076924 0.5307377049180327 0.4889423076923077 0.524077868852459 0.44735576923076925 0.5225409836065574 0.44158653846153845 0.5153688524590164 0.4394230769230769 0.5117827868852459 0.43365384615384617 0.5076844262295082 0.3766826923076923 0.4989754098360656 0.33533653846153844 0.49436475409836067 0.3300480769230769 0.49077868852459017 0.3317307692307692 0.49026639344262296 0.3175480769230769 0.48258196721311475 0.31177884615384616 0.48155737704918034 0.3004807692307692 0.4769467213114754 0.3021634615384615 0.48155737704918034 0.2932692307692308 0.48668032786885246 0.2932692307692308 0.48770491803278687 0.2949519230769231 0.4918032786885246 0.2939903846153846 0.49026639344262296 0.2608173076923077 0.49385245901639346 0.2545673076923077
4 0.4385245901639344 0.35096153846153844 0.4410860655737705 0.378125 0.4395491803278688 0.3889423076923077 0.4354508196721312 0.3925480769230769 0.4293032786885246 0.39014423076923077 0.42520491803278687 0.38125 0.42418032786885246 0.3548076923076923 0.4287909836065574 0.35 0.43186475409836067 0.35841346153846154 0.4349385245901639 0.3502403846153846 0.4380122950819672 0.35096153846153844
4 0.4323770491803279 0.4185096153846154 0.4462090163934426 0.4266826923076923 0.44723360655737704 0.44591346153846156 0.4456967213114754 0.45096153846153847 0.4421106557377049 0.45216346153846154 0.4426229508196721 0.4668269230769231 0.45133196721311475 0.4947115384615385 0.45799180327868855 0.5012019230769231 0.4600409836065574 0.5137019230769231 0.45901639344262296 0.536298076923077 0.45645491803278687 0.5379807692307692 0.4492827868852459 0.536298076923077 0.4456967213114754 0.5379807692307692 0.4426229508196721 0.5370192307692307 0.4390368852459016 0.5425480769230769 0.4334016393442623 0.5415865384615385 0.43084016393442626 0.5370192307692307 0.4328893442622951 0.5185096153846154 0.4180327868852459 0.46826923076923077 0.41854508196721313 0.4639423076923077 0.42161885245901637 0.46466346153846155 0.4257172131147541 0.46081730769230766 0.4262295081967213 0.425 0.42827868852459017 0.41923076923076924 0.43186475409836067 0.4185096153846154
4 0.4805327868852459 0.03125 0.48411885245901637 0.03245192307692308 0.48565573770491804 0.03870192307692308 0.48770491803278687 0.0829326923076923 0.48565573770491804 0.08798076923076924 0.48206967213114754 0.08581730769230769 0.4769467213114754 0.06009615384615385 0.4805327868852459 0.031490384615384615
4 0.4738729508196721 0.48004807692307694 0.47950819672131145 0.5084134615384616 0.48411885245901637 0.5141826923076923 0.48411885245901637 0.5276442307692307 0.47438524590163933 0.5319711538461539 0.4702868852459016 0.5372596153846154 0.4656762295081967 0.5365384615384615 0.4646516393442623 0.534375 0.46260245901639346 0.4908653846153846 0.4733606557377049 0.48028846153846155
4 0.40061475409836067 0.24639423076923078 0.4052254098360656 0.2673076923076923 0.4042008196721312 0.28870192307692305 0.4011270491803279 0.2860576923076923 0.3975409836065574 0.2605769230769231 0.40010245901639346 0.2466346153846154
4 0.40061475409836067 0.08677884615384615 0.4042008196721312 0.08677884615384615 0.4057377049180328 0.09158653846153846 0.4072745901639344 0.11754807692307692 0.4047131147540984 0.12524038461538461 0.3985655737704918 0.11754807692307692 0.40061475409836067 0.08701923076923077
4 0.4180327868852459 0.43149038461538464 0.42520491803278687 0.4502403846153846 0.42827868852459017 0.4795673076923077 0.4257172131147541 0.4889423076923077 0.42161885245901637 0.48822115384615383 0.41854508196721313 0.4795673076923077 0.4180327868852459 0.43173076923076925
4 0.45389344262295084 0.2484375 0.014344262295081968 0.04158653846153846
4 0.4180327868852459 0.18221153846153845 0.42264344262295084 0.1891826923076923 0.42008196721311475 0.22259615384615383 0.4180327868852459 0.22620192307692308 0.4144467213114754 0.22355769230769232 0.41239754098360654 0.20360576923076923 0.4180327868852459 0.18245192307692307
4 0.43186475409836067 0.23990384615384616 0.42827868852459017 0.19951923076923078 0.43186475409836067 0.19038461538461537 0.4354508196721312 0.1918269230769231 0.4364754098360656 0.19735576923076922 0.43186475409836067 0.24014423076923078
4 0.4287909836065574 0.59375 0.4369877049180328 0.6302884615384615 0.4354508196721312 0.6507211538461538 0.43186475409836067 0.6483173076923077 0.430327868852459 0.6377403846153846 0.42827868852459017 0.5939903846153847
4 0.48411885245901637 0.6862980769230769 0.4887295081967213 0.6875 0.49436475409836067 0.6990384615384615 0.49334016393442626 0.7211538461538461 0.49026639344262296 0.7247596153846154 0.4969262295081967 0.7521634615384616 0.5020491803278688 0.7533653846153846 0.5112704918032787 0.7447115384615385 0.5189549180327869 0.7492788461538461 0.5225409836065574 0.7413461538461539 0.5286885245901639 0.7415865384615384 0.5425204918032787 0.7625 0.5450819672131147 0.7774038461538462 0.5527663934426229 0.7860576923076923 0.5502049180327869 0.8149038461538461 0.5379098360655737 0.8668269230769231 0.5343237704918032 0.9959134615384615 0.5266393442622951 0.9997596153846153 0.5225409836065574 0.9975961538461539 0.5163934426229508 0.9997596153846153 0.5158811475409836 0.9980769230769231 0.5015368852459017 0.9959134615384615 0.4979508196721312 0.9617788461538461 0.5020491803278688 0.9634615384615385 0.5035860655737705 0.95625 0.49436475409836067 0.9444711538461539 0.48360655737704916 0.8682692307692308 0.45645491803278687 0.7985576923076924 0.45543032786885246 0.7771634615384615 0.44364754098360654 0.7271634615384616 0.4492827868852459 0.7139423076923077 0.45184426229508196 0.7209134615384616 0.4574795081967213 0.7245192307692307 0.4692622950819672 0.7223557692307693 0.4738729508196721 0.7161057692307692 0.48155737704918034 0.7175480769230769 0.48411885245901637 0.6865384615384615
4 0.4421106557377049 0.4206730769230769 0.44723360655737704 0.42403846153846153 0.4487704918032787 0.4358173076923077 0.44825819672131145 0.4528846153846154 0.4462090163934426 0.4581730769230769 0.444672131147541 0.4567307692307692 0.4385245901639344 0.4252403846153846 0.4421106557377049 0.42091346153846154
4 0.4738729508196721 0.44182692307692306 0.47848360655737704 0.459375 0.47489754098360654 0.46802884615384616 0.4697745901639344 0.45384615384615384 0.4733606557377049 0.4420673076923077
4 0.4390368852459016 0.2848557692307692 0.4390368852459016 0.3213942307692308 0.4349385245901639 0.30120192307692306 0.4349385245901639 0.28942307692307695 0.4385245901639344 0.28509615384615383
4 0.5015368852459017 0.604326923076923 0.5061475409836066 0.6177884615384616 0.5081967213114754 0.6605769230769231 0.5040983606557377 0.6605769230769231 0.5005122950819673 0.6504807692307693 0.4979508196721312 0.6117788461538461 0.5010245901639344 0.6045673076923077
4 0.5220286885245902 0.12980769230769232 0.5266393442622951 0.1466346153846154 0.5256147540983607 0.15721153846153846 0.5220286885245902 0.15072115384615384 0.5220286885245902 0.13004807692307693
4 0.45952868852459017 0.690625 0.4651639344262295 0.7024038461538461 0.46311475409836067 0.7163461538461539 0.45901639344262296 0.7149038461538462 0.45543032786885246 0.703125 0.45901639344262296 0.6908653846153846
4 0.39600409836065575 0.14254807692307692 0.4011270491803279 0.16346153846153846 0.3975409836065574 0.17403846153846153 0.39395491803278687 0.175 0.39190573770491804 0.14639423076923078 0.39549180327868855 0.14254807692307692
4 0.46311475409836067 0.3841346153846154 0.4707991803278688 0.4108173076923077 0.4769467213114754 0.45552884615384615 0.4738729508196721 0.48365384615384616 0.4702868852459016 0.484375 0.4728483606557377 0.46658653846153847 0.4605532786885246 0.4129807692307692 0.46311475409836067 0.384375
4 0.5261270491803278 0.7384615384615385 0.5317622950819673 0.7415865384615384 0.5332991803278688 0.7516826923076924 0.5425204918032787 0.7617788461538462 0.5450819672131147 0.7764423076923077 0.5522540983606558 0.7848557692307693 0.5466188524590164 0.8283653846153847 0.5430327868852459 0.8375 0.5307377049180327 0.8449519230769231 0.5292008196721312 0.859375 0.5112704918032787 0.8389423076923077 0.5112704918032787 0.8245192307692307 0.5174180327868853 0.817548076923077 0.5087090163934426 0.8137019230769231 0.5066598360655737 0.8048076923076923 0.5061475409836066 0.7512019230769231 0.5117827868852459 0.7454326923076923 0.5153688524590164 0.7480769230769231 0.5194672131147541 0.7480769230769231 0.5256147540983607 0.7387019230769231
4 0.47540983606557374 0.23485576923076923 0.47848360655737704 0.23846153846153847 0.48104508196721313 0.2685096153846154 0.48104508196721313 0.2800480769230769 0.4774590163934426 0.2848557692307692 0.4723360655737705 0.2423076923076923 0.47489754098360654 0.23485576923076923
4 0.5117827868852459 0.5978365384615385 0.5163934426229508 0.6052884615384615 0.5153688524590164 0.6194711538461538 0.5112704918032787 0.6197115384615385 0.5087090163934426 0.6127403846153846 0.5112704918032787 0.5980769230769231
4 0.4807889344262295 0.4941105769230769 0.013831967213114754 0.07716346153846154
4 0.4144467213114754 0.27572115384615387 0.42008196721311475 0.2987980769230769 0.4298155737704918 0.30697115384615387 0.4328893442622951 0.3175480769230769 0.43186475409836067 0.3283653846153846 0.42827868852459017 0.33221153846153845 0.42469262295081966 0.33052884615384615 0.42161885245901637 0.33822115384615387 0.4175204918032787 0.3375 0.4149590163934426 0.32860576923076923 0.4113729508196721 0.328125 0.4077868852459016 0.33125 0.4042008196721312 0.3262019230769231 0.4036885245901639 0.28533653846153845 0.4042008196721312 0.28365384615384615 0.4082991803278688 0.2848557692307692 0.4139344262295082 0.2759615384615385
4 0.42827868852459017 0.35096153846153844 0.4354508196721312 0.3903846153846154 0.43135245901639346 0.390625 0.42469262295081966 0.3802884615384615 0.42418032786885246 0.35384615384615387 0.42776639344262296 0.35120192307692305
4 0.4426229508196721 0.2528846153846154 0.44723360655737704 0.28533653846153845 0.4415983606557377 0.29254807692307694 0.4390368852459016 0.3230769230769231 0.4344262295081967 0.28677884615384613 0.4421106557377049 0.253125
4 0.40061475409836067 0.24975961538461539 0.4093237704918033 0.3038461538461538 0.4077868852459016 0.3283653846153846 0.4042008196721312 0.3348557692307692 0.40061475409836067 0.25
4 0.46311475409836067 0.5997596153846154 0.4667008196721312 0.6567307692307692 0.46311475409836067 0.6584134615384616 0.4605532786885246 0.6533653846153846 0.45799180327868855 0.6134615384615385 0.45901639344262296 0.6026442307692308 0.46311475409836067 0.6
4 0.48565573770491804 0.2915865384615385 0.4912909836065574 0.30288461538461536 0.49334016393442626 0.33028846153846153 0.48411885245901637 0.3423076923076923 0.47540983606557374 0.32764423076923077 0.4738729508196721 0.30649038461538464 0.4769467213114754 0.29615384615384616 0.48514344262295084 0.2915865384615385
4 0.45952868852459017 0.06370192307692307 0.4656762295081967 0.07427884615384615 0.4641393442622951 0.08389423076923076 0.4600409836065574 0.08629807692307692 0.4569672131147541 0.08245192307692308 0.45543032786885246 0.07235576923076924 0.45952868852459017 0.06394230769230769
4 0.4426229508196721 0.24975961538461539 0.4456967213114754 0.2516826923076923 0.44774590163934425 0.27908653846153847 0.4426229508196721 0.28966346153846156 0.4385245901639344 0.28918269230769234 0.4354508196721312 0.28365384615384615 0.4421106557377049 0.25
4 0.4769467213114754 0.14086538461538461 0.48411885245901637 0.15673076923076923 0.48104508196721313 0.18461538461538463 0.4774590163934426 0.18100961538461538 0.4723360655737705 0.15841346153846153 0.4764344262295082 0.14110576923076923
4 0.40445696721311475 0.20444711538461538 0.01485655737704918 0.03485576923076923
4 0.4180327868852459 0.29759615384615384 0.42264344262295084 0.30456730769230766 0.4287909836065574 0.3060096153846154 0.4323770491803279 0.315625 0.43186475409836067 0.3278846153846154 0.4287909836065574 0.3314903846153846 0.42520491803278687 0.32908653846153846 0.42315573770491804 0.3300480769230769 0.42161885245901637 0.33557692307692305 0.4180327868852459 0.33221153846153845 0.4175204918032787 0.29783653846153846
4 0.5051229508196722 0.26466346153846154 0.4959016393442623 0.20120192307692308 0.4964139344262295 0.18173076923076922 0.4989754098360656 0.17860576923076923 0.5030737704918032 0.17884615384615385 0.5128073770491803 0.21153846153846154 0.5051229508196722 0.26490384615384616
4 0.4702868852459016 0.5639423076923077 0.47540983606557374 0.5742788461538462 0.4733606557377049 0.5829326923076923 0.4702868852459016 0.584375 0.4661885245901639 0.5795673076923077 0.4697745901639344 0.5641826923076924
4 0.4912909836065574 0.353125 0.009221311475409836 0.03076923076923077
4 0.4462090163934426 0.6603365384615385 0.45081967213114754 0.6644230769230769 0.45286885245901637 0.6745192307692308 0.45081967213114754 0.7084134615384615 0.45543032786885246 0.7341346153846153 0.45389344262295084 0.7439903846153846 0.45286885245901637 0.7454326923076923 0.4492827868852459 0.7444711538461538 0.4421106557377049 0.7252403846153846 0.44723360655737704 0.7100961538461539 0.4426229508196721 0.6723557692307692 0.4462090163934426 0.6605769230769231
4 0.38883196721311475 0 0.41700819672131145 0 0.4180327868852459 0.0021634615384615386 0.42264344262295084 0 0.42827868852459017 0.003605769230769231 0.4359631147540984 0 0.4390368852459016 0.005048076923076923 0.4492827868852459 0.0026442307692307694 0.4600409836065574 0.005048076923076923 0.46209016393442626 0 0.4979508196721312 0 0.4974385245901639 0.005528846153846154 0.5153688524590164 0.010576923076923078 0.5158811475409836 0.07884615384615384 0.5276639344262295 0.17115384615384616 0.5297131147540983 0.24471153846153845 0.5322745901639344 0.24807692307692308 0.5256147540983607 0.2519230769230769 0.5286885245901639 0.25600961538461536 0.5327868852459017 0.2536057692307692 0.5338114754098361 0.26153846153846155 0.5368852459016393 0.36682692307692305 0.5420081967213115 0.4033653846153846 0.5409836065573771 0.4564903846153846 0.5476434426229508 0.5016826923076924 0.5558401639344263 0.740625 0.5502049180327869 0.8117788461538461 0.5368852459016393 0.869951923076923 0.5338114754098361 0.9997596153846153 0.5015368852459017 0.9997596153846153 0.48565573770491804 0.8745192307692308 0.45645491803278687 0.7987980769230769 0.4492827868852459 0.7699519230769231 0.4287909836065574 0.6252403846153847 0.41700819672131145 0.4637019230769231 0.41700819672131145 0.4125 0.4042008196721312 0.33028846153846153 0.39241803278688525 0.13341346153846154 0.38780737704918034 0.10336538461538461 0.38985655737704916 0.0954326923076923 0.38575819672131145 0.0920673076923077 0.38883196721311475 0.0002403846153846154
4 0.5135758196721312 0.8716346153846154 0.018954918032786885 0.03221153846153846
4 0.4344262295081967 0.41947115384615385 0.4400614754098361 0.4252403846153846 0.4390368852459016 0.47620192307692305 0.43186475409836067 0.4737980769230769 0.42725409836065575 0.465625 0.42674180327868855 0.4235576923076923 0.42827868852459017 0.41923076923076924 0.4339139344262295 0.41947115384615385
4 0.4733606557377049 0.5949519230769231 0.475922131147541 0.5995192307692307 0.48411885245901637 0.6004807692307692 0.48719262295081966 0.6084134615384615 0.4912909836065574 0.678125 0.48411885245901637 0.6973557692307693 0.4738729508196721 0.6879807692307692 0.4702868852459016 0.6774038461538462 0.4692622950819672 0.6021634615384616 0.4733606557377049 0.5951923076923077
