3 0.5465625 0.6634375 0.113125 0.051875
3 0.10625 0.459375 0.1925 0.0825
3 0.5696875 0.4840625 0.133125 0.085625
3 0.709375 0.6215625 0.1275 0.044375
3 0.6671875 0.67625 0.096875 0.035
3 0.274375 0.496875 0.274375 0.509375 0.279375 0.519375 0.286875 0.525625 0.3025 0.53 0.324375 0.530625 0.341875 0.525625 0.34875 0.518125 0.353125 0.508125 0.348125 0.500625 0.333125 0.49625 0.321875 0.486875 0.3075 0.481875 0.295 0.4825 0.27875 0.49125
3 0.24 0.421875 0.241875 0.431875 0.264375 0.441875 0.275 0.44375 0.29125 0.441875 0.30125 0.425625 0.299375 0.416875 0.29 0.41 0.250625 0.4125 0.244375 0.415
3 0.120625 0.411875 0.119375 0.415 0.12625 0.4175 0.13 0.415625 0.153125 0.419375 0.154375 0.421875 0.158125 0.421875 0.16 0.410625 0.17875 0.413125 0.189375 0.416875 0.21 0.43 0.220625 0.441875 0.25125 0.45375 0.265625 0.453125 0.27875 0.445625 0.299375 0.448125 0.310625 0.44625 0.3175 0.4425 0.318125 0.43375 0.321875 0.425625 0.318125 0.415625 0.318125 0.4075 0.313125 0.401875 0.299375 0.395 0.26875 0.391875 0.154375 0.39375 0.14375 0.396875 0.133125 0.40875 0.129375 0.41 0.12625 0.408125
3 0.4575 0.389375 0.45625 0.394375 0.45875 0.40375 0.47375 0.408125 0.4875 0.408125 0.5025 0.4 0.5075 0.394375 0.501875 0.389375 0.48375 0.38625
3 0.57625 0.42125 0.57375 0.425 0.574375 0.433125 0.59 0.441875 0.611875 0.4375 0.619375 0.429375 0.621875 0.4225 0.61625 0.415625 0.6025 0.411875 0.5875 0.414375
3 0.446875 0.44875 0.4475 0.453125 0.468125 0.46 0.476875 0.45875 0.483125 0.4525 0.48125 0.445625 0.469375 0.44125 0.461875 0.441875
3 0.46625 0.478125 0.466875 0.48125 0.484375 0.481875 0.49125 0.4775 0.49125 0.47375 0.4875 0.47 0.478125 0.469375
3 0.363125 0.49125 0.35875 0.494375 0.3625 0.5025 0.36875 0.505 0.376875 0.503125 0.37875 0.4975 0.374375 0.49125
3 0.446875 0.5525 0.446875 0.5575 0.4525 0.56125 0.466875 0.560625 0.47 0.556875 0.47 0.55375 0.46625 0.550625 0.453125 0.549375
3 0.803125 0.595 0.801875 0.601875 0.80375 0.605 0.814375 0.61 0.838125 0.608125 0.849375 0.601875 0.845 0.59375 0.836875 0.590625 0.811875 0.59125
3 0.858125 0.661875 0.855625 0.665 0.86 0.673125 0.869375 0.678125 0.879375 0.679375 0.905 0.6775 0.921875 0.671875 0.9275 0.665625 0.92375 0.6625 0.895625 0.66
3 0.786875 0.530625 0.785 0.5325 0.785625 0.54 0.793125 0.54625 0.876875 0.5475 0.89 0.540625 0.8975 0.54 0.89625 0.53375 0.90125 0.529375 0.895 0.53 0.876875 0.518125 0.853125 0.5175 0.8375 0.514375 0.82 0.518125 0.80875 0.524375
3 0.075625 0.59875 0.075 0.6025 0.08125 0.605625 0.105 0.608125 0.136875 0.606875 0.18875 0.61 0.208125 0.609375 0.215625 0.605625 0.213125 0.598125 0.20375 0.595 0.126875 0.588125 0.09875 0.58875
3 0.23125 0.56375 0.230625 0.5675 0.234375 0.57125 0.251875 0.578125 0.268125 0.576875 0.271875 0.574375 0.274375 0.5675 0.27125 0.56375 0.259375 0.56125 0.24375 0.560625
3 0.003125 0.553125 0 0.554375 0 0.565625 0.005 0.568125 0.04 0.570625 0.051875 0.568125 0.05875 0.560625 0.055625 0.55625 0.049375 0.554375
3 0.00125 0.586875 0 0.600625 0.02375 0.601875 0.03125 0.59875 0.028125 0.591875
3 0.928125 0.42875 0.925625 0.43125 0.928125 0.43625 0.94625 0.43875 0.96 0.435625 0.958125 0.43 0.946875 0.424375 0.938125 0.424375
3 0.9775 0.500625 0.976875 0.505 0.98125 0.50875 0.986875 0.50875 0.9925 0.505 0.985 0.498125
3 0.94375 0.61625 0.940625 0.619375 0.94125 0.6225 0.9475 0.625625 0.956875 0.625 0.960625 0.62125 0.95875 0.615625
3 0.74625 0.435625 0.7475 0.440625 0.755 0.44375 0.7675 0.441875 0.76625 0.435625 0.761875 0.431875
3 0.591875 0.59 0.59125 0.595 0.59875 0.599375 0.6025 0.598125 0.606875 0.591875 0.6025 0.5875
3 0.42375 0.623125 0.423125 0.63125 0.43 0.635 0.443125 0.635 0.45 0.6275 0.4475 0.623125 0.439375 0.619375 0.43 0.619375
3 0.4175 0.643125 0.416875 0.6475 0.424375 0.650625 0.436875 0.6475 0.436875 0.64375 0.431875 0.641875
3 0.22375 0.61625 0.216875 0.6225 0.286875 0.625 0.300625 0.628125 0.31375 0.636875 0.323125 0.638125 0.330625 0.636875 0.33375 0.630625 0.33125 0.625625 0.311875 0.615625 0.25875 0.613125 0.229375 0.618125
