3 0.210625 0.3965625 0.035 0.031875
3 0.3 0.4303125 0.01375 0.010625
3 0.4403125 0.519375 0.020625 0.01375
3 0.3696875 0.459375 0.011875 0.01
3 0.26625 0.4084375 0.0175 0.013125
3 0.03625 0.3253125 0.02375 0.013125
3 0.5878125 0.5990625 0.016875 0.010625
3 0.11375 0.3428125 0.02 0.010625
3 0.8775 0.7215625 0.0125 0.010625
3 0.05875 0.34625 0.0575 0.350625 0.060625 0.354375 0.065625 0.355 0.070625 0.351875 0.065625 0.345
3 0.00375 0.3225 0 0.32375 0 0.329375 0.009375 0.336875 0.01875 0.338125 0.018125 0.329375 0.0125 0.324375
3 0.086875 0.340625 0.08625 0.345 0.08875 0.348125 0.095625 0.34875 0.0975 0.345625 0.095625 0.340625
3 0.2375 0.43 0.2375 0.434375 0.24125 0.438125 0.248125 0.438125 0.25125 0.435625 0.250625 0.43125 0.24625 0.428125 0.24125 0.4275
3 0.271875 0.44125 0.27125 0.446875 0.279375 0.449375 0.28125 0.44625 0.279375 0.441875
3 0.6425 0.5825 0.641875 0.588125 0.64625 0.591875 0.65375 0.594375 0.6625 0.5925 0.6525 0.585
3 0.635625 0.60625 0.633125 0.609375 0.635625 0.615625 0.6475 0.61625 0.645625 0.610625 0.638125 0.605625
3 0.769375 0.645625 0.77 0.65125 0.7775 0.65125 0.775 0.64625
