3 0.4834375 0.446875 0.010625 0.02375
3 0.51375 0.2628125 0.015 0.020625
3 0.4365625 0.665 0.011875 0.0225
3 0.4440625 0.7278125 0.036875 0.034375
3 0.444375 0.62125 0.01125 0.015
3 0.45125 0.540625 0.01 0.01375
3 0.4246875 0.83625 0.013125 0.02375
3 0.43375 0.9196875 0.01375 0.021875
3 0.4459375 0.945625 0.009375 0.02125
3 0.4484375 0.8875 0.009375 0.01625
3 0.4675 0.679375 0.01 0.01375
3 0.5046875 0.2078125 0.010625 0.025625
3 0.469375 0.6428125 0.00875 0.013125
3 0.4796875 0.195625 0.009375 0.02
3 0.43625 0.7125 0.425 0.7125 0.42625 0.7175 0.424375 0.719375 0.424375 0.72125 0.435 0.73125 0.4425 0.72625 0.445625 0.728125 0.44875 0.72625 0.453125 0.7275 0.456875 0.72375 0.444375 0.718125 0.444375 0.715 0.448125 0.713125 0.44 0.7125
3 0.431875 0.734375 0.428125 0.73625 0.426875 0.740625 0.4275 0.746875 0.43125 0.750625 0.436875 0.7475 0.43875 0.7425 0.438125 0.7375 0.433125 0.734375
3 0.455 0.7225 0.44875 0.72375 0.45125 0.725 0.45375 0.730625 0.45375 0.74 0.459375 0.741875 0.46375 0.7375 0.46375 0.730625 0.45625 0.7225
3 0.4325 0.855 0.430625 0.855625 0.42875 0.861875 0.431875 0.868125 0.435 0.8675 0.438125 0.8625 0.435625 0.855
