4 0.4912909836065574 0.723798076923077 0.4984631147540984 0.7274038461538461 0.5025614754098361 0.7367788461538461 0.5 0.744951923076923 0.5061475409836066 0.7543269230769231 0.5046106557377049 0.7673076923076924 0.5010245901639344 0.76875 0.5035860655737705 0.7786057692307692 0.5097336065573771 0.7841346153846154 0.516905737704918 0.7860576923076923 0.5199795081967213 0.7930288461538462 0.5128073770491803 0.8382211538461538 0.49385245901639346 0.8963942307692307 0.4979508196721312 0.9115384615384615 0.5184426229508197 0.9213942307692308 0.5097336065573771 0.9560096153846154 0.5051229508196722 0.9951923076923077 0.4984631147540984 0.9978365384615384 0.48565573770491804 0.9978365384615384 0.48514344262295084 0.9997596153846153 0.4610655737704918 0.9997596153846153 0.45645491803278687 0.9963942307692307 0.45645491803278687 0.9435096153846154 0.444672131147541 0.8334134615384615 0.4462090163934426 0.8091346153846154 0.45235655737704916 0.8072115384615385 0.4462090163934426 0.8052884615384616 0.4462090163934426 0.7810096153846153 0.44979508196721313 0.7795673076923076 0.45594262295081966 0.7817307692307692 0.461577868852459 0.7752403846153846 0.4733606557377049 0.7745192307692308 0.47950819672131145 0.7711538461538462 0.4912909836065574 0.7240384615384615
4 0.6372950819672131 0.28221153846153846 0.6326844262295082 0.25552884615384613 0.6357581967213115 0.23677884615384615 0.6398565573770492 0.23822115384615383 0.6408811475409836 0.25048076923076923 0.6408811475409836 0.2764423076923077 0.6378073770491803 0.28197115384615384
4 0.602202868852459 0.3580528846153846 0.015881147540983607 0.05600961538461539
4 0.5466188524590164 0.07908653846153846 0.5507172131147541 0.08197115384615385 0.5512295081967213 0.10721153846153846 0.5512295081967213 0.13942307692307693 0.5496926229508197 0.14302884615384615 0.5450819672131147 0.13653846153846153 0.5430327868852459 0.10432692307692308 0.5466188524590164 0.07932692307692307
4 0.48770491803278687 0.7288461538461538 0.48155737704918034 0.7733173076923077 0.4805327868852459 0.7754807692307693 0.4764344262295082 0.7733173076923077 0.4805327868852459 0.7411057692307692 0.48770491803278687 0.7290865384615385
4 0.5983606557377049 0.07620192307692308 0.6065573770491803 0.09471153846153846 0.6024590163934426 0.1076923076923077 0.5983606557377049 0.1076923076923077 0.5963114754098361 0.103125 0.5947745901639344 0.07788461538461539 0.5978483606557377 0.0764423076923077
4 0.5466188524590164 0.07932692307692307 0.5507172131147541 0.08389423076923076 0.5512295081967213 0.1375 0.5471311475409836 0.16346153846153846 0.5568647540983607 0.3331730769230769 0.5537909836065574 0.37091346153846155 0.5502049180327869 0.37283653846153847 0.5496926229508197 0.3713942307692308 0.5435450819672131 0.33557692307692305 0.5363729508196722 0.1641826923076923 0.5317622950819673 0.15504807692307693 0.5286885245901639 0.12764423076923076 0.5292008196721312 0.11947115384615385 0.5368852459016393 0.1201923076923077 0.5425204918032787 0.10985576923076923 0.5466188524590164 0.07956730769230769
4 0.6055327868852459 0.09086538461538461 0.6260245901639344 0.09759615384615385 0.6275614754098361 0.10793269230769231 0.6265368852459017 0.1266826923076923 0.6091188524590164 0.13389423076923077 0.610655737704918 0.11009615384615384 0.6060450819672131 0.10240384615384615 0.6055327868852459 0.09110576923076923
4 0.5466188524590164 0.8163461538461538 0.5430327868852459 0.8762019230769231 0.5404713114754098 0.8927884615384616 0.5363729508196722 0.8980769230769231 0.5327868852459017 0.8978365384615384 0.53125 0.8947115384615385 0.5327868852459017 0.8692307692307693 0.5461065573770492 0.8165865384615385
4 0.5076844262295082 0 0.5138319672131147 0 0.5174180327868853 0.032692307692307694 0.5148565573770492 0.055288461538461536 0.5122950819672131 0.058173076923076925 0.5102459016393442 0.05552884615384615 0.5076844262295082 0.0002403846153846154
4 0.5502049180327869 0.28701923076923075 0.5543032786885246 0.29471153846153847 0.5568647540983607 0.33413461538461536 0.5532786885245902 0.371875 0.5496926229508197 0.3701923076923077 0.5461065573770492 0.35144230769230766 0.545594262295082 0.2954326923076923 0.5496926229508197 0.28725961538461536
4 0.6229508196721312 0.4548076923076923 0.6229508196721312 0.4673076923076923 0.6137295081967213 0.49182692307692305 0.6086065573770492 0.4872596153846154 0.6116803278688525 0.4637019230769231 0.6162909836065574 0.4567307692307692 0.6224385245901639 0.4550480769230769
4 0.5466188524590164 0.08028846153846154 0.5502049180327869 0.08125 0.5512295081967213 0.11394230769230769 0.5512295081967213 0.14014423076923077 0.5466188524590164 0.15432692307692308 0.5394467213114754 0.16274038461538462 0.5363729508196722 0.16298076923076923 0.5307377049180327 0.1516826923076923 0.5286885245901639 0.12788461538461537 0.5292008196721312 0.11923076923076924 0.5368852459016393 0.11923076923076924 0.5425204918032787 0.10889423076923077 0.5466188524590164 0.08052884615384616
4 0.4702868852459016 0.6790865384615384 0.4702868852459016 0.7132211538461538 0.4600409836065574 0.74375 0.4574795081967213 0.7408653846153846 0.46311475409836067 0.7012019230769231 0.4702868852459016 0.6793269230769231
4 0.6229508196721312 0.35216346153846156 0.6270491803278688 0.35841346153846154 0.6229508196721312 0.3752403846153846 0.6188524590163934 0.36778846153846156 0.6188524590163934 0.3557692307692308 0.6224385245901639 0.3524038461538462
4 0.48411885245901637 0.035096153846153846 0.48719262295081966 0.041346153846153845 0.48463114754098363 0.04975961538461538 0.48155737704918034 0.04567307692307692 0.48360655737704916 0.03533653846153846
4 0.4702868852459016 0.6788461538461539 0.4702868852459016 0.7132211538461538 0.4600409836065574 0.7540865384615385 0.46209016393442626 0.8040865384615384 0.45901639344262296 0.8252403846153846 0.45594262295081966 0.8286057692307692 0.4492827868852459 0.825 0.4462090163934426 0.8302884615384616 0.4451844262295082 0.8252403846153846 0.44825819672131145 0.7411057692307692 0.4569672131147541 0.7317307692307692 0.4702868852459016 0.6790865384615384
4 0.4979508196721312 0.3175480769230769 0.5025614754098361 0.3293269230769231 0.5025614754098361 0.34302884615384616 0.5010245901639344 0.3451923076923077 0.4974385245901639 0.34447115384615384 0.4948770491803279 0.32764423076923077 0.4979508196721312 0.3177884615384615
4 0.5466188524590164 0.5230769230769231 0.545594262295082 0.5341346153846154 0.5425204918032787 0.534375 0.5420081967213115 0.5278846153846154 0.5461065573770492 0.5233173076923077
4 0.5358606557377049 0.2951923076923077 0.5414959016393442 0.29759615384615384 0.5445696721311475 0.3192307692307692 0.5435450819672131 0.3384615384615385 0.5363729508196722 0.33221153846153845 0.5358606557377049 0.2954326923076923
4 0.5256147540983607 0.84375 0.5220286885245902 0.8389423076923077 0.524077868852459 0.8103365384615384 0.5348360655737705 0.7651442307692308 0.5399590163934426 0.7701923076923077 0.5399590163934426 0.7932692307692307 0.5261270491803278 0.8435096153846153
4 0.5292008196721312 0.11826923076923077 0.538422131147541 0.12139423076923077 0.5425204918032787 0.13197115384615385 0.5327868852459017 0.15865384615384615 0.5292008196721312 0.14711538461538462 0.5292008196721312 0.11850961538461538
4 0.5860655737704918 0 0.5901639344262295 0.003605769230769231 0.5917008196721312 0.014182692307692308 0.5911885245901639 0.025 0.5881147540983607 0.026201923076923078 0.5860655737704918 0.023076923076923078 0.5835040983606558 0.00985576923076923 0.5860655737704918 0.0002403846153846154
4 0.6091188524590164 0.4324519230769231 0.6029713114754098 0.4740384615384615 0.6019467213114754 0.47716346153846156 0.5983606557377049 0.4778846153846154 0.6004098360655737 0.4528846153846154 0.6055327868852459 0.43485576923076924 0.6091188524590164 0.4326923076923077
4 0.5502049180327869 0.9163461538461538 0.5527663934426229 0.9177884615384615 0.5502049180327869 0.9338942307692307 0.5430327868852459 0.9543269230769231 0.5404713114754098 0.9507211538461539 0.5430327868852459 0.9319711538461538 0.5502049180327869 0.9165865384615385
4 0.6162909836065574 0.28197115384615384 0.6193647540983607 0.2826923076923077 0.6214139344262295 0.3021634615384615 0.6198770491803278 0.3384615384615385 0.6168032786885246 0.3418269230769231 0.6147540983606558 0.3384615384615385 0.6162909836065574 0.28221153846153846
4 0.5117827868852459 0.3858173076923077 0.5153688524590164 0.41466346153846156 0.5117827868852459 0.4600961538461538 0.5087090163934426 0.46033653846153844 0.5076844262295082 0.4576923076923077 0.5112704918032787 0.3860576923076923
4 0.6137295081967213 0 0.617827868852459 0 0.6188524590163934 0.0033653846153846156 0.6214139344262295 0.03870192307692308 0.6198770491803278 0.050721153846153846 0.6168032786885246 0.04495192307692308 0.6137295081967213 0.0002403846153846154
4 0.5676229508196722 0.8317307692307693 0.5686475409836066 0.8519230769230769 0.5568647540983607 0.9007211538461538 0.5532786885245902 0.8963942307692307 0.5532786885245902 0.8836538461538461 0.5604508196721312 0.8451923076923077 0.5671106557377049 0.8319711538461538
4 0.6613729508196722 0.08365384615384615 0.6639344262295082 0.09375 0.6608606557377049 0.1201923076923077 0.6542008196721312 0.11826923076923077 0.6552254098360656 0.09807692307692308 0.6608606557377049 0.08389423076923076
4 0.5292008196721312 0.5867788461538461 0.5338114754098361 0.5896634615384615 0.5343237704918032 0.5997596153846154 0.5189549180327869 0.6552884615384615 0.5179303278688525 0.6432692307692308 0.5153688524590164 0.6389423076923076 0.5117827868852459 0.6420673076923077 0.5112704918032787 0.6346153846153846 0.5215163934426229 0.6177884615384616 0.5225409836065574 0.5925480769230769 0.5286885245901639 0.5870192307692308
4 0.49436475409836067 0.06009615384615385 0.4974385245901639 0.09254807692307693 0.49436475409836067 0.11826923076923077 0.49077868852459017 0.11706730769230769 0.48924180327868855 0.10096153846153846 0.49385245901639346 0.06033653846153846
4 0.5292008196721312 0.5879807692307693 0.5327868852459017 0.5899038461538462 0.5338114754098361 0.5995192307692307 0.5204918032786885 0.6439903846153846 0.5179303278688525 0.6764423076923077 0.5220286885245902 0.7204326923076924 0.5102459016393442 0.7709134615384615 0.5107581967213115 0.7810096153846153 0.5199795081967213 0.7865384615384615 0.5210040983606558 0.7990384615384616 0.5138319672131147 0.8384615384615385 0.49436475409836067 0.8971153846153846 0.4979508196721312 0.9117788461538462 0.5046106557377049 0.9158653846153846 0.5153688524590164 0.9182692307692307 0.5184426229508197 0.9252403846153846 0.5097336065573771 0.9560096153846154 0.5051229508196722 0.994951923076923 0.4984631147540984 0.9997596153846153 0.4953893442622951 0.9975961538461539 0.492827868852459 0.9997596153846153 0.46260245901639346 0.9997596153846153 0.45645491803278687 0.9947115384615385 0.45389344262295084 0.9043269230769231 0.44415983606557374 0.8314903846153846 0.4456967213114754 0.7694711538461538 0.4487704918032787 0.7403846153846154 0.45799180327868855 0.73125 0.46311475409836067 0.7127403846153846 0.4667008196721312 0.7103365384615384 0.4682377049180328 0.7177884615384615 0.4605532786885246 0.7451923076923077 0.4600409836065574 0.7701923076923077 0.46311475409836067 0.7740384615384616 0.4728483606557377 0.7733173076923077 0.4764344262295082 0.7701923076923077 0.48514344262295084 0.7271634615384616 0.492827868852459 0.7197115384615385 0.4953893442622951 0.7125 0.4994877049180328 0.6786057692307692 0.5081967213114754 0.6603365384615385 0.5117827868852459 0.6324519230769231 0.5210040983606558 0.619951923076923 0.5220286885245902 0.5954326923076924 0.5256147540983607 0.5884615384615385 0.5286885245901639 0.5882211538461538
4 0.5153688524590164 0.1420673076923077 0.5112704918032787 0.1295673076923077 0.5112704918032787 0.08485576923076923 0.5138319672131147 0.07620192307692308 0.5158811475409836 0.075 0.5179303278688525 0.07716346153846154 0.5194672131147541 0.11875 0.5153688524590164 0.14182692307692307
4 0.4912909836065574 0.23125 0.4948770491803279 0.23317307692307693 0.5015368852459017 0.26129807692307694 0.4979508196721312 0.2800480769230769 0.4948770491803279 0.2841346153846154 0.4923155737704918 0.28173076923076923 0.48924180327868855 0.26177884615384617 0.4912909836065574 0.23149038461538463
4 0.5604508196721312 0.6389423076923076 0.5635245901639344 0.6514423076923077 0.555327868852459 0.7209134615384616 0.5512295081967213 0.7199519230769231 0.5507172131147541 0.7067307692307693 0.555327868852459 0.6473557692307692 0.5599385245901639 0.6391826923076923
4 0.45286885245901637 0.8971153846153846 0.45952868852459017 0.9060096153846153 0.4672131147540984 0.9040865384615384 0.4702868852459016 0.9163461538461538 0.4774590163934426 0.911298076923077 0.4805327868852459 0.916826923076923 0.48719262295081966 0.9069711538461539 0.49436475409836067 0.9052884615384615 0.4994877049180328 0.9127403846153846 0.5153688524590164 0.9185096153846154 0.5194672131147541 0.925 0.5102459016393442 0.9574519230769231 0.5056352459016393 0.9997596153846153 0.4959016393442623 0.9997596153846153 0.4948770491803279 0.9978365384615384 0.49334016393442626 0.9997596153846153 0.45645491803278687 0.9997596153846153 0.45286885245901637 0.8973557692307692
4 0.5117827868852459 0.46490384615384617 0.5138319672131147 0.47307692307692306 0.5081967213114754 0.5072115384615384 0.5020491803278688 0.5233173076923077 0.4979508196721312 0.5240384615384616 0.4974385245901639 0.5228365384615384 0.5 0.49206730769230766 0.5117827868852459 0.4651442307692308
4 0.5881147540983607 0.61875 0.5881147540983607 0.6545673076923076 0.5850409836065574 0.6584134615384616 0.5840163934426229 0.6545673076923076 0.5881147540983607 0.6189903846153846
4 0.6219262295081968 0 0.6306352459016393 0 0.6367827868852459 0.03221153846153846 0.6367827868852459 0.05360576923076923 0.6331967213114754 0.05576923076923077 0.6275614754098361 0.05 0.6214139344262295 0.01730769230769231 0.6219262295081968 0.0002403846153846154
4 0.6039959016393442 0.03076923076923077 0.6075819672131147 0.036778846153846155 0.6024590163934426 0.05096153846153846 0.5983606557377049 0.03245192307692308 0.6034836065573771 0.03076923076923077
4 0.4805327868852459 0.16490384615384615 0.48514344262295084 0.17163461538461539 0.4805327868852459 0.18725961538461539 0.4805327868852459 0.16514423076923077
4 0.5020491803278688 0.09591346153846154 0.00819672131147541 0.019230769230769232
4 0.5604508196721312 0.5865384615384616 0.5604508196721312 0.6002403846153846 0.5568647540983607 0.6002403846153846 0.5558401639344263 0.5971153846153846 0.5599385245901639 0.5867788461538461
4 0.5430327868852459 0.42091346153846154 0.5435450819672131 0.4673076923076923 0.5394467213114754 0.4807692307692308 0.5358606557377049 0.47139423076923076 0.538422131147541 0.4338942307692308 0.5430327868852459 0.42115384615384616
4 0.49077868852459017 0.34158653846153847 0.5046106557377049 0.36658653846153844 0.5133196721311475 0.3939903846153846 0.5117827868852459 0.4497596153846154 0.5081967213114754 0.45552884615384615 0.5087090163934426 0.41802884615384617 0.5051229508196722 0.4153846153846154 0.5005122950819673 0.41923076923076924 0.4984631147540984 0.4463942307692308 0.49436475409836067 0.4528846153846154 0.49077868852459017 0.3418269230769231
4 0.4600409836065574 0.6427884615384616 0.4641393442622951 0.6516826923076923 0.4636270491803279 0.6728365384615385 0.4600409836065574 0.6834134615384615 0.45594262295081966 0.6853365384615384 0.45338114754098363 0.682451923076923 0.4600409836065574 0.6430288461538461
4 0.4738729508196721 0.5461538461538461 0.47540983606557374 0.5629807692307692 0.4636270491803279 0.675 0.45799180327868855 0.6879807692307692 0.45594262295081966 0.6891826923076924 0.45389344262295084 0.6850961538461539 0.46311475409836067 0.5990384615384615 0.4738729508196721 0.5463942307692308
4 0.5327868852459017 0.509375 0.5358606557377049 0.5098557692307693 0.5327868852459017 0.5324519230769231 0.5292008196721312 0.5336538461538461 0.5281762295081968 0.5302884615384615 0.5327868852459017 0.5096153846153846
4 0.6470286885245902 0.3502403846153846 0.6439549180327869 0.38990384615384616 0.6403688524590164 0.4012019230769231 0.6367827868852459 0.4026442307692308 0.6337090163934426 0.40072115384615387 0.6367827868852459 0.37235576923076924 0.6470286885245902 0.3504807692307692
4 0.5527663934426229 0.7213942307692308 0.5532786885245902 0.6834134615384615 0.5558401639344263 0.6713942307692308 0.5599385245901639 0.6689903846153846 0.5584016393442623 0.7127403846153846 0.5568647540983607 0.7197115384615385 0.5532786885245902 0.7213942307692308
4 0.5881147540983607 0.37716346153846153 0.5881147540983607 0.34278846153846154 0.5911885245901639 0.3348557692307692 0.59375 0.36706730769230766 0.5886270491803278 0.37716346153846153
4 0.6055327868852459 0.5185096153846154 0.6091188524590164 0.5189903846153846 0.6091188524590164 0.5225961538461539 0.6019467213114754 0.551923076923077 0.5988729508196722 0.5584134615384615 0.5947745901639344 0.5572115384615385 0.6004098360655737 0.5264423076923077 0.6055327868852459 0.51875
4 0.5466188524590164 0.15336538461538463 0.5568647540983607 0.3331730769230769 0.5532786885245902 0.3713942307692308 0.5496926229508197 0.3701923076923077 0.5445696721311475 0.3384615384615385 0.5373975409836066 0.17163461538461539 0.5414959016393442 0.15865384615384615 0.5466188524590164 0.15360576923076924
4 0.5706967213114754 0.3403846153846154 0.5712090163934426 0.37884615384615383 0.5681352459016393 0.38822115384615385 0.5640368852459017 0.3877403846153846 0.5665983606557377 0.34807692307692306 0.5706967213114754 0.340625
4 0.48770491803278687 0.3423076923076923 0.48411885245901637 0.31009615384615385 0.4882172131147541 0.3091346153846154 0.492827868852459 0.3266826923076923 0.48770491803278687 0.3425480769230769
4 0.6265368852459017 0.3992788461538462 0.6265368852459017 0.4149038461538462 0.6198770491803278 0.4362980769230769 0.6168032786885246 0.42956730769230766 0.6224385245901639 0.40192307692307694 0.6260245901639344 0.3995192307692308
4 0.5317622950819673 0.5899038461538462 0.5332991803278688 0.5992788461538462 0.5220286885245902 0.6435096153846154 0.5174180327868853 0.6786057692307692 0.5215163934426229 0.7173076923076923 0.5087090163934426 0.7793269230769231 0.5051229508196722 0.7824519230769231 0.5025614754098361 0.7514423076923077 0.5010245901639344 0.75 0.4979508196721312 0.7524038461538461 0.4989754098360656 0.7480769230769231 0.4953893442622951 0.7459134615384615 0.4948770491803279 0.7271634615384616 0.48975409836065575 0.7262019230769231 0.48770491803278687 0.7341346153846153 0.48668032786885246 0.7274038461538461 0.49385245901639346 0.7211538461538461 0.4959016393442623 0.7141826923076923 0.4994877049180328 0.6810096153846154 0.5081967213114754 0.6608173076923077 0.5117827868852459 0.6317307692307692 0.5215163934426229 0.625 0.5235655737704918 0.5951923076923077 0.5261270491803278 0.5896634615384615 0.53125 0.5899038461538462
4 0.6229508196721312 0.10504807692307692 0.6275614754098361 0.11081730769230769 0.625 0.12788461538461537 0.617827868852459 0.1283653846153846 0.6147540983606558 0.12139423076923077 0.6147540983606558 0.10961538461538461 0.6224385245901639 0.10528846153846154
4 0.48770491803278687 0.5757211538461539 0.4912909836065574 0.5776442307692308 0.48975409836065575 0.6103365384615385 0.47848360655737704 0.6610576923076923 0.4738729508196721 0.6651442307692308 0.4728483606557377 0.661298076923077 0.475922131147541 0.6411057692307692 0.4733606557377049 0.6125 0.4805327868852459 0.6004807692307692 0.48770491803278687 0.5759615384615384
4 0.5604508196721312 0.6387019230769231 0.5640368852459017 0.6415865384615385 0.5640368852459017 0.6509615384615385 0.5594262295081968 0.6706730769230769 0.5568647540983607 0.6716346153846153 0.555327868852459 0.66875 0.5548155737704918 0.6490384615384616 0.5568647540983607 0.6401442307692308 0.5599385245901639 0.6389423076923076
4 0.5102459016393442 0.9177884615384615 0.5179303278688525 0.9213942307692308 0.5189549180327869 0.9254807692307693 0.5051229508196722 0.9682692307692308 0.4989754098360656 0.9670673076923076 0.4979508196721312 0.9617788461538461 0.5040983606557377 0.9322115384615385 0.5020491803278688 0.9192307692307692 0.5097336065573771 0.9177884615384615
4 0.5409836065573771 0 0.5476434426229508 0 0.5471311475409836 0.029326923076923077 0.5430327868852459 0.03365384615384615 0.5409836065573771 0.0002403846153846154
