4 0.5665983606557377 0 0.5712090163934426 0.023317307692307693 0.5676229508196722 0.03653846153846154 0.5635245901639344 0.02283653846153846 0.5665983606557377 0.0002403846153846154
4 0.6265368852459017 0.3887019230769231 0.6388319672131147 0.45865384615384613 0.639344262295082 0.47475961538461536 0.6337090163934426 0.49399038461538464 0.6219262295081968 0.4233173076923077 0.6224385245901639 0.39158653846153846 0.6260245901639344 0.3889423076923077
4 0.5886270491803278 0.5016826923076924 0.5922131147540983 0.5038461538461538 0.5947745901639344 0.5257211538461538 0.5917008196721312 0.53125 0.5881147540983607 0.5283653846153846 0.5886270491803278 0.5019230769230769
4 0.5394467213114754 0.8483173076923077 0.5491803278688525 0.9057692307692308 0.5440573770491803 0.9180288461538462 0.5466188524590164 0.9307692307692308 0.5430327868852459 0.9245192307692308 0.5389344262295082 0.8891826923076923 0.5363729508196722 0.8569711538461539 0.5389344262295082 0.8485576923076923
4 0.5747950819672131 0.8201923076923077 0.5783811475409836 0.8319711538461538 0.5804303278688525 0.8935096153846154 0.5778688524590164 0.8944711538461538 0.5753073770491803 0.8841346153846154 0.5742827868852459 0.8204326923076923
4 0.5015368852459017 0.00985576923076923 0.5051229508196722 0.01201923076923077 0.5066598360655737 0.03293269230769231 0.5066598360655737 0.05552884615384615 0.5051229508196722 0.05841346153846154 0.5015368852459017 0.05552884615384615 0.5015368852459017 0.010096153846153847
4 0.6060450819672131 0.9725961538461538 0.6091188524590164 0.9733173076923077 0.6121926229508197 0.9826923076923076 0.6142418032786885 0.9997596153846153 0.6050204918032787 0.9997596153846153 0.6055327868852459 0.9728365384615385
4 0.5886270491803278 0.7252403846153846 0.59375 0.7661057692307692 0.5917008196721312 0.8007211538461538 0.5881147540983607 0.7971153846153847 0.5824795081967213 0.7629807692307692 0.5824795081967213 0.7341346153846153 0.5881147540983607 0.7252403846153846
4 0.6162909836065574 0.7882211538461539 0.6198770491803278 0.7901442307692308 0.6239754098360656 0.8533653846153846 0.6229508196721312 0.8610576923076924 0.6193647540983607 0.8584134615384615 0.6162909836065574 0.8399038461538462 0.6162909836065574 0.7884615384615384
4 0.5225409836065574 0.04014423076923077 0.5261270491803278 0.043028846153846154 0.5286885245901639 0.06033653846153846 0.5261270491803278 0.06586538461538462 0.5225409836065574 0.06129807692307692 0.5225409836065574 0.04038461538461539
4 0.5886270491803278 0.6451923076923077 0.5942622950819673 0.6622596153846154 0.5917008196721312 0.6935096153846154 0.5886270491803278 0.6920673076923077 0.5855532786885246 0.6701923076923076 0.5881147540983607 0.6454326923076923
4 0.6296106557377049 0.33798076923076925 0.6352459016393442 0.3747596153846154 0.6342213114754098 0.38461538461538464 0.6296106557377049 0.3802884615384615 0.6296106557377049 0.33822115384615387
4 0.5604508196721312 0.7262019230769231 0.5645491803278688 0.7620192307692307 0.5640368852459017 0.7884615384615384 0.5609631147540983 0.7911057692307693 0.5563524590163934 0.7754807692307693 0.5558401639344263 0.7435096153846154 0.5568647540983607 0.7290865384615385 0.5599385245901639 0.7264423076923077
4 0.5292008196721312 0.18557692307692308 0.5338114754098361 0.20288461538461539 0.5292008196721312 0.23149038461538463 0.5251024590163934 0.22860576923076922 0.5235655737704918 0.21466346153846153 0.524077868852459 0.19591346153846154 0.5286885245901639 0.1858173076923077
4 0.5604508196721312 0.7274038461538461 0.5640368852459017 0.7757211538461538 0.5604508196721312 0.8264423076923076 0.5532786885245902 0.7877403846153846 0.5568647540983607 0.7319711538461539 0.5599385245901639 0.7276442307692308
4 0.6162909836065574 0.5973557692307693 0.6086065573770492 0.5641826923076924 0.6096311475409836 0.5360576923076923 0.6127049180327869 0.534375 0.6173155737704918 0.5466346153846153 0.6188524590163934 0.5903846153846154 0.6162909836065574 0.5971153846153846
4 0.5466188524590164 0.7346153846153847 0.5399590163934426 0.7002403846153846 0.5414959016393442 0.671875 0.5440573770491803 0.6706730769230769 0.5466188524590164 0.6752403846153846 0.5507172131147541 0.7019230769230769 0.5466188524590164 0.7348557692307692
4 0.6331967213114754 0.5295673076923076 0.6367827868852459 0.5326923076923077 0.6383196721311475 0.5430288461538462 0.6347336065573771 0.5795673076923077 0.6265368852459017 0.5473557692307692 0.6275614754098361 0.5358173076923077 0.6326844262295082 0.5298076923076923
4 0.5394467213114754 0.49230769230769234 0.5445696721311475 0.5213942307692307 0.5399590163934426 0.5449519230769231 0.5353483606557377 0.5430288461538462 0.53125 0.5170673076923077 0.5389344262295082 0.49254807692307695
4 0.5394467213114754 0.2552884615384615 0.5435450819672131 0.26466346153846154 0.5399590163934426 0.3216346153846154 0.5317622950819673 0.3158653846153846 0.5292008196721312 0.3096153846153846 0.5317622950819673 0.26177884615384617 0.5353483606557377 0.25576923076923075 0.5389344262295082 0.2552884615384615
4 0.5394467213114754 0.7574519230769231 0.5430327868852459 0.7677884615384616 0.545594262295082 0.8161057692307693 0.5430327868852459 0.840625 0.5394467213114754 0.8362980769230769 0.5358606557377049 0.8146634615384616 0.5394467213114754 0.7576923076923077
4 0.5051229508196722 0.23221153846153847 0.5087090163934426 0.23629807692307692 0.5194672131147541 0.29278846153846155 0.5235655737704918 0.3314903846153846 0.5189549180327869 0.3622596153846154 0.5148565573770492 0.3629807692307692 0.5112704918032787 0.34783653846153845 0.5025614754098361 0.2810096153846154 0.5051229508196722 0.23245192307692308
4 0.5087090163934426 0.15240384615384617 0.5148565573770492 0.1658653846153846 0.5158811475409836 0.1889423076923077 0.5117827868852459 0.1971153846153846 0.5076844262295082 0.19591346153846154 0.5051229508196722 0.17908653846153846 0.5051229508196722 0.15360576923076924 0.5081967213114754 0.15240384615384617
4 0.5640368852459017 0.5908653846153846 0.5655737704918032 0.619951923076923 0.5609631147540983 0.6064903846153846 0.5635245901639344 0.5911057692307692
4 0.5742827868852459 0.36923076923076925 0.5788934426229508 0.3920673076923077 0.5778688524590164 0.41442307692307695 0.5742827868852459 0.41370192307692305 0.5712090163934426 0.3975961538461538 0.5712090163934426 0.3713942307692308 0.5737704918032787 0.36947115384615387
4 0.5363729508196722 0.4408653846153846 0.5394467213114754 0.44591346153846156 0.5394467213114754 0.47115384615384615 0.5363729508196722 0.47259615384615383 0.5343237704918032 0.4673076923076923 0.5358606557377049 0.4411057692307692
4 0.6403688524590164 0.5980769230769231 0.6475409836065574 0.6223557692307692 0.6485655737704918 0.6432692307692308 0.6485655737704918 0.6653846153846154 0.6439549180327869 0.6819711538461538 0.6398565573770492 0.678125 0.6357581967213115 0.6584134615384616 0.6342213114754098 0.6146634615384615 0.6362704918032787 0.6021634615384616 0.6403688524590164 0.5983173076923077
4 0.5952868852459017 0.19230769230769232 0.5993852459016393 0.19278846153846155 0.6029713114754098 0.22788461538461538 0.6019467213114754 0.23677884615384615 0.5988729508196722 0.23677884615384615 0.5973360655737705 0.23317307692307693 0.5952868852459017 0.19254807692307693
4 0.47950819672131145 0 0.48668032786885246 0 0.48411885245901637 0.023557692307692307 0.4800204918032787 0.017548076923076923 0.47950819672131145 0.0002403846153846154
4 0.5430327868852459 0.3504807692307692 0.5466188524590164 0.35192307692307695 0.5471311475409836 0.3564903846153846 0.5440573770491803 0.41225961538461536 0.5414959016393442 0.42259615384615384 0.5399590163934426 0.42427884615384615 0.5368852459016393 0.42259615384615384 0.5343237704918032 0.40192307692307694 0.5389344262295082 0.35841346153846154 0.5430327868852459 0.3507211538461538
4 0.4738729508196721 0.1918269230769231 0.48360655737704916 0.21971153846153846 0.48104508196721313 0.26610576923076923 0.4702868852459016 0.21802884615384616 0.4697745901639344 0.19807692307692307 0.4733606557377049 0.1920673076923077
4 0.5640368852459017 0.8850961538461538 0.5686475409836066 0.9348557692307692 0.5630122950819673 0.9137019230769231 0.5609631147540983 0.8894230769230769 0.5635245901639344 0.8853365384615385
4 0.5881147540983607 0.06274038461538461 0.59375 0.08365384615384615 0.5927254098360656 0.10673076923076923 0.5870901639344263 0.09615384615384616 0.5850409836065574 0.0673076923076923 0.5876024590163934 0.06298076923076923
4 0.6091188524590164 0.7870192307692307 0.6116803278688525 0.8098557692307692 0.6091188524590164 0.8125 0.6075819672131147 0.8105769230769231 0.6060450819672131 0.7983173076923077 0.6060450819672131 0.7891826923076923 0.6091188524590164 0.7872596153846154
4 0.5174180327868853 0.55625 0.5174180327868853 0.5663461538461538 0.5148565573770492 0.5742788461538462 0.5153688524590164 0.5899038461538462 0.5251024590163934 0.5911057692307692 0.5251024590163934 0.5925480769230769 0.5297131147540983 0.5935096153846153 0.5327868852459017 0.6 0.5327868852459017 0.5706730769230769 0.5286885245901639 0.5644230769230769 0.5286885245901639 0.55625 0.5256147540983607 0.5526442307692307 0.5189549180327869 0.5545673076923077
