3 0.706875 0.4321875 0.12 0.033125
3 0.1459375 0.449375 0.141875 0.02
3 0.539375 0.395 0.12875 0.03875
3 0.5675 0.55 0.1325 0.07375
3 0.27375 0.4278125 0.1175 0.021875
3 0.481875 0.6215625 0.06125 0.020625
3 0.8240625 0.44875 0.051875 0.01875
3 0.7559375 0.58875 0.025625 0.015
3 0.251875 0.4740625 0.045 0.015625
3 0.8878125 0.3896875 0.075625 0.016875
3 0.94 0.59375 0.0325 0.015
3 0.596875 0.596875 0.04875 0.0275
3 0.030625 0.4809375 0.05875 0.016875
3 0.16625 0.5853125 0.31125 0.101875
3 0.4575 0.4859375 0.02875 0.011875
3 0.6659375 0.3834375 0.090625 0.024375
3 0.841875 0.5096875 0.12375 0.025625
3 0.598125 0.4546875 0.01625 0.010625
3 0.43375 0.425 0.025 0.01375
3 0.3675 0.5365625 0.0225 0.014375
3 0.4665625 0.5771875 0.030625 0.015625
3 0.475625 0.55375 0.02625 0.01375
3 0.980625 0.53125 0.025 0.01
3 0.73875 0.4684375 0.0175 0.011875
3 0.9484375 0.4325 0.019375 0.01125
3 0.313125 0.531875 0.0775 0.045
3 0.368125 0.5965625 0.0175 0.009375
3 0.6534375 0.5696875 0.016875 0.009375
3 0.01375 0.560625 0.014375 0.56875 0.026875 0.59125 0.033125 0.595625 0.043125 0.596875 0.04625 0.600625 0.045625 0.605625 0.04875 0.60375 0.053125 0.606875 0.069375 0.605625 0.125 0.62 0.14 0.628125 0.22875 0.625625 0.2525 0.62875 0.284375 0.625 0.29625 0.6275 0.316875 0.618125 0.32 0.605 0.324375 0.59875 0.320625 0.59875 0.320625 0.588125 0.31375 0.580625 0.30375 0.578125 0.285 0.58 0.255 0.5725 0.236875 0.57625 0.231875 0.579375 0.226875 0.5775 0.215 0.58625 0.199375 0.57 0.201875 0.56125 0.2 0.556875 0.19125 0.551875 0.18125 0.55 0.116875 0.55 0.10375 0.5525 0.09375 0.549375 0.088125 0.5425 0.075 0.535625 0.05625 0.53625 0.04875 0.54875 0.04375 0.5525
