3 0.5290625 0.313125 0.040625 0.07875
3 0.4321875 0.70875 0.033125 0.12375
3 0.3859375 0.665 0.020625 0.09375
3 0.3965625 0.5396875 0.035625 0.116875
3 0.4484375 0.145625 0.016875 0.14375
3 0.4265625 0.2746875 0.023125 0.119375
3 0.3903125 0.889375 0.016875 0.0775
3 0.566875 0.1059375 0.06 0.191875
3 0.4484375 0.82375 0.019375 0.05625
3 0.62375 0.4803125 0.02125 0.059375
3 0.55625 0.568125 0.0575 0.1275
3 0.48125 0.0296875 0.01375 0.056875
3 0.4746875 0.2525 0.014375 0.04625
3 0.598125 0.5975 0.025 0.05
3 0.585 0.259375 0.584375 0.283125 0.59125 0.296875 0.59875 0.298125 0.605 0.29625 0.610625 0.285625 0.60875 0.244375 0.601875 0.239375 0.596875 0.24 0.5925 0.243125
3 0.504375 0.83375 0.504375 0.885 0.506875 0.898125 0.508125 0.900625 0.511875 0.900625 0.52 0.87375 0.521875 0.839375 0.52 0.82 0.511875 0.80625 0.508125 0.81
3 0.515 0.533125 0.51375 0.62 0.516875 0.626875 0.523125 0.63125 0.53 0.63125 0.538125 0.626875 0.543125 0.63 0.550625 0.63 0.5575 0.618125 0.565625 0.59 0.571875 0.588125 0.578125 0.580625 0.58125 0.570625 0.58125 0.543125 0.576875 0.538125 0.56375 0.50875 0.55125 0.504375 0.543125 0.51125 0.54125 0.518125 0.534375 0.52125 0.5225 0.510625
