4 0.5430327868852459 0.11129807692307692 0.5502049180327869 0.11899038461538461 0.5476434426229508 0.12980769230769232 0.5430327868852459 0.13197115384615385 0.5430327868852459 0.11153846153846154
4 0.5276639344262295 0.8396634615384615 0.5348360655737705 0.8449519230769231 0.5379098360655737 0.8576923076923076 0.545594262295082 0.9997596153846153 0.5368852459016393 0.9997596153846153 0.5363729508196722 0.9978365384615384 0.5348360655737705 0.9997596153846153 0.5307377049180327 0.9997596153846153 0.5251024590163934 0.994951923076923 0.5199795081967213 0.8651442307692307 0.5225409836065574 0.840625 0.5271516393442623 0.8396634615384615
4 0.5886270491803278 0.21129807692307692 0.5988729508196722 0.2233173076923077 0.6034836065573771 0.30240384615384613 0.6019467213114754 0.3387019230769231 0.5983606557377049 0.34471153846153846 0.5952868852459017 0.34423076923076923 0.5917008196721312 0.3375 0.5896516393442623 0.3175480769230769 0.5845286885245902 0.3110576923076923 0.5835040983606558 0.2831730769230769 0.5850409836065574 0.28076923076923077 0.5886270491803278 0.2814903846153846 0.5917008196721312 0.2932692307692308 0.5963114754098361 0.2800480769230769 0.5891393442622951 0.2552884615384615 0.5886270491803278 0.21153846153846154
4 0.5968237704918032 0.9120192307692307 0.6050204918032787 0.9151442307692308 0.6065573770491803 0.9302884615384616 0.6055327868852459 0.9338942307692307 0.5947745901639344 0.9415865384615385 0.5891393442622951 0.9394230769230769 0.586577868852459 0.9149038461538461 0.5911885245901639 0.9117788461538462 0.5963114754098361 0.9120192307692307
4 0.6091188524590164 0.4596153846153846 0.617827868852459 0.5158653846153847 0.6162909836065574 0.5439903846153846 0.6055327868852459 0.5444711538461539 0.6019467213114754 0.5430288461538462 0.5952868852459017 0.5290865384615384 0.5952868852459017 0.5115384615384615 0.6019467213114754 0.4908653846153846 0.600922131147541 0.4774038461538462 0.6045081967213115 0.46322115384615387 0.6086065573770492 0.4598557692307692
4 0.5845286885245902 0.2793269230769231 0.5886270491803278 0.2810096153846154 0.5901639344262295 0.28966346153846156 0.5896516393442623 0.3091346153846154 0.5881147540983607 0.3110576923076923 0.5845286885245902 0.309375 0.5845286885245902 0.2795673076923077
4 0.6091188524590164 0.7151442307692307 0.6142418032786885 0.7451923076923077 0.6132172131147541 0.7752403846153846 0.6055327868852459 0.7415865384615384 0.6045081967213115 0.7173076923076923 0.6086065573770492 0.7151442307692307
4 0.5917008196721312 0.1831730769230769 0.5963114754098361 0.19399038461538462 0.5927254098360656 0.23076923076923078 0.5973360655737705 0.23389423076923077 0.5932377049180327 0.23653846153846153 0.5917008196721312 0.2485576923076923 0.5917008196721312 0.22956730769230768 0.5860655737704918 0.21201923076923077 0.586577868852459 0.1918269230769231 0.5917008196721312 0.18341346153846153
4 0.4979508196721312 0.21802884615384616 0.5035860655737705 0.22283653846153847 0.4979508196721312 0.25576923076923075 0.4948770491803279 0.25576923076923075 0.4974385245901639 0.21826923076923077
4 0.5988729508196722 0.8129807692307692 0.5932377049180327 0.7949519230769231 0.5917008196721312 0.7697115384615385 0.5917008196721312 0.7557692307692307 0.5952868852459017 0.7552884615384615 0.5957991803278688 0.7569711538461539 0.5998975409836066 0.7838942307692308 0.5988729508196722 0.8127403846153847
4 0.5742827868852459 0.6033653846153846 0.5819672131147541 0.6230769230769231 0.5819672131147541 0.6334134615384616 0.5712090163934426 0.6403846153846153 0.5676229508196722 0.6362980769230769 0.5671106557377049 0.6175480769230769 0.5691598360655737 0.6055288461538462 0.5737704918032787 0.6033653846153846
4 0.6193647540983607 0.6098557692307692 0.6234631147540983 0.6127403846153846 0.6255122950819673 0.6254807692307692 0.6198770491803278 0.6302884615384615 0.6173155737704918 0.6262019230769231 0.6162909836065574 0.6129807692307693 0.6193647540983607 0.6100961538461539
4 0.5640368852459017 0.9800480769230769 0.5563524590163934 0.9564903846153846 0.5599385245901639 0.9319711538461538 0.5537909836065574 0.8949519230769231 0.555327868852459 0.8807692307692307 0.5640368852459017 0.8778846153846154 0.5686475409836066 0.8997596153846154 0.5691598360655737 0.9668269230769231 0.5676229508196722 0.9769230769230769 0.5640368852459017 0.9798076923076923
4 0.6434426229508197 0.8300480769230769 0.6511270491803278 0.9019230769230769 0.6506147540983607 0.9115384615384615 0.6470286885245902 0.9108173076923077 0.6444672131147541 0.890625 0.6403688524590164 0.8879807692307692 0.6449795081967213 0.8769230769230769 0.6434426229508197 0.8302884615384616
4 0.4979508196721312 0.16899038461538463 0.5010245901639344 0.17067307692307693 0.5010245901639344 0.20697115384615383 0.4974385245901639 0.2170673076923077 0.49436475409836067 0.2 0.4948770491803279 0.17379807692307692 0.4979508196721312 0.16923076923076924
4 0.5015368852459017 0.38221153846153844 0.5087090163934426 0.39110576923076923 0.5153688524590164 0.425 0.5081967213114754 0.43966346153846153 0.5051229508196722 0.4394230769230769 0.4994877049180328 0.43197115384615387 0.4979508196721312 0.39014423076923077 0.5015368852459017 0.38245192307692305
4 0.6367827868852459 0.9439903846153846 0.6403688524590164 0.9449519230769231 0.6439549180327869 0.9435096153846154 0.6465163934426229 0.9461538461538461 0.6526639344262295 0.9841346153846153 0.6511270491803278 0.9997596153846153 0.6475409836065574 0.9973557692307692 0.6449795081967213 0.9997596153846153 0.6398565573770492 0.9997596153846153 0.6378073770491803 0.9956730769230769 0.6347336065573771 0.975 0.6367827868852459 0.9442307692307692
4 0.5327868852459017 0.46105769230769234 0.5353483606557377 0.4673076923076923 0.5332991803278688 0.49567307692307694 0.5286885245901639 0.48846153846153845 0.5322745901639344 0.46129807692307695
4 0.5917008196721312 0.5579326923076923 0.5973360655737705 0.5605769230769231 0.6004098360655737 0.5668269230769231 0.6014344262295082 0.5850961538461539 0.608094262295082 0.5951923076923077 0.6039959016393442 0.6048076923076923 0.6075819672131147 0.6514423076923077 0.6004098360655737 0.6603365384615385 0.5952868852459017 0.6579326923076924 0.5896516393442623 0.6180288461538461 0.5876024590163934 0.5637019230769231 0.5911885245901639 0.5581730769230769
4 0.6024590163934426 0.9879807692307693 0.6075819672131147 0.9939903846153846 0.6075819672131147 0.9997596153846153 0.600922131147541 0.9997596153846153 0.6024590163934426 0.9882211538461538
4 0.579405737704918 0.5697115384615384 0.586577868852459 0.584375 0.5860655737704918 0.6084134615384615 0.5814549180327869 0.6132211538461538 0.5758196721311475 0.5807692307692308 0.5758196721311475 0.5721153846153846 0.5788934426229508 0.5697115384615384
4 0.5814549180327869 0.38990384615384616 0.5850409836065574 0.3925480769230769 0.5845286885245902 0.4043269230769231 0.5814549180327869 0.4043269230769231 0.5799180327868853 0.4012019230769231 0.5809426229508197 0.39014423076923077
4 0.5809426229508197 0.1951923076923077 0.5835040983606558 0.20192307692307693 0.5814549180327869 0.21322115384615384 0.5778688524590164 0.2144230769230769 0.5747950819672131 0.20336538461538461 0.5758196721311475 0.196875 0.5804303278688525 0.1954326923076923
4 0.5051229508196722 0.6430288461538461 0.5097336065573771 0.6509615384615385 0.5092213114754098 0.671875 0.5046106557377049 0.6766826923076923 0.5051229508196722 0.6432692307692308
4 0.5560963114754098 0.5640625 0.015881147540983607 0.034375
4 0.6127049180327869 0.8817307692307692 0.617827868852459 0.8932692307692308 0.6162909836065574 0.903125 0.6111680327868853 0.895673076923077 0.6121926229508197 0.8819711538461539
4 0.6229508196721312 0.9764423076923077 0.6270491803278688 0.9838942307692308 0.6280737704918032 0.9997596153846153 0.6224385245901639 0.9997596153846153 0.6188524590163934 0.9884615384615385 0.6188524590163934 0.9774038461538461 0.6224385245901639 0.9764423076923077
4 0.5184426229508197 0.46153846153846156 0.5261270491803278 0.4795673076923077 0.5199795081967213 0.5829326923076923 0.516905737704918 0.5901442307692307 0.5051229508196722 0.5985576923076923 0.5015368852459017 0.5973557692307693 0.4994877049180328 0.5860576923076923 0.4974385245901639 0.5348557692307693 0.5051229508196722 0.5173076923076924 0.5081967213114754 0.5139423076923076 0.5122950819672131 0.5161057692307692 0.514344262295082 0.5096153846153846 0.5138319672131147 0.46971153846153846 0.5148565573770492 0.46274038461538464 0.5179303278688525 0.4617788461538462
4 0.5532786885245902 0.6206730769230769 0.5578893442622951 0.6439903846153846 0.5537909836065574 0.671875 0.5502049180327869 0.6682692307692307 0.5491803278688525 0.6567307692307692 0.5491803278688525 0.6245192307692308 0.5527663934426229 0.6209134615384615
4 0.5189549180327869 0.6882211538461539 0.5225409836065574 0.6944711538461539 0.5220286885245902 0.7175480769230769 0.5204918032786885 0.7389423076923077 0.5153688524590164 0.7485576923076923 0.5097336065573771 0.7112980769230769 0.514344262295082 0.692548076923077 0.5184426229508197 0.6884615384615385
4 0.5640368852459017 0.3574519230769231 0.5671106557377049 0.38846153846153847 0.5635245901639344 0.3887019230769231 0.5619877049180327 0.38245192307692305 0.5635245901639344 0.3576923076923077
4 0.5430327868852459 0.2675480769230769 0.5471311475409836 0.3019230769230769 0.5430327868852459 0.33533653846153844 0.5394467213114754 0.334375 0.5379098360655737 0.325 0.5389344262295082 0.2706730769230769 0.5425204918032787 0.26778846153846153
4 0.6019467213114754 0.8713942307692307 0.5957991803278688 0.8283653846153847 0.5983606557377049 0.8237980769230769 0.6055327868852459 0.8610576923076924 0.6055327868852459 0.869951923076923 0.6024590163934426 0.8713942307692307
4 0.5327868852459017 0.6322115384615384 0.5404713114754098 0.6403846153846153 0.5327868852459017 0.6572115384615385 0.5281762295081968 0.6475961538461539 0.5322745901639344 0.6324519230769231
4 0.6301229508196722 0.7997596153846154 0.6337090163934426 0.8007211538461538 0.6367827868852459 0.8139423076923077 0.6337090163934426 0.8259615384615384 0.6290983606557377 0.81875 0.6296106557377049 0.8
4 0.5917008196721312 0.21586538461538463 0.5922131147540983 0.22764423076923077 0.5993852459016393 0.23317307692307693 0.6019467213114754 0.26778846153846153 0.6014344262295082 0.27331730769230766 0.5983606557377049 0.2745192307692308 0.5901639344262295 0.2545673076923077 0.5917008196721312 0.21610576923076924
4 0.5450819672131147 0.8265625 0.015368852459016393 0.048317307692307694
4 0.6434426229508197 0.8288461538461539 0.6475409836065574 0.8423076923076923 0.6485655737704918 0.8831730769230769 0.6475409836065574 0.9004807692307693 0.6449795081967213 0.8870192307692307 0.6398565573770492 0.8841346153846154 0.6424180327868853 0.8771634615384616 0.6398565573770492 0.8360576923076923 0.6434426229508197 0.8290865384615385
4 0.4948770491803279 0.2879807692307692 0.4979508196721312 0.28942307692307695 0.5 0.30504807692307695 0.4989754098360656 0.3161057692307692 0.4979508196721312 0.3175480769230769 0.4953893442622951 0.31490384615384615 0.4948770491803279 0.2882211538461538
4 0.569672131147541 0.7314903846153846 0.5747950819672131 0.740625 0.5753073770491803 0.755048076923077 0.5681352459016393 0.7615384615384615 0.5645491803278688 0.7598557692307693 0.5609631147540983 0.74375 0.5619877049180327 0.7338942307692308 0.5640368852459017 0.7317307692307692 0.5691598360655737 0.7314903846153846
4 0.5742827868852459 0.5439903846153846 0.5783811475409836 0.5514423076923077 0.5747950819672131 0.5627403846153847 0.5712090163934426 0.5516826923076923 0.5737704918032787 0.5442307692307692
4 0.6367827868852459 0.9439903846153846 0.6388319672131147 0.9769230769230769 0.6367827868852459 0.9795673076923077 0.6352459016393442 0.9774038461538461 0.6326844262295082 0.9586538461538462 0.6326844262295082 0.9495192307692307 0.6367827868852459 0.9442307692307692
4 0.6403688524590164 0.8451923076923077 0.6465163934426229 0.8663461538461539 0.6454918032786885 0.8795673076923077 0.6403688524590164 0.8848557692307693 0.6362704918032787 0.8836538461538461 0.6352459016393442 0.8519230769230769 0.6403688524590164 0.8454326923076924
4 0.5081967213114754 0.5213942307692307 0.5153688524590164 0.5276442307692307 0.5204918032786885 0.5540865384615384 0.5189549180327869 0.5850961538461539 0.5138319672131147 0.5923076923076923 0.5061475409836066 0.596875 0.5015368852459017 0.5961538461538461 0.4994877049180328 0.5865384615384616 0.4974385245901639 0.5375 0.5076844262295082 0.5216346153846154
4 0.6055327868852459 0.5709134615384616 0.6096311475409836 0.5735576923076923 0.6111680327868853 0.5800480769230769 0.610655737704918 0.5956730769230769 0.6091188524590164 0.5973557692307693 0.6065573770491803 0.5954326923076924 0.6024590163934426 0.5788461538461539 0.6055327868852459 0.5711538461538461
4 0.5133196721311475 0.32043269230769234 0.5148565573770492 0.32860576923076923 0.5117827868852459 0.33076923076923076 0.5097336065573771 0.3233173076923077 0.5128073770491803 0.32043269230769234
4 0.6403688524590164 0.7995192307692308 0.6326844262295082 0.7966346153846153 0.6244877049180327 0.7007211538461539 0.6265368852459017 0.6879807692307692 0.6296106557377049 0.6875 0.6306352459016393 0.6911057692307693 0.6403688524590164 0.7992788461538461
4 0.6019467213114754 0.38269230769230766 0.6127049180327869 0.45264423076923077 0.6183401639344263 0.5295673076923076 0.6162909836065574 0.54375 0.6055327868852459 0.5439903846153846 0.5988729508196722 0.5403846153846154 0.5963114754098361 0.5298076923076923 0.5957991803278688 0.5127403846153846 0.6014344262295082 0.4872596153846154 0.5988729508196722 0.47668269230769234 0.6050204918032787 0.4567307692307692 0.5968237704918032 0.40072115384615387 0.6014344262295082 0.38293269230769234
4 0.5409836065573771 0.7586538461538461 0.5466188524590164 0.755048076923077 0.5502049180327869 0.7622596153846154 0.5496926229508197 0.7817307692307692 0.5414959016393442 0.7588942307692308
4 0.5917008196721312 0.7153846153846154 0.5963114754098361 0.7341346153846153 0.5952868852459017 0.7408653846153846 0.5911885245901639 0.7384615384615385 0.5891393442622951 0.7204326923076924 0.5917008196721312 0.715625
4 0.6019467213114754 0.28173076923076923 0.6019467213114754 0.3295673076923077 0.59375 0.3112980769230769 0.5973360655737705 0.28509615384615383 0.6014344262295082 0.28197115384615384
4 0.5671106557377049 0.24375 0.006147540983606557 0.011538461538461539
4 0.5225409836065574 0.8480769230769231 0.5256147540983607 0.8504807692307692 0.5292008196721312 0.8485576923076923 0.5322745901639344 0.8497596153846154 0.5394467213114754 0.8591346153846153 0.5414959016393442 0.8841346153846154 0.5502049180327869 0.8899038461538461 0.5537909836065574 0.8798076923076923 0.5604508196721312 0.8764423076923077 0.5640368852459017 0.8766826923076924 0.5701844262295082 0.8872596153846154 0.5778688524590164 0.8889423076923076 0.5824795081967213 0.89375 0.5876024590163934 0.9103365384615385 0.5998975409836066 0.9141826923076923 0.6024590163934426 0.9170673076923077 0.5952868852459017 0.9283653846153846 0.5952868852459017 0.9389423076923077 0.5850409836065574 0.9485576923076923 0.5876024590163934 0.9997596153846153 0.5292008196721312 0.9997596153846153 0.5256147540983607 0.996875 0.5225409836065574 0.8483173076923077
4 0.5189549180327869 0.692548076923077 0.5302254098360656 0.7100961538461539 0.5317622950819673 0.7384615384615385 0.5363729508196722 0.7543269230769231 0.5327868852459017 0.8168269230769231 0.5220286885245902 0.80625 0.5148565573770492 0.7557692307692307 0.5174180327868853 0.7415865384615384 0.5148565573770492 0.7045673076923077 0.5189549180327869 0.6927884615384615
4 0.5153688524590164 0.621875 0.5199795081967213 0.6314903846153846 0.5194672131147541 0.6459134615384615 0.5153688524590164 0.6519230769230769 0.5066598360655737 0.6439903846153846 0.5148565573770492 0.6221153846153846
4 0.5845286885245902 0.7658653846153847 0.5881147540983607 0.7704326923076923 0.5911885245901639 0.7932692307692307 0.5881147540983607 0.7975961538461539 0.5840163934426229 0.791826923076923 0.5809426229508197 0.7721153846153846 0.5845286885245902 0.7661057692307692
