4 0.4042008196721312 0.025 0.4088114754098361 0.031009615384615385 0.4077868852459016 0.04591346153846154 0.4042008196721312 0.047596153846153844 0.4011270491803279 0.046875 0.3985655737704918 0.04350961538461538 0.3980532786885246 0.032692307692307694 0.4036885245901639 0.025240384615384616
4 0.37013319672131145 0.45048076923076924 0.007684426229508197 0.014423076923076924
4 0.4702868852459016 0.8379807692307693 0.47438524590163933 0.840625 0.47438524590163933 0.8665865384615384 0.4702868852459016 0.8692307692307693 0.45952868852459017 0.8689903846153846 0.45645491803278687 0.8665865384615384 0.45338114754098363 0.8432692307692308 0.45594262295081966 0.8375 0.4697745901639344 0.8379807692307693
4 0.4600409836065574 0.4497596153846154 0.4702868852459016 0.4735576923076923 0.4707991803278688 0.49230769230769234 0.4672131147540984 0.49951923076923077 0.45901639344262296 0.49447115384615387 0.4569672131147541 0.48485576923076923 0.45952868852459017 0.45
4 0.41598360655737704 0.740625 0.42366803278688525 0.7444711538461538 0.42469262295081966 0.7538461538461538 0.41649590163934425 0.7588942307692308 0.4057377049180328 0.760576923076923 0.39651639344262296 0.7596153846153846 0.39190573770491804 0.7483173076923076 0.4042008196721312 0.7413461538461539 0.41547131147540983 0.740625
4 0.4354508196721312 0.4737980769230769 0.4390368852459016 0.47644230769230766 0.4390368852459016 0.4891826923076923 0.4354508196721312 0.48822115384615383 0.4339139344262295 0.48389423076923077 0.4349385245901639 0.4740384615384615
4 0.45286885245901637 0.31514423076923076 0.45338114754098363 0.34158653846153847 0.4492827868852459 0.33125 0.4492827868852459 0.3175480769230769 0.45235655737704916 0.3153846153846154
4 0.33145491803278687 0.23413461538461539 0.3386270491803279 0.2759615384615385 0.33811475409836067 0.2903846153846154 0.33452868852459017 0.2935096153846154 0.3319672131147541 0.2882211538461538 0.32889344262295084 0.2483173076923077 0.33145491803278687 0.234375
4 0.4257172131147541 0 0.43186475409836067 0 0.4328893442622951 0.014182692307692308 0.4323770491803279 0.02860576923076923 0.42827868852459017 0.031490384615384615 0.4257172131147541 0.0002403846153846154
4 0.35911885245901637 0.565625 0.3555327868852459 0.5615384615384615 0.35604508196721313 0.5495192307692308 0.35911885245901637 0.5485576923076924 0.36116803278688525 0.5528846153846154 0.35963114754098363 0.5653846153846154
4 0.42161885245901637 0.042548076923076925 0.42469262295081966 0.046634615384615385 0.4257172131147541 0.11081730769230769 0.42469262295081966 0.11370192307692308 0.42110655737704916 0.1110576923076923 0.41649590163934425 0.071875 0.42161885245901637 0.04278846153846154
4 0.40061475409836067 0.15216346153846153 0.4042008196721312 0.16153846153846155 0.4026639344262295 0.17932692307692308 0.399077868852459 0.17908653846153846 0.39702868852459017 0.1733173076923077 0.40010245901639346 0.15240384615384617
4 0.3417008196721312 0.09831730769230769 0.3463114754098361 0.10480769230769231 0.3432377049180328 0.159375 0.3417008196721312 0.16298076923076923 0.33811475409836067 0.15985576923076922 0.3350409836065574 0.14326923076923076 0.3417008196721312 0.0985576923076923
4 0.3078893442622951 0.13353365384615384 0.017418032786885244 0.037259615384615384
4 0.39702868852459017 0.27283653846153844 0.40061475409836067 0.28221153846153846 0.40061475409836067 0.2932692307692308 0.3975409836065574 0.29471153846153847 0.3949795081967213 0.29134615384615387 0.39395491803278687 0.27884615384615385 0.39702868852459017 0.27307692307692305
4 0.4180327868852459 0.33389423076923075 0.42110655737704916 0.3403846153846154 0.4180327868852459 0.34783653846153845 0.41239754098360654 0.3420673076923077 0.413422131147541 0.33557692307692305 0.4175204918032787 0.33389423076923075
4 0.29149590163934425 0 0.30174180327868855 0 0.305327868852459 0.005048076923076923 0.3135245901639344 0.03293269230769231 0.3119877049180328 0.04110576923076923 0.3037909836065574 0.05 0.29661885245901637 0.051923076923076926 0.29405737704918034 0.04975961538461538 0.29149590163934425 0.0002403846153846154
4 0.42161885245901637 0.16538461538461538 0.4262295081967213 0.16538461538461538 0.42827868852459017 0.171875 0.4298155737704918 0.23413461538461539 0.4293032786885246 0.2456730769230769 0.42827868852459017 0.246875 0.4257172131147541 0.2454326923076923 0.42008196721311475 0.22524038461538462 0.41905737704918034 0.16971153846153847 0.42161885245901637 0.165625
4 0.3796106557377049 0.6620192307692307 0.3867827868852459 0.6629807692307692 0.3975409836065574 0.6682692307692307 0.40061475409836067 0.6875 0.39395491803278687 0.7043269230769231 0.3837090163934426 0.7074519230769231 0.3831967213114754 0.7021634615384615 0.36577868852459017 0.6997596153846154 0.36116803278688525 0.6805288461538461 0.36526639344262296 0.6427884615384616 0.3698770491803279 0.6427884615384616 0.3744877049180328 0.6584134615384616 0.3790983606557377 0.6620192307692307
4 0.4610655737704918 0.6254807692307692 0.45645491803278687 0.6264423076923077 0.45901639344262296 0.6329326923076923 0.45799180327868855 0.6415865384615385 0.4600409836065574 0.6478365384615384 0.45594262295081966 0.6550480769230769 0.45952868852459017 0.6588942307692308 0.4646516393442623 0.6557692307692308 0.46209016393442626 0.6495192307692308 0.4646516393442623 0.6485576923076923 0.4667008196721312 0.6461538461538462 0.4702868852459016 0.6485576923076923 0.47797131147540983 0.6411057692307692 0.4774590163934426 0.6399038461538461 0.4738729508196721 0.6389423076923076 0.4718237704918033 0.6370192307692307 0.4718237704918033 0.6326923076923077 0.4738729508196721 0.630048076923077 0.4713114754098361 0.6288461538461538 0.4707991803278688 0.6264423076923077 0.46875 0.6262019230769231 0.4667008196721312 0.6276442307692308 0.46311475409836067 0.6254807692307692
4 0.4769467213114754 0.884375 0.47438524590163933 0.9021634615384615 0.47540983606557374 0.9060096153846153 0.47848360655737704 0.9072115384615385 0.4774590163934426 0.9108173076923077 0.4723360655737705 0.9040865384615384 0.4702868852459016 0.9036057692307692 0.4692622950819672 0.9050480769230769 0.4702868852459016 0.90625 0.4728483606557377 0.9064903846153847 0.4718237704918033 0.9115384615384615 0.4769467213114754 0.9137019230769231 0.4769467213114754 0.9149038461538461 0.4718237704918033 0.9180288461538462 0.4733606557377049 0.9288461538461539 0.47797131147540983 0.9314903846153846 0.48155737704918034 0.9319711538461538 0.47950819672131145 0.9360576923076923 0.48206967213114754 0.9379807692307692 0.48258196721311475 0.9413461538461538 0.48411885245901637 0.9423076923076923 0.4882172131147541 0.9358173076923076 0.48770491803278687 0.9233173076923077 0.48463114754098363 0.9084134615384616 0.48514344262295084 0.9036057692307692 0.48155737704918034 0.8973557692307692 0.48155737704918034 0.8927884615384616 0.47950819672131145 0.8913461538461539 0.4805327868852459 0.8865384615384615 0.4769467213114754 0.8846153846153846
4 0.48309426229508196 0.690625 0.47899590163934425 0.6918269230769231 0.47489754098360654 0.6975961538461538 0.4707991803278688 0.7007211538461539 0.4646516393442623 0.7021634615384615 0.4610655737704918 0.7021634615384615 0.4456967213114754 0.6975961538461538 0.44364754098360654 0.6983173076923077 0.4400614754098361 0.7024038461538461 0.4421106557377049 0.7245192307692307 0.44415983606557374 0.7307692307692307 0.44313524590163933 0.7540865384615385 0.444672131147541 0.7757211538461538 0.45440573770491804 0.8336538461538462 0.45543032786885246 0.8360576923076923 0.4600409836065574 0.8389423076923077 0.4692622950819672 0.8391826923076923 0.4728483606557377 0.8401442307692307 0.4738729508196721 0.8439903846153847 0.47899590163934425 0.8466346153846154 0.4805327868852459 0.8466346153846154 0.48104508196721313 0.8456730769230769 0.47950819672131145 0.8254807692307692 0.48155737704918034 0.807451923076923 0.48155737704918034 0.7680288461538461 0.4948770491803279 0.6978365384615385 0.49436475409836067 0.6920673076923077 0.48668032786885246 0.6915865384615385 0.48411885245901637 0.690625
4 0.4139344262295082 0.8415865384615384 0.4103483606557377 0.8427884615384615 0.4011270491803279 0.84375 0.399077868852459 0.846875 0.399077868852459 0.8504807692307692 0.39651639344262296 0.8516826923076923 0.3975409836065574 0.8533653846153846 0.3985655737704918 0.8512019230769231 0.40061475409836067 0.8507211538461539 0.4016393442622951 0.8514423076923077 0.399077868852459 0.8567307692307692 0.39702868852459017 0.8576923076923076 0.39395491803278687 0.8552884615384615 0.39241803278688525 0.8555288461538462 0.39395491803278687 0.8622596153846154 0.39549180327868855 0.8612980769230769 0.3985655737704918 0.8610576923076924 0.4036885245901639 0.8634615384615385 0.4026639344262295 0.8697115384615385 0.4072745901639344 0.8711538461538462 0.4077868852459016 0.8730769230769231 0.4082991803278688 0.8694711538461538 0.4052254098360656 0.8673076923076923 0.4067622950819672 0.864423076923077 0.4093237704918033 0.8646634615384615 0.4098360655737705 0.8673076923076923 0.4144467213114754 0.8711538461538462 0.41700819672131145 0.8697115384615385 0.4139344262295082 0.8661057692307692 0.4175204918032787 0.8627403846153846 0.41598360655737704 0.8516826923076923 0.4180327868852459 0.8451923076923077 0.4144467213114754 0.8415865384615384
4 0.4600409836065574 0.6242788461538461 0.45543032786885246 0.6264423076923077 0.45133196721311475 0.6324519230769231 0.45440573770491804 0.6461538461538462 0.45338114754098363 0.6538461538461539 0.44825819672131145 0.653125 0.4456967213114754 0.6519230769230769 0.4400614754098361 0.6536057692307692 0.4385245901639344 0.6560096153846153 0.4390368852459016 0.6651442307692308 0.4405737704918033 0.6665865384615385 0.44415983606557374 0.6807692307692308 0.4492827868852459 0.6829326923076923 0.45286885245901637 0.6817307692307693 0.45491803278688525 0.6831730769230769 0.4600409836065574 0.6838942307692307 0.4641393442622951 0.6831730769230769 0.4702868852459016 0.6783653846153846 0.4738729508196721 0.6802884615384616 0.48206967213114754 0.6680288461538462 0.48360655737704916 0.6617788461538462 0.48258196721311475 0.640625 0.48104508196721313 0.6360576923076923 0.4707991803278688 0.6264423076923077 0.4636270491803279 0.6242788461538461
4 0.4738729508196721 0.5699519230769231 0.4692622950819672 0.5778846153846153 0.4713114754098361 0.58125 0.4697745901639344 0.5918269230769231 0.45286885245901637 0.6088942307692308 0.45081967213114754 0.6177884615384616 0.44774590163934425 0.6223557692307692 0.4492827868852459 0.6276442307692308 0.45286885245901637 0.6259615384615385 0.45389344262295084 0.6266826923076924 0.45235655737704916 0.6319711538461539 0.45491803278688525 0.6439903846153846 0.45491803278688525 0.6550480769230769 0.4569672131147541 0.6581730769230769 0.45440573770491804 0.6591346153846154 0.45235655737704916 0.6651442307692308 0.4426229508196721 0.666826923076923 0.4415983606557377 0.6682692307692307 0.44415983606557374 0.6713942307692308 0.4426229508196721 0.6742788461538461 0.44415983606557374 0.6867788461538461 0.4421106557377049 0.6891826923076924 0.4456967213114754 0.6987980769230769 0.4492827868852459 0.6987980769230769 0.45594262295081966 0.7036057692307692 0.45952868852459017 0.7028846153846153 0.4636270491803279 0.7036057692307692 0.4667008196721312 0.7019230769230769 0.4702868852459016 0.703125 0.4718237704918033 0.6985576923076923 0.4718237704918033 0.6942307692307692 0.4702868852459016 0.6932692307692307 0.4682377049180328 0.69375 0.4667008196721312 0.696875 0.4656762295081967 0.6932692307692307 0.4600409836065574 0.6935096153846154 0.45850409836065575 0.692548076923077 0.45952868852459017 0.6884615384615385 0.4636270491803279 0.6915865384615385 0.4651639344262295 0.6903846153846154 0.4651639344262295 0.6877403846153847 0.4682377049180328 0.6865384615384615 0.4677254098360656 0.6848557692307692 0.4661885245901639 0.6848557692307692 0.4646516393442623 0.6877403846153847 0.4605532786885246 0.6872596153846153 0.45901639344262296 0.6838942307692307 0.4600409836065574 0.6814903846153846 0.461577868852459 0.6836538461538462 0.4636270491803279 0.6838942307692307 0.4651639344262295 0.6814903846153846 0.4672131147540984 0.6807692307692308 0.4697745901639344 0.6841346153846154 0.4723360655737705 0.6836538461538462 0.4723360655737705 0.6822115384615385 0.47438524590163933 0.6817307692307693 0.4733606557377049 0.6862980769230769 0.46875 0.6882211538461539 0.46875 0.6896634615384616 0.4702868852459016 0.6908653846153846 0.47438524590163933 0.6908653846153846 0.4764344262295082 0.6935096153846154 0.48719262295081966 0.6901442307692308 0.4912909836065574 0.6911057692307693 0.49436475409836067 0.6930288461538462 0.4948770491803279 0.6894230769230769 0.4912909836065574 0.6286057692307693 0.48514344262295084 0.5901442307692307 0.48411885245901637 0.5841346153846154 0.47848360655737704 0.578125 0.4774590163934426 0.5709134615384616 0.47489754098360654 0.5699519230769231
4 0.36526639344262296 0.746875 0.35450819672131145 0.7480769230769231 0.35655737704918034 0.7509615384615385 0.35450819672131145 0.7540865384615385 0.35604508196721313 0.7581730769230769 0.3555327868852459 0.7625 0.35911885245901637 0.7622596153846154 0.36270491803278687 0.765625 0.36475409836065575 0.7661057692307692 0.3765368852459016 0.7634615384615384 0.3796106557377049 0.7617788461538462 0.3780737704918033 0.7528846153846154 0.3755122950819672 0.7495192307692308 0.3698770491803279 0.746875
4 0.36834016393442626 0.7473557692307692 0.35860655737704916 0.7502403846153847 0.35809426229508196 0.7521634615384616 0.36014344262295084 0.7552884615384615 0.35655737704918034 0.7572115384615384 0.3550204918032787 0.7627403846153846 0.35963114754098363 0.7644230769230769 0.36168032786885246 0.7670673076923077 0.35963114754098363 0.7723557692307692 0.36168032786885246 0.7838942307692308 0.36577868852459017 0.7949519230769231 0.3709016393442623 0.7992788461538461 0.36936475409836067 0.8040865384615384 0.3719262295081967 0.8050480769230769 0.3724385245901639 0.8076923076923077 0.3755122950819672 0.8103365384615384 0.3765368852459016 0.8177884615384615 0.38114754098360654 0.8185096153846154 0.3837090163934426 0.8180288461538462 0.38575819672131145 0.8163461538461538 0.38883196721311475 0.8161057692307693 0.38780737704918034 0.8122596153846153 0.38524590163934425 0.8127403846153847 0.38422131147540983 0.8163461538461538 0.38165983606557374 0.8146634615384616 0.382172131147541 0.8117788461538461 0.38883196721311475 0.8079326923076923 0.38729508196721313 0.7992788461538461 0.3826844262295082 0.79375 0.38473360655737704 0.7901442307692308 0.38473360655737704 0.7884615384615384 0.3826844262295082 0.7872596153846154 0.38473360655737704 0.7836538461538461 0.3826844262295082 0.7798076923076923 0.38422131147540983 0.7757211538461538 0.38165983606557374 0.7733173076923077 0.38114754098360654 0.7704326923076923 0.3785860655737705 0.7689903846153846 0.38473360655737704 0.7617788461538462 0.38114754098360654 0.7596153846153846 0.3790983606557377 0.7560096153846154 0.3796106557377049 0.7516826923076924 0.3775614754098361 0.7514423076923077 0.3698770491803279 0.7473557692307692
4 0.41700819672131145 0.7709134615384615 0.4098360655737705 0.7740384615384616 0.4082991803278688 0.78125 0.41239754098360654 0.7899038461538461 0.4175204918032787 0.79375 0.42161885245901637 0.7949519230769231 0.4287909836065574 0.7930288461538462 0.43186475409836067 0.7882211538461539 0.4359631147540984 0.786298076923077 0.4334016393442623 0.7848557692307693 0.42776639344262296 0.7752403846153846 0.42520491803278687 0.7728365384615384 0.42008196721311475 0.7709134615384615
4 0.3668032786885246 0.7894230769230769 0.36475409836065575 0.790625 0.36577868852459017 0.7971153846153847 0.3662909836065574 0.7983173076923077 0.3703893442622951 0.7997596153846154 0.36834016393442626 0.8036057692307692 0.3719262295081967 0.807451923076923 0.3796106557377049 0.8269230769230769 0.382172131147541 0.8586538461538461 0.38575819672131145 0.8663461538461539 0.38985655737704916 0.8877403846153846 0.39600409836065575 0.9048076923076923 0.39702868852459017 0.915625 0.40010245901639346 0.9197115384615384 0.40061475409836067 0.9271634615384615 0.4031762295081967 0.9317307692307693 0.4042008196721312 0.9391826923076924 0.4067622950819672 0.9432692307692307 0.4077868852459016 0.9507211538461539 0.4103483606557377 0.9528846153846153 0.4113729508196721 0.9596153846153846 0.4149590163934426 0.9610576923076923 0.41598360655737704 0.9605769230769231 0.41598360655737704 0.959375 0.4139344262295082 0.9586538461538462 0.4149590163934426 0.9548076923076924 0.41700819672131145 0.9564903846153846 0.41700819672131145 0.9588942307692307 0.41905737704918034 0.9598557692307692 0.41700819672131145 0.9639423076923077 0.4144467213114754 0.9646634615384615 0.4144467213114754 0.9685096153846153 0.41598360655737704 0.9692307692307692 0.41700819672131145 0.9641826923076923 0.42418032786885246 0.9620192307692308 0.42469262295081966 0.9564903846153846 0.42008196721311475 0.9502403846153846 0.42264344262295084 0.9454326923076923 0.42161885245901637 0.9435096153846154 0.41854508196721313 0.942548076923077 0.4175204918032787 0.9331730769230769 0.42008196721311475 0.9254807692307693 0.41854508196721313 0.9237980769230769 0.41854508196721313 0.9199519230769231 0.42264344262295084 0.9185096153846154 0.41905737704918034 0.9141826923076923 0.42161885245901637 0.9127403846153846 0.42213114754098363 0.9110576923076923 0.42161885245901637 0.9100961538461538 0.4180327868852459 0.9103365384615385 0.4175204918032787 0.9086538461538461 0.41290983606557374 0.9079326923076924 0.4175204918032787 0.9064903846153847 0.41905737704918034 0.9004807692307693 0.42213114754098363 0.8973557692307692 0.4180327868852459 0.8949519230769231 0.4144467213114754 0.8954326923076923 0.41239754098360654 0.8935096153846154 0.4175204918032787 0.8891826923076923 0.42059426229508196 0.8891826923076923 0.42161885245901637 0.8899038461538461 0.42264344262295084 0.8834134615384616 0.41905737704918034 0.8810096153846154 0.4175204918032787 0.8766826923076924 0.42161885245901637 0.8766826923076924 0.42213114754098363 0.875 0.4257172131147541 0.8728365384615384 0.42366803278688525 0.8697115384615385 0.41854508196721313 0.8663461538461539 0.4180327868852459 0.8608173076923077 0.4139344262295082 0.859375 0.41598360655737704 0.8579326923076923 0.41598360655737704 0.8548076923076923 0.4144467213114754 0.8538461538461538 0.4113729508196721 0.8584134615384615 0.4052254098360656 0.8528846153846154 0.4057377049180328 0.8507211538461539 0.4082991803278688 0.8495192307692307 0.4098360655737705 0.8471153846153846 0.41290983606557374 0.8475961538461538 0.4149590163934426 0.8497596153846154 0.4149590163934426 0.8471153846153846 0.41188524590163933 0.84375 0.4093237704918033 0.8449519230769231 0.4088114754098361 0.8473557692307693 0.40625 0.8466346153846154 0.4047131147540984 0.84375 0.4026639344262295 0.8439903846153847 0.4031762295081967 0.8536057692307693 0.39702868852459017 0.8557692307692307 0.3975409836065574 0.8524038461538461 0.39549180327868855 0.848798076923077 0.3985655737704918 0.8471153846153846 0.39959016393442626 0.8449519230769231 0.39549180327868855 0.8420673076923076 0.39549180327868855 0.8348557692307692 0.39959016393442626 0.833173076923077 0.40061475409836067 0.8310096153846154 0.39395491803278687 0.8192307692307692 0.38729508196721313 0.8161057692307693 0.3867827868852459 0.8125 0.3867827868852459 0.8151442307692308 0.38524590163934425 0.8163461538461538 0.3837090163934426 0.8165865384615385 0.3801229508196721 0.8141826923076924 0.38114754098360654 0.8125 0.38575819672131145 0.8112980769230769 0.38831967213114754 0.809375 0.38883196721311475 0.8055288461538461 0.38780737704918034 0.8036057692307692 0.382172131147541 0.8002403846153846 0.3826844262295082 0.7963942307692308 0.3801229508196721 0.7913461538461538 0.3765368852459016 0.7896634615384616 0.3714139344262295 0.7894230769230769
4 0.42520491803278687 0.7747596153846154 0.42418032786885246 0.7771634615384615 0.42008196721311475 0.778125 0.4180327868852459 0.7795673076923076 0.41700819672131145 0.7778846153846154 0.4139344262295082 0.7774038461538462 0.4113729508196721 0.7754807692307693 0.4098360655737705 0.7829326923076924 0.4144467213114754 0.7872596153846154 0.41700819672131145 0.784375 0.42008196721311475 0.7846153846153846 0.42008196721311475 0.7872596153846154 0.4175204918032787 0.7899038461538461 0.42264344262295084 0.7961538461538461 0.42264344262295084 0.8036057692307692 0.4287909836065574 0.8100961538461539 0.42674180327868855 0.8134615384615385 0.42827868852459017 0.817548076923077 0.4257172131147541 0.8209134615384616 0.42725409836065575 0.8242788461538462 0.4262295081967213 0.8338942307692307 0.42264344262295084 0.8358173076923077 0.42213114754098363 0.838701923076923 0.4180327868852459 0.8372596153846154 0.4139344262295082 0.8418269230769231 0.41649590163934425 0.8459134615384616 0.42161885245901637 0.8492788461538462 0.42418032786885246 0.8483173076923077 0.4262295081967213 0.848798076923077 0.42469262295081966 0.8528846153846154 0.42674180327868855 0.8533653846153846 0.42674180327868855 0.85625 0.42469262295081966 0.8574519230769231 0.42161885245901637 0.8540865384615385 0.42059426229508196 0.8579326923076923 0.42161885245901637 0.8620192307692308 0.42520491803278687 0.8617788461538461 0.42674180327868855 0.8637019230769231 0.42418032786885246 0.8670673076923077 0.42008196721311475 0.8692307692307693 0.41854508196721313 0.8723557692307692 0.41700819672131145 0.871875 0.41547131147540983 0.8682692307692308 0.41290983606557374 0.8680288461538461 0.4113729508196721 0.8709134615384615 0.4093237704918033 0.8685096153846154 0.4052254098360656 0.8673076923076923 0.4042008196721312 0.865625 0.4011270491803279 0.8675480769230769 0.39959016393442626 0.8675480769230769 0.39702868852459017 0.865625 0.39600409836065575 0.8670673076923077 0.39088114754098363 0.8680288461538461 0.38831967213114754 0.8697115384615385 0.39036885245901637 0.8752403846153847 0.39036885245901637 0.8872596153846154 0.39344262295081966 0.8896634615384615 0.39395491803278687 0.8959134615384615 0.39651639344262296 0.8949519230769231 0.3985655737704918 0.895673076923077 0.3985655737704918 0.8983173076923077 0.39600409836065575 0.9009615384615385 0.3975409836065574 0.9026442307692307 0.399077868852459 0.8997596153846154 0.4036885245901639 0.8975961538461539 0.4047131147540984 0.8935096153846154 0.4077868852459016 0.8925480769230769 0.4093237704918033 0.8954326923076923 0.4052254098360656 0.8959134615384615 0.4052254098360656 0.8978365384615384 0.4067622950819672 0.9002403846153846 0.40625 0.9052884615384615 0.4088114754098361 0.9067307692307692 0.4093237704918033 0.9086538461538461 0.4057377049180328 0.9110576923076923 0.4057377049180328 0.9146634615384616 0.4077868852459016 0.9175480769230769 0.4113729508196721 0.9158653846153846 0.41700819672131145 0.9201923076923076 0.42110655737704916 0.928125 0.42008196721311475 0.9341346153846154 0.42315573770491804 0.9341346153846154 0.42469262295081966 0.9298076923076923 0.42674180327868855 0.9310096153846154 0.42674180327868855 0.9336538461538462 0.42366803278688525 0.9348557692307692 0.42366803278688525 0.9362980769230769 0.4262295081967213 0.9377403846153847 0.4262295081967213 0.9403846153846154 0.42520491803278687 0.9413461538461538 0.42366803278688525 0.940625 0.42161885245901637 0.9375 0.42008196721311475 0.9387019230769231 0.42008196721311475 0.9463942307692308 0.42161885245901637 0.948076923076923 0.42418032786885246 0.9439903846153846 0.4262295081967213 0.9442307692307692 0.42725409836065575 0.9478365384615385 0.42469262295081966 0.9497596153846154 0.4262295081967213 0.9507211538461539 0.42674180327868855 0.9550480769230769 0.430327868852459 0.9564903846153846 0.42827868852459017 0.9603365384615384 0.43186475409836067 0.9721153846153846 0.4334016393442623 0.9605769230769231 0.4323770491803279 0.9533653846153847 0.4369877049180328 0.9495192307692307 0.4364754098360656 0.9456730769230769 0.4390368852459016 0.9447115384615384 0.4462090163934426 0.9456730769230769 0.4451844262295082 0.9502403846153846 0.45081967213114754 0.9548076923076924 0.45133196721311475 0.9564903846153846 0.45850409836065575 0.9564903846153846 0.45799180327868855 0.953125 0.4600409836065574 0.9519230769230769 0.46209016393442626 0.9528846153846153 0.4610655737704918 0.9564903846153846 0.4677254098360656 0.9598557692307692 0.4702868852459016 0.9600961538461539 0.4718237704918033 0.95 0.4805327868852459 0.9495192307692307 0.4769467213114754 0.9478365384615385 0.47438524590163933 0.9492788461538462 0.4713114754098361 0.9487980769230769 0.4728483606557377 0.9382211538461539 0.4769467213114754 0.9350961538461539 0.4805327868852459 0.9360576923076923 0.48411885245901637 0.9346153846153846 0.48565573770491804 0.9362980769230769 0.48309426229508196 0.9379807692307692 0.48309426229508196 0.9408653846153846 0.48411885245901637 0.9418269230769231 0.48616803278688525 0.9415865384615385 0.48770491803278687 0.9307692307692308 0.48258196721311475 0.9286057692307692 0.48668032786885246 0.9262019230769231 0.48668032786885246 0.9177884615384615 0.48155737704918034 0.9151442307692308 0.47899590163934425 0.9117788461538462 0.47950819672131145 0.9091346153846154 0.48411885245901637 0.9074519230769231 0.48514344262295084 0.9050480769230769 0.48411885245901637 0.8951923076923077 0.4800204918032787 0.8925480769230769 0.47848360655737704 0.8879807692307692 0.4728483606557377 0.8860576923076923 0.4738729508196721 0.8822115384615384 0.475922131147541 0.8831730769230769 0.475922131147541 0.8860576923076923 0.4774590163934426 0.885576923076923 0.4774590163934426 0.8826923076923077 0.47540983606557374 0.8817307692307692 0.47540983606557374 0.8786057692307693 0.4733606557377049 0.8774038461538461 0.4723360655737705 0.8704326923076923 0.47438524590163933 0.8641826923076923 0.4718237704918033 0.8603365384615385 0.4682377049180328 0.8605769230769231 0.4667008196721312 0.8637019230769231 0.4651639344262295 0.8600961538461539 0.4610655737704918 0.8591346153846153 0.4651639344262295 0.8574519230769231 0.4667008196721312 0.853125 0.4682377049180328 0.8569711538461539 0.4697745901639344 0.8576923076923076 0.4723360655737705 0.8569711538461539 0.47489754098360654 0.8502403846153846 0.4769467213114754 0.8490384615384615 0.4738729508196721 0.8461538461538461 0.4738729508196721 0.8382211538461538 0.4682377049180328 0.8389423076923077 0.4667008196721312 0.8425480769230769 0.4651639344262295 0.8391826923076923 0.45799180327868855 0.8365384615384616 0.4574795081967213 0.8346153846153846 0.45491803278688525 0.8341346153846154 0.45235655737704916 0.8353365384615384 0.45081967213114754 0.8283653846153847 0.45133196721311475 0.817548076923077 0.44979508196721313 0.8146634615384616 0.45081967213114754 0.80625 0.44825819672131145 0.8045673076923077 0.44723360655737704 0.801923076923077 0.4451844262295082 0.8012019230769231 0.44672131147540983 0.7963942307692308 0.4451844262295082 0.7947115384615384 0.44364754098360654 0.7793269230769231 0.4421106557377049 0.778125 0.4354508196721312 0.7788461538461539 0.43186475409836067 0.7805288461538461 0.4298155737704918 0.7776442307692307 0.4257172131147541 0.775
4 0.4764344262295082 0.5706730769230769 0.4733606557377049 0.5716346153846154 0.4707991803278688 0.5778846153846153 0.4738729508196721 0.5848557692307692 0.4723360655737705 0.5870192307692308 0.4723360655737705 0.5918269230769231 0.4672131147540984 0.5956730769230769 0.4667008196721312 0.5973557692307693 0.46311475409836067 0.5985576923076923 0.46260245901639346 0.6012019230769231 0.4600409836065574 0.6024038461538461 0.45901639344262296 0.6048076923076923 0.45645491803278687 0.6057692307692307 0.45235655737704916 0.6141826923076923 0.45184426229508196 0.6189903846153846 0.44825819672131145 0.6242788461538461 0.4456967213114754 0.6262019230769231 0.4390368852459016 0.6266826923076924 0.4328893442622951 0.6242788461538461 0.42827868852459017 0.6120192307692308 0.42725409836065575 0.6134615384615385 0.42366803278688525 0.614423076923077 0.42161885245901637 0.6163461538461539 0.4144467213114754 0.6194711538461538 0.413422131147541 0.6274038461538461 0.4072745901639344 0.6350961538461538 0.4052254098360656 0.6444711538461538 0.4031762295081967 0.6466346153846154 0.4072745901639344 0.6521634615384615 0.41188524590163933 0.6543269230769231 0.4113729508196721 0.6579326923076924 0.4139344262295082 0.6596153846153846 0.4149590163934426 0.665625 0.41649590163934425 0.6632211538461539 0.41854508196721313 0.6625 0.41854508196721313 0.66875 0.41598360655737704 0.6704326923076923 0.4149590163934426 0.6757211538461538 0.42418032786885246 0.6836538461538462 0.42725409836065575 0.6889423076923077 0.42674180327868855 0.6913461538461538 0.42469262295081966 0.6927884615384615 0.42674180327868855 0.6942307692307692 0.4287909836065574 0.6992788461538462 0.4293032786885246 0.7074519230769231 0.42725409836065575 0.7096153846153846 0.4287909836065574 0.713701923076923 0.42725409836065575 0.7175480769230769 0.4293032786885246 0.7197115384615385 0.42776639344262296 0.7240384615384615 0.4298155737704918 0.7274038461538461 0.42776639344262296 0.7302884615384615 0.4287909836065574 0.734375 0.42674180327868855 0.7355769230769231 0.4257172131147541 0.7387019230769231 0.42469262295081966 0.7391826923076923 0.42161885245901637 0.7377403846153846 0.42059426229508196 0.7391826923076923 0.4144467213114754 0.7403846153846154 0.3975409836065574 0.7411057692307692 0.3949795081967213 0.7430288461538461 0.39036885245901637 0.74375 0.38831967213114754 0.75 0.3837090163934426 0.7512019230769231 0.3796106557377049 0.7507211538461539 0.3765368852459016 0.7524038461538461 0.3739754098360656 0.7492788461538461 0.3729508196721312 0.7365384615384616 0.36936475409836067 0.7370192307692308 0.3662909836065574 0.7348557692307692 0.35911885245901637 0.7425480769230769 0.35758196721311475 0.740625 0.35348360655737704 0.739423076923077 0.3519467213114754 0.7377403846153846 0.3524590163934426 0.7451923076923077 0.35399590163934425 0.7427884615384616 0.35758196721311475 0.7432692307692308 0.35758196721311475 0.7459134615384615 0.3550204918032787 0.7473557692307692 0.3524590163934426 0.7519230769230769 0.3550204918032787 0.7584134615384616 0.3550204918032787 0.7629807692307692 0.36065573770491804 0.7680288461538461 0.35860655737704916 0.7725961538461539 0.36219262295081966 0.7790865384615384 0.36270491803278687 0.7870192307692307 0.36526639344262296 0.7896634615384616 0.36577868852459017 0.79375 0.3709016393442623 0.7992788461538461 0.36936475409836067 0.8038461538461539 0.3714139344262295 0.8050480769230769 0.3729508196721312 0.8088942307692307 0.375 0.8098557692307692 0.3801229508196721 0.8189903846153846 0.38422131147540983 0.817548076923077 0.38063524590163933 0.815625 0.38063524590163933 0.8127403846153847 0.3785860655737705 0.8108173076923076 0.3801229508196721 0.8098557692307692 0.38575819672131145 0.8115384615384615 0.3867827868852459 0.8168269230769231 0.38780737704918034 0.8149038461538461 0.3862704918032787 0.8108173076923076 0.38831967213114754 0.8076923076923077 0.3867827868852459 0.8036057692307692 0.3867827868852459 0.791826923076923 0.38114754098360654 0.7985576923076924 0.3780737704918033 0.7966346153846153 0.3790983606557377 0.7951923076923076 0.38165983606557374 0.7944711538461539 0.38165983606557374 0.7846153846153846 0.38473360655737704 0.7841346153846154 0.38473360655737704 0.7824519230769231 0.38780737704918034 0.7793269230769231 0.3862704918032787 0.778125 0.38473360655737704 0.7802884615384615 0.3826844262295082 0.7805288461538461 0.38063524590163933 0.7704326923076923 0.3765368852459016 0.7694711538461538 0.3760245901639344 0.7653846153846153 0.3770491803278688 0.7670673076923077 0.3796106557377049 0.7675480769230769 0.38165983606557374 0.7634615384615384 0.38422131147540983 0.7622596153846154 0.3801229508196721 0.7579326923076923 0.3780737704918033 0.7598557692307693 0.3760245901639344 0.7600961538461538 0.3770491803278688 0.7543269230769231 0.38063524590163933 0.7536057692307693 0.3831967213114754 0.7567307692307692 0.3867827868852459 0.7540865384615385 0.38831967213114754 0.7545673076923077 0.38883196721311475 0.7576923076923077 0.3867827868852459 0.7586538461538461 0.39088114754098363 0.7588942307692308 0.39241803278688525 0.7620192307692307 0.3975409836065574 0.7625 0.4072745901639344 0.765625 0.4113729508196721 0.7634615384615384 0.41700819672131145 0.7682692307692308 0.41547131147540983 0.7697115384615385 0.4113729508196721 0.7697115384615385 0.4052254098360656 0.7721153846153846 0.4057377049180328 0.7872596153846154 0.41649590163934425 0.7963942307692308 0.41956967213114754 0.803125 0.42520491803278687 0.807451923076923 0.42520491803278687 0.8086538461538462 0.4287909836065574 0.8091346153846154 0.430327868852459 0.8103365384615384 0.42725409836065575 0.8141826923076924 0.430327868852459 0.815625 0.43135245901639346 0.8177884615384615 0.430327868852459 0.8192307692307692 0.42520491803278687 0.8206730769230769 0.42827868852459017 0.8242788461538462 0.42725409836065575 0.8290865384615385 0.4287909836065574 0.8317307692307693 0.42469262295081966 0.834375 0.41649590163934425 0.8350961538461539 0.4149590163934426 0.838701923076923 0.4103483606557377 0.8415865384615384 0.4036885245901639 0.8408653846153846 0.4011270491803279 0.8384615384615385 0.4021516393442623 0.834375 0.40061475409836067 0.8324519230769231 0.39702868852459017 0.8326923076923077 0.39036885245901637 0.8314903846153846 0.3862704918032787 0.8324519230769231 0.3831967213114754 0.8314903846153846 0.3831967213114754 0.838701923076923 0.38524590163934425 0.8408653846153846 0.3831967213114754 0.8442307692307692 0.3831967213114754 0.8533653846153846 0.39036885245901637 0.8862980769230769 0.39702868852459017 0.9043269230769231 0.3975409836065574 0.9149038461538461 0.39959016393442626 0.9170673076923077 0.4042008196721312 0.9372596153846153 0.4077868852459016 0.942548076923077 0.4077868852459016 0.9487980769230769 0.4108606557377049 0.9524038461538461 0.4113729508196721 0.959375 0.4144467213114754 0.9634615384615385 0.4144467213114754 0.9680288461538461 0.4149590163934426 0.9689903846153847 0.4180327868852459 0.9697115384615385 0.41905737704918034 0.9745192307692307 0.42110655737704916 0.973798076923077 0.41956967213114754 0.9704326923076924 0.42161885245901637 0.9701923076923077 0.42418032786885246 0.9663461538461539 0.4257172131147541 0.9663461538461539 0.42776639344262296 0.9701923076923077 0.42674180327868855 0.9747596153846154 0.42827868852459017 0.9762019230769231 0.4323770491803279 0.973798076923077 0.4334016393442623 0.9552884615384616 0.4369877049180328 0.9528846153846153 0.4369877049180328 0.9514423076923076 0.4426229508196721 0.9485576923076923 0.44979508196721313 0.9540865384615385 0.45081967213114754 0.9514423076923076 0.45286885245901637 0.9504807692307692 0.45491803278688525 0.9507211538461539 0.45645491803278687 0.9521634615384615 0.4610655737704918 0.9512019230769231 0.4667008196721312 0.9442307692307692 0.4718237704918033 0.95 0.48155737704918034 0.9521634615384615 0.48411885245901637 0.9644230769230769 0.4918032786885246 0.9564903846153846 0.48463114754098363 0.8942307692307693 0.48411885245901637 0.8675480769230769 0.48155737704918034 0.85625 0.48104508196721313 0.8225961538461538 0.48206967213114754 0.7987980769230769 0.48411885245901637 0.7932692307692307 0.48104508196721313 0.7841346153846154 0.48104508196721313 0.7774038461538462 0.48463114754098363 0.7483173076923076 0.4948770491803279 0.6992788461538462 0.4953893442622951 0.6807692307692308 0.49077868852459017 0.6245192307692308 0.48668032786885246 0.6091346153846153 0.48411885245901637 0.5872596153846154 0.4805327868852459 0.5850961538461539 0.4805327868852459 0.58125 0.4769467213114754 0.5754807692307692 0.4769467213114754 0.5706730769230769
