4 0.10835040983606557 0.15360576923076924 0.04764344262295082 0.035576923076923075
4 0.0471311475409836 0.20180288461538462 0.0466188524590164 0.026682692307692307
4 0.16521516393442623 0.1778846153846154 0.0353483606557377 0.03293269230769231
4 0.09118852459016394 0.23149038461538463 0.05737704918032787 0.03125
4 0.37730532786885246 0.3721153846153846 0.060450819672131145 0.03485576923076923
4 0.028944672131147542 0.10036057692307693 0.055327868852459015 0.035576923076923075
4 0.2615266393442623 0.38209134615384616 0.03790983606557377 0.020432692307692308
4 0.14241803278688525 0.1986778846153846 0.0353483606557377 0.020432692307692308
4 0.1723872950819672 0.3078125 0.04047131147540984 0.02451923076923077
4 0.3099385245901639 0.4201923076923077 0.036885245901639344 0.024759615384615383
4 0.21337090163934427 0.24447115384615384 0.07940573770491803 0.055288461538461536
4 0.4426229508196721 0.5352163461538462 0.033299180327868855 0.018509615384615385
4 0.5550717213114754 0.5317307692307692 0.042008196721311473 0.021875
4 0.49334016393442626 0.5653846153846154 0.051741803278688527 0.025
4 0.3163422131147541 0.3967548076923077 0.03432377049180328 0.021875
4 0.8058401639344263 0.8325721153846154 0.0507172131147541 0.03221153846153846
4 0.4364754098360656 0.43485576923076924 0.0932377049180328 0.05673076923076923
4 0.34912909836065575 0.39579326923076924 0.030737704918032786 0.019230769230769232
4 0.44415983606557374 0.7289663461538461 0.039959016393442626 0.019471153846153846
4 0.0233094262295082 0.14435096153846153 0.04559426229508197 0.029326923076923077
4 0.3104508196721312 0.3112980769230769 0.09067622950819672 0.06081730769230769
4 0.2195184426229508 0.22860576923076922 0.04764344262295082 0.029086538461538462
4 0.13473360655737704 0.25877403846153846 0.02920081967213115 0.015384615384615385
4 0.2889344262295082 0.2924278846153846 0.05635245901639344 0.03076923076923077
4 0.5665983606557377 0.6420673076923077 0.07172131147540983 0.04399038461538462
4 0.8396516393442623 0.8891826923076923 0.05891393442622951 0.03389423076923077
4 0.8224897540983607 0.7846153846153846 0.09836065573770492 0.06201923076923077
4 0.6559938524590164 0.8231971153846154 0.1019467213114754 0.05889423076923077
4 0.4298155737704918 0.4909855769230769 0.024077868852459015 0.0125
4 0.6196209016393442 0.5932692307692308 0.12397540983606557 0.06850961538461539
4 0.3478483606557377 0.4765625 0.06711065573770492 0.046153846153846156
4 0.5842725409836066 0.5683894230769231 0.048668032786885244 0.022115384615384617
4 0.5327868852459017 0.5883413461538461 0.025102459016393443 0.013942307692307693
4 0.2382172131147541 0.32548076923076924 0.025102459016393443 0.01658653846153846
4 0.5952868852459017 0.671875 0.0471311475409836 0.03125
4 0.8621926229508197 0.9306490384615385 0.053790983606557374 0.029326923076923077
4 0.05430327868852459 0.2171875 0.040983606557377046 0.027884615384615386
4 0.9298155737704918 0.8774038461538461 0.04405737704918033 0.02860576923076923
4 0.3755122950819672 0.4628605769230769 0.022028688524590164 0.0125
4 0.8752561475409836 0.8403846153846154 0.02920081967213115 0.015384615384615385
4 0.6518954918032787 0.7221153846153846 0.04047131147540984 0.02235576923076923
4 0.805327868852459 0.7104567307692308 0.1244877049180328 0.07884615384615384
4 0.9067622950819673 0.8544471153846154 0.040983606557377046 0.025961538461538463
4 0.7264344262295082 0.6411057692307692 0.725922131147541 0.6461538461538462 0.7300204918032787 0.6526442307692307 0.7443647540983607 0.6649038461538461 0.7607581967213115 0.6759615384615385 0.7684426229508197 0.6790865384615384 0.7730532786885246 0.6788461538461539 0.7781762295081968 0.6771634615384615 0.7792008196721312 0.6757211538461538 0.7761270491803278 0.6694711538461539 0.7474385245901639 0.6430288461538461 0.7310450819672131 0.6387019230769231
4 0.7090163934426229 0.6710336538461539 0.10655737704918032 0.06802884615384615
4 0.5146004098360656 0.47259615384615383 0.061987704918032786 0.058173076923076925
4 0.025870901639344263 0.17403846153846153 0.0466188524590164 0.035576923076923075
4 0.11603483606557377 0.2703125 0.06813524590163934 0.05504807692307692
