4 0.4180327868852459 0.81875 0.41598360655737704 0.8206730769230769 0.41649590163934425 0.8283653846153847 0.4180327868852459 0.8314903846153846 0.42469262295081966 0.8290865384615385 0.42674180327868855 0.8307692307692308 0.42725409836065575 0.8350961538461539 0.4293032786885246 0.8370192307692308 0.42725409836065575 0.8423076923076923 0.4293032786885246 0.8442307692307692 0.430327868852459 0.8512019230769231 0.4298155737704918 0.8610576923076924 0.4287909836065574 0.8617788461538461 0.42469262295081966 0.8617788461538461 0.42110655737704916 0.8627403846153846 0.42418032786885246 0.8646634615384615 0.42725409836065575 0.8728365384615384 0.42520491803278687 0.875 0.42059426229508196 0.8766826923076924 0.42008196721311475 0.8834134615384616 0.42161885245901637 0.9057692307692308 0.42366803278688525 0.9105769230769231 0.42418032786885246 0.9211538461538461 0.4262295081967213 0.9247596153846154 0.42469262295081966 0.9276442307692307 0.42520491803278687 0.9512019230769231 0.4298155737704918 0.9598557692307692 0.4287909836065574 0.9670673076923076 0.43135245901639346 0.9802884615384615 0.4339139344262295 0.9841346153846153 0.43135245901639346 0.9867788461538461 0.43186475409836067 0.9942307692307693 0.4349385245901639 0.9973557692307692 0.4395491803278688 0.9980769230769231 0.4395491803278688 0.9997596153846153 0.44313524590163933 0.9997596153846153 0.444672131147541 0.9877403846153846 0.44313524590163933 0.9853365384615385 0.4390368852459016 0.9850961538461539 0.4369877049180328 0.9841346153846153 0.4380122950819672 0.9802884615384615 0.4400614754098361 0.9795673076923077 0.4426229508196721 0.9814903846153846 0.4456967213114754 0.9798076923076923 0.4492827868852459 0.9831730769230769 0.45286885245901637 0.9800480769230769 0.45645491803278687 0.9800480769230769 0.45850409836065575 0.9790865384615385 0.4600409836065574 0.9605769230769231 0.461577868852459 0.973798076923077 0.4605532786885246 0.9776442307692308 0.46209016393442626 0.9810096153846154 0.4667008196721312 0.9836538461538461 0.4713114754098361 0.9819711538461539 0.4728483606557377 0.9798076923076923 0.4718237704918033 0.9730769230769231 0.4738729508196721 0.9709134615384616 0.4764344262295082 0.9728365384615385 0.47489754098360654 0.9798076923076923 0.4769467213114754 0.9817307692307692 0.47797131147540983 0.9805288461538462 0.47848360655737704 0.9665865384615384 0.475922131147541 0.9658653846153846 0.47438524590163933 0.9682692307692308 0.4728483606557377 0.9680288461538461 0.4733606557377049 0.9632211538461538 0.46875 0.9600961538461539 0.4713114754098361 0.9567307692307693 0.46875 0.9533653846153847 0.4697745901639344 0.9454326923076923 0.4718237704918033 0.9447115384615384 0.47848360655737704 0.9444711538461539 0.48411885245901637 0.9466346153846154 0.48770491803278687 0.94375 0.4974385245901639 0.942548076923077 0.4969262295081967 0.9415865384615385 0.49385245901639346 0.9408653846153846 0.4912909836065574 0.9362980769230769 0.492827868852459 0.921875 0.49026639344262296 0.9206730769230769 0.48924180327868855 0.9182692307692307 0.48924180327868855 0.9137019230769231 0.48514344262295084 0.9074519230769231 0.48514344262295084 0.903125 0.4882172131147541 0.9009615384615385 0.48616803278688525 0.8980769230769231 0.4882172131147541 0.8947115384615385 0.48668032786885246 0.8894230769230769 0.4887295081967213 0.8870192307692307 0.4887295081967213 0.8783653846153846 0.4912909836065574 0.8769230769230769 0.4953893442622951 0.88125 0.49334016393442626 0.9175480769230769 0.4979508196721312 0.9336538461538462 0.4989754098360656 0.9314903846153846 0.5025614754098361 0.9290865384615384 0.5005122950819673 0.9262019230769231 0.4994877049180328 0.91875 0.5020491803278688 0.9146634615384616 0.4989754098360656 0.9079326923076924 0.5 0.8795673076923077 0.4979508196721312 0.875 0.49436475409836067 0.8747596153846153 0.49077868852459017 0.8764423076923077 0.48411885245901637 0.8759615384615385 0.48616803278688525 0.8802884615384615 0.48258196721311475 0.8836538461538461 0.48514344262295084 0.8872596153846154 0.4738729508196721 0.8903846153846153 0.4697745901639344 0.8901442307692308 0.4651639344262295 0.8915865384615385 0.46311475409836067 0.8915865384615385 0.45799180327868855 0.8884615384615384 0.4574795081967213 0.8733173076923076 0.4600409836065574 0.8697115384615385 0.4569672131147541 0.8663461538461539 0.45286885245901637 0.864423076923077 0.4492827868852459 0.8653846153846154 0.44672131147540983 0.8627403846153846 0.4487704918032787 0.8598557692307692 0.44723360655737704 0.848798076923077 0.44979508196721313 0.8447115384615385 0.45645491803278687 0.8459134615384616 0.45799180327868855 0.8425480769230769 0.45645491803278687 0.8367788461538461 0.45286885245901637 0.8314903846153846 0.45133196721311475 0.8389423076923077 0.4492827868852459 0.8408653846153846 0.4451844262295082 0.8353365384615384 0.44672131147540983 0.8314903846153846 0.4462090163934426 0.8242788461538462 0.4385245901639344 0.8192307692307692 0.4359631147540984 0.8211538461538461 0.4359631147540984 0.8254807692307692 0.4385245901639344 0.8317307692307693 0.4354508196721312 0.8384615384615385 0.4323770491803279 0.8283653846153847 0.4349385245901639 0.8242788461538462 0.43186475409836067 0.8228365384615385 0.4287909836065574 0.8247596153846154 0.42725409836065575 0.8245192307692307 0.42520491803278687 0.8194711538461539 0.42161885245901637 0.8221153846153846 0.41905737704918034 0.8192307692307692
4 0.5087090163934426 0.057692307692307696 0.507172131147541 0.0625 0.5035860655737705 0.06586538461538462 0.5015368852459017 0.06610576923076923 0.4984631147540984 0.06370192307692307 0.4918032786885246 0.0625 0.4882172131147541 0.06274038461538461 0.48719262295081966 0.06370192307692307 0.4882172131147541 0.06778846153846153 0.48514344262295084 0.07884615384615384 0.48565573770491804 0.09591346153846154 0.48206967213114754 0.09879807692307692 0.4800204918032787 0.1110576923076923 0.4764344262295082 0.11274038461538462 0.4800204918032787 0.11586538461538462 0.4800204918032787 0.11754807692307692 0.4769467213114754 0.11875 0.4769467213114754 0.11995192307692308 0.4800204918032787 0.12139423076923077 0.4800204918032787 0.1233173076923077 0.47848360655737704 0.12572115384615384 0.4764344262295082 0.140625 0.47797131147540983 0.14567307692307693 0.48206967213114754 0.14735576923076923 0.48258196721311475 0.14927884615384615 0.48463114754098363 0.14951923076923077 0.48668032786885246 0.1485576923076923 0.48719262295081966 0.14302884615384615 0.48975409836065575 0.1439903846153846 0.4882172131147541 0.15096153846153845 0.4923155737704918 0.153125 0.4948770491803279 0.1579326923076923 0.49077868852459017 0.16153846153846155 0.4948770491803279 0.1622596153846154 0.4979508196721312 0.15985576923076922 0.5005122950819673 0.1639423076923077 0.5 0.16706730769230768 0.4979508196721312 0.16778846153846153 0.49436475409836067 0.16682692307692307 0.4923155737704918 0.16875 0.49436475409836067 0.17067307692307693 0.4979508196721312 0.16899038461538463 0.5015368852459017 0.16875 0.5051229508196722 0.16346153846153846 0.507172131147541 0.16490384615384615 0.5066598360655737 0.16971153846153847 0.5117827868852459 0.1762019230769231 0.5097336065573771 0.17884615384615385 0.5051229508196722 0.1795673076923077 0.5015368852459017 0.17884615384615385 0.4984631147540984 0.18197115384615384 0.4948770491803279 0.18341346153846153 0.49436475409836067 0.1858173076923077 0.4969262295081967 0.19254807692307693 0.49077868852459017 0.19423076923076923 0.48770491803278687 0.19423076923076923 0.48616803278688525 0.19302884615384616 0.48565573770491804 0.17932692307692308 0.48104508196721313 0.18004807692307692 0.4774590163934426 0.1795673076923077 0.47540983606557374 0.17668269230769232 0.4738729508196721 0.1764423076923077 0.4702868852459016 0.18197115384615384 0.4702868852459016 0.19278846153846155 0.4682377049180328 0.1951923076923077 0.4636270491803279 0.228125 0.45850409836065575 0.24423076923076922 0.45491803278688525 0.27355769230769234 0.45286885245901637 0.2759615384615385 0.45338114754098363 0.2865384615384615 0.44979508196721313 0.2932692307692308 0.44979508196721313 0.3002403846153846 0.4456967213114754 0.3036057692307692 0.44723360655737704 0.3074519230769231 0.4462090163934426 0.3091346153846154 0.4421106557377049 0.3105769230769231 0.4451844262295082 0.3153846153846154 0.44313524590163933 0.3314903846153846 0.4395491803278688 0.33605769230769234 0.4369877049180328 0.3370192307692308 0.4359631147540984 0.34615384615384615 0.4323770491803279 0.3439903846153846 0.430327868852459 0.3485576923076923 0.42776639344262296 0.371875 0.42520491803278687 0.3783653846153846 0.42520491803278687 0.38677884615384617 0.42315573770491804 0.390625 0.42315573770491804 0.4016826923076923 0.42161885245901637 0.4033653846153846 0.42110655737704916 0.4132211538461538 0.41854508196721313 0.42139423076923077 0.41854508196721313 0.4423076923076923 0.4144467213114754 0.4824519230769231 0.4139344262295082 0.5387019230769231 0.41239754098360654 0.5451923076923076 0.4144467213114754 0.5819711538461538 0.413422131147541 0.621875 0.4113729508196721 0.6322115384615384 0.41239754098360654 0.6473557692307692 0.4103483606557377 0.6901442307692308 0.4108606557377049 0.7125 0.413422131147541 0.7168269230769231 0.41290983606557374 0.7206730769230769 0.4144467213114754 0.7233173076923077 0.41700819672131145 0.7206730769230769 0.41905737704918034 0.7201923076923077 0.42674180327868855 0.723798076923077 0.4287909836065574 0.7269230769230769 0.42827868852459017 0.7382211538461538 0.4287909836065574 0.7387019230769231 0.43186475409836067 0.7379807692307693 0.4359631147540984 0.7408653846153846 0.4354508196721312 0.7423076923076923 0.43084016393442626 0.7447115384615385 0.4323770491803279 0.7461538461538462 0.4359631147540984 0.7463942307692307 0.4364754098360656 0.7483173076923076 0.4323770491803279 0.7495192307692308 0.43084016393442626 0.7509615384615385 0.43084016393442626 0.7552884615384615 0.4287909836065574 0.7581730769230769 0.4298155737704918 0.7632211538461539 0.4287909836065574 0.7639423076923076 0.42520491803278687 0.7634615384615384 0.42264344262295084 0.7651442307692308 0.42161885245901637 0.7711538461538462 0.41956967213114754 0.7689903846153846 0.42008196721311475 0.7653846153846153 0.4180327868852459 0.7639423076923076 0.41598360655737704 0.7651442307692308 0.4144467213114754 0.7759615384615385 0.41598360655737704 0.778125 0.41649590163934425 0.7971153846153847 0.4144467213114754 0.8024038461538462 0.4149590163934426 0.8050480769230769 0.4180327868852459 0.8055288461538461 0.42520491803278687 0.8050480769230769 0.42674180327868855 0.8043269230769231 0.42725409836065575 0.803125 0.42366803278688525 0.8 0.42776639344262296 0.7980769230769231 0.4287909836065574 0.7932692307692307 0.43135245901639346 0.7901442307692308 0.43084016393442626 0.7788461538461539 0.43186475409836067 0.7778846153846154 0.4390368852459016 0.7774038461538462 0.4426229508196721 0.776201923076923 0.4462090163934426 0.7793269230769231 0.44415983606557374 0.7872596153846154 0.444672131147541 0.8002403846153846 0.4492827868852459 0.8024038461538462 0.45594262295081966 0.801923076923077 0.4574795081967213 0.8036057692307692 0.45645491803278687 0.8043269230769231 0.4492827868852459 0.8040865384615384 0.444672131147541 0.8064903846153846 0.44313524590163933 0.8134615384615385 0.444672131147541 0.81875 0.4492827868852459 0.8199519230769231 0.45594262295081966 0.8201923076923077 0.45850409836065575 0.81875 0.4574795081967213 0.8057692307692308 0.45901639344262296 0.8045673076923077 0.4667008196721312 0.8045673076923077 0.47540983606557374 0.8076923076923077 0.47540983606557374 0.8122596153846153 0.4733606557377049 0.8139423076923077 0.4723360655737705 0.817548076923077 0.4769467213114754 0.8185096153846154 0.48411885245901637 0.8170673076923077 0.48411885245901637 0.8069711538461538 0.48616803278688525 0.8036057692307692 0.48514344262295084 0.7925480769230769 0.48668032786885246 0.7901442307692308 0.48463114754098363 0.7786057692307692 0.48104508196721313 0.7771634615384615 0.4769467213114754 0.778125 0.4738729508196721 0.7764423076923077 0.4702868852459016 0.7774038461538462 0.46311475409836067 0.7774038461538462 0.4600409836065574 0.776201923076923 0.45645491803278687 0.7620192307692307 0.45799180327868855 0.7579326923076923 0.4492827868852459 0.7502403846153847 0.4421106557377049 0.7483173076923076 0.4415983606557377 0.7384615384615385 0.4451844262295082 0.7314903846153846 0.44415983606557374 0.7235576923076923 0.4456967213114754 0.7204326923076924 0.4426229508196721 0.7132211538461538 0.44723360655737704 0.703125 0.44415983606557374 0.7012019230769231 0.44364754098360654 0.6985576923076923 0.44825819672131145 0.6956730769230769 0.4569672131147541 0.6944711538461539 0.45850409836065575 0.6985576923076923 0.45594262295081966 0.7028846153846153 0.45799180327868855 0.7057692307692308 0.4574795081967213 0.721875 0.45952868852459017 0.7228365384615385 0.4702868852459016 0.7233173076923077 0.4723360655737705 0.7211538461538461 0.4728483606557377 0.708173076923077 0.47489754098360654 0.7028846153846153 0.4728483606557377 0.7014423076923076 0.4702868852459016 0.6932692307692307 0.4667008196721312 0.6947115384615384 0.46311475409836067 0.6949519230769231 0.4600409836065574 0.692548076923077 0.45850409836065575 0.6831730769230769 0.4600409836065574 0.6810096153846154 0.4641393442622951 0.6814903846153846 0.4702868852459016 0.6795673076923077 0.4769467213114754 0.6798076923076923 0.48104508196721313 0.6807692307692308 0.48565573770491804 0.6788461538461539 0.48309426229508196 0.6540865384615384 0.4805327868852459 0.6521634615384615 0.4769467213114754 0.6545673076923076 0.4738729508196721 0.6543269230769231 0.4723360655737705 0.6514423076923077 0.4728483606557377 0.6254807692307692 0.4738729508196721 0.6247596153846153 0.48155737704918034 0.6254807692307692 0.48719262295081966 0.6237980769230769 0.4984631147540984 0.6233173076923076 0.4989754098360656 0.5766826923076923 0.4979508196721312 0.5709134615384616 0.4953893442622951 0.5701923076923077 0.4918032786885246 0.5711538461538461 0.49436475409836067 0.5795673076923077 0.49385245901639346 0.5862980769230769 0.4964139344262295 0.5927884615384615 0.49436475409836067 0.5973557692307693 0.4948770491803279 0.6103365384615385 0.49334016393442626 0.6168269230769231 0.4912909836065574 0.6182692307692308 0.4882172131147541 0.6165865384615384 0.48668032786885246 0.6132211538461538 0.4887295081967213 0.6100961538461539 0.48770491803278687 0.6069711538461539 0.48411885245901637 0.6098557692307692 0.4805327868852459 0.6086538461538461 0.4769467213114754 0.6105769230769231 0.4733606557377049 0.6105769230769231 0.4718237704918033 0.5978365384615385 0.4718237704918033 0.5848557692307692 0.4738729508196721 0.5788461538461539 0.4728483606557377 0.5709134615384616 0.4774590163934426 0.5689903846153846 0.48411885245901637 0.5682692307692307 0.48514344262295084 0.5663461538461538 0.48514344262295084 0.5430288461538462 0.4805327868852459 0.540625 0.4774590163934426 0.5415865384615385 0.47489754098360654 0.5396634615384616 0.47489754098360654 0.5290865384615384 0.4764344262295082 0.5257211538461538 0.4774590163934426 0.525 0.48104508196721313 0.5266826923076923 0.48411885245901637 0.5237980769230769 0.48411885245901637 0.521875 0.48206967213114754 0.5235576923076923 0.47950819672131145 0.5230769230769231 0.4769467213114754 0.51875 0.47950819672131145 0.5177884615384616 0.4800204918032787 0.515625 0.48411885245901637 0.5132211538461539 0.48463114754098363 0.510576923076923 0.48360655737704916 0.5016826923076924 0.47899590163934425 0.4949519230769231 0.48155737704918034 0.4877403846153846 0.4764344262295082 0.48701923076923076 0.47540983606557374 0.4846153846153846 0.475922131147541 0.4641826923076923 0.47438524590163933 0.44519230769230766 0.47797131147540983 0.4391826923076923 0.4769467213114754 0.4355769230769231 0.4800204918032787 0.43004807692307695 0.47950819672131145 0.42451923076923076 0.48360655737704916 0.40841346153846153 0.48258196721311475 0.4048076923076923 0.4769467213114754 0.4012019230769231 0.47950819672131145 0.390625 0.47899590163934425 0.3543269230769231 0.48104508196721313 0.3490384615384615 0.4769467213114754 0.34591346153846153 0.4769467213114754 0.34471153846153846 0.48104508196721313 0.3334134615384615 0.4800204918032787 0.32379807692307694 0.48206967213114754 0.32043269230769234 0.4805327868852459 0.31298076923076923 0.48360655737704916 0.30841346153846155 0.48565573770491804 0.30697115384615387 0.48770491803278687 0.30697115384615387 0.48616803278688525 0.3105769230769231 0.48975409836065575 0.3112980769230769 0.49077868852459017 0.31490384615384615 0.4923155737704918 0.31346153846153846 0.48924180327868855 0.3105769230769231 0.4918032786885246 0.30985576923076924 0.49385245901639346 0.3074519230769231 0.4953893442622951 0.3076923076923077 0.4959016393442623 0.3141826923076923 0.4994877049180328 0.3175480769230769 0.4948770491803279 0.31971153846153844 0.48975409836065575 0.3194711538461538 0.48770491803278687 0.31802884615384613 0.48616803278688525 0.32043269230769234 0.48616803278688525 0.3264423076923077 0.4882172131147541 0.3278846153846154 0.48668032786885246 0.3387019230769231 0.49026639344262296 0.3435096153846154 0.49334016393442626 0.3425480769230769 0.492827868852459 0.33822115384615387 0.4959016393442623 0.3348557692307692 0.49334016393442626 0.33245192307692306 0.4882172131147541 0.3314903846153846 0.49385245901639346 0.32908653846153846 0.49436475409836067 0.3228365384615385 0.4979508196721312 0.3245192307692308 0.4979508196721312 0.3278846153846154 0.4984631147540984 0.3245192307692308 0.5020491803278688 0.3233173076923077 0.5030737704918032 0.334375 0.5097336065573771 0.33798076923076925 0.5097336065573771 0.3456730769230769 0.5076844262295082 0.3473557692307692 0.5020491803278688 0.3487980769230769 0.5092213114754098 0.35144230769230766 0.5102459016393442 0.3576923076923077 0.5097336065573771 0.359375 0.5010245901639344 0.3627403846153846 0.5010245901639344 0.3872596153846154 0.5112704918032787 0.39302884615384615 0.5128073770491803 0.41346153846153844 0.5153688524590164 0.4189903846153846 0.5189549180327869 0.4216346153846154 0.5158811475409836 0.425 0.5148565573770492 0.42908653846153844 0.5210040983606558 0.43125 0.5245901639344263 0.4425480769230769 0.5220286885245902 0.44375 0.5189549180327869 0.44350961538461536 0.5153688524590164 0.44519230769230766 0.5133196721311475 0.44471153846153844 0.5117827868852459 0.434375 0.5097336065573771 0.43990384615384615 0.5128073770491803 0.44591346153846156 0.5128073770491803 0.453125 0.5189549180327869 0.4576923076923077 0.5220286885245902 0.45697115384615383 0.5235655737704918 0.4576923076923077 0.5256147540983607 0.46081730769230766 0.5266393442622951 0.46971153846153846 0.5220286885245902 0.48485576923076923 0.516905737704918 0.4877403846153846 0.516905737704918 0.4947115384615385 0.5153688524590164 0.49567307692307694 0.514344262295082 0.5004807692307692 0.5107581967213115 0.5016826923076924 0.5097336065573771 0.5081730769230769 0.5138319672131147 0.515625 0.5117827868852459 0.5358173076923077 0.514344262295082 0.5461538461538461 0.514344262295082 0.5608173076923076 0.5128073770491803 0.5644230769230769 0.5153688524590164 0.5685096153846154 0.5225409836065574 0.5697115384615384 0.5256147540983607 0.5689903846153846 0.5276639344262295 0.5725961538461538 0.5261270491803278 0.5913461538461539 0.5276639344262295 0.5961538461538461 0.5256147540983607 0.5978365384615385 0.514344262295082 0.5983173076923077 0.5112704918032787 0.6057692307692307 0.5153688524590164 0.609375 0.5148565573770492 0.6057692307692307 0.5163934426229508 0.6019230769230769 0.5189549180327869 0.6 0.5210040983606558 0.6019230769230769 0.5204918032786885 0.6091346153846153 0.5220286885245902 0.6110576923076924 0.5261270491803278 0.6120192307692308 0.5276639344262295 0.6146634615384615 0.5276639344262295 0.625 0.5245901639344263 0.6274038461538461 0.5235655737704918 0.6370192307692307 0.5204918032786885 0.6399038461538461 0.5204918032786885 0.6447115384615385 0.5184426229508197 0.6473557692307692 0.5215163934426229 0.6574519230769231 0.5179303278688525 0.661298076923077 0.5199795081967213 0.6634615384615384 0.5194672131147541 0.6706730769230769 0.5184426229508197 0.6711538461538461 0.5153688524590164 0.66875 0.5148565573770492 0.6725961538461539 0.5163934426229508 0.6747596153846154 0.5153688524590164 0.6788461538461539 0.5189549180327869 0.6814903846153846 0.5230532786885246 0.6810096153846154 0.5261270491803278 0.6822115384615385 0.5266393442622951 0.6850961538461539 0.5245901639344263 0.6891826923076924 0.5266393442622951 0.6920673076923077 0.5251024590163934 0.6959134615384616 0.5266393442622951 0.7014423076923076 0.5235655737704918 0.7064903846153846 0.5271516393442623 0.7076923076923077 0.5286885245901639 0.7122596153846154 0.5271516393442623 0.728125 0.5256147540983607 0.7305288461538462 0.5271516393442623 0.7382211538461538 0.5292008196721312 0.7408653846153846 0.5276639344262295 0.7444711538461538 0.5281762295081968 0.7483173076923076 0.5292008196721312 0.7497596153846153 0.5327868852459017 0.7487980769230769 0.5363729508196722 0.7502403846153847 0.5399590163934426 0.7490384615384615 0.5440573770491803 0.7507211538461539 0.5476434426229508 0.7586538461538461 0.5435450819672131 0.7764423076923077 0.5399590163934426 0.765625 0.5368852459016393 0.7641826923076923 0.5322745901639344 0.7651442307692308 0.5322745901639344 0.7725961538461539 0.5353483606557377 0.7783653846153846 0.5363729508196722 0.7788461538461539 0.5394467213114754 0.7776442307692307 0.5430327868852459 0.7778846153846154 0.5445696721311475 0.7834134615384616 0.5425204918032787 0.7867788461538462 0.5445696721311475 0.7903846153846154 0.5425204918032787 0.7932692307692307 0.5450819672131147 0.7961538461538461 0.5430327868852459 0.8045673076923077 0.5445696721311475 0.8057692307692308 0.5502049180327869 0.80625 0.5517418032786885 0.8105769230769231 0.5502049180327869 0.8117788461538461 0.545594262295082 0.8110576923076923 0.5394467213114754 0.8122596153846153 0.5358606557377049 0.8163461538461538 0.5327868852459017 0.8134615384615385 0.5292008196721312 0.8137019230769231 0.5292008196721312 0.825 0.5266393442622951 0.8278846153846153 0.5292008196721312 0.8384615384615385 0.5266393442622951 0.8413461538461539 0.5266393442622951 0.8471153846153846 0.5225409836065574 0.846875 0.5204918032786885 0.8485576923076923 0.5199795081967213 0.8725961538461539 0.5220286885245902 0.878125 0.5215163934426229 0.8872596153846154 0.5245901639344263 0.890625 0.5256147540983607 0.9004807692307693 0.5276639344262295 0.8877403846153846 0.5276639344262295 0.8620192307692308 0.5292008196721312 0.8608173076923077 0.5332991803278688 0.8615384615384616 0.5373975409836066 0.8605769230769231 0.5496926229508197 0.8620192307692308 0.5568647540983607 0.8605769230769231 0.5604508196721312 0.8625 0.5640368852459017 0.8617788461538461 0.5655737704918032 0.8627403846153846 0.5640368852459017 0.8661057692307692 0.5645491803278688 0.8701923076923077 0.5635245901639344 0.8706730769230769 0.5609631147540983 0.8692307692307693 0.5563524590163934 0.8692307692307693 0.5599385245901639 0.8733173076923076 0.5558401639344263 0.8764423076923077 0.5558401639344263 0.880048076923077 0.5537909836065574 0.8807692307692307 0.5522540983606558 0.880048076923077 0.5517418032786885 0.8764423076923077 0.5466188524590164 0.8740384615384615 0.5435450819672131 0.8764423076923077 0.5420081967213115 0.8831730769230769 0.5440573770491803 0.8889423076923076 0.5430327868852459 0.896875 0.5445696721311475 0.8985576923076923 0.5496926229508197 0.9004807692307693 0.5435450819672131 0.9043269230769231 0.5425204918032787 0.916826923076923 0.5450819672131147 0.9185096153846154 0.5399590163934426 0.9211538461538461 0.5358606557377049 0.9149038461538461 0.5286885245901639 0.9173076923076923 0.5266393442622951 0.925 0.5271516393442623 0.9504807692307692 0.5251024590163934 0.9521634615384615 0.5184426229508197 0.953125 0.5225409836065574 0.9533653846153847 0.5266393442622951 0.9555288461538461 0.5266393442622951 0.9706730769230769 0.524077868852459 0.9733173076923077 0.5261270491803278 0.9759615384615384 0.5281762295081968 0.973798076923077 0.5327868852459017 0.9723557692307693 0.5363729508196722 0.9723557692307693 0.5394467213114754 0.9733173076923077 0.5409836065573771 0.9723557692307693 0.5420081967213115 0.9569711538461538 0.5471311475409836 0.9586538461538462 0.5543032786885246 0.9567307692307693 0.5548155737704918 0.9317307692307693 0.5568647540983607 0.9288461538461539 0.555327868852459 0.9259615384615385 0.5558401639344263 0.9194711538461539 0.5568647540983607 0.915625 0.5604508196721312 0.9122596153846154 0.5635245901639344 0.9209134615384615 0.5630122950819673 0.9237980769230769 0.5609631147540983 0.9252403846153846 0.5640368852459017 0.9259615384615385 0.5671106557377049 0.9240384615384616 0.5681352459016393 0.9245192307692308 0.5701844262295082 0.9319711538461538 0.5681352459016393 0.9483173076923077 0.5671106557377049 0.9495192307692307 0.5635245901639344 0.95 0.5609631147540983 0.9516826923076923 0.5604508196721312 0.9567307692307693 0.5625 0.9634615384615385 0.5614754098360656 0.9668269230769231 0.5502049180327869 0.9733173076923077 0.5466188524590164 0.9709134615384616 0.5440573770491803 0.9757211538461539 0.5440573770491803 0.9879807692307693 0.545594262295082 0.9891826923076923 0.5507172131147541 0.9896634615384615 0.5522540983606558 0.9915865384615384 0.5496926229508197 0.9932692307692308 0.5435450819672131 0.9932692307692308 0.5404713114754098 0.9915865384615384 0.5353483606557377 0.9918269230769231 0.5327868852459017 0.9901442307692307 0.5302254098360656 0.9947115384615385 0.5389344262295082 0.9971153846153846 0.5430327868852459 0.994951923076923 0.5461065573770492 0.9956730769230769 0.5502049180327869 0.9954326923076923 0.5532786885245902 0.996875 0.555327868852459 0.9947115384615385 0.5537909836065574 0.9915865384615384 0.5543032786885246 0.9870192307692308 0.5496926229508197 0.9841346153846153 0.5563524590163934 0.9834134615384615 0.5604508196721312 0.9877403846153846 0.5645491803278688 0.9887019230769231 0.5660860655737705 0.9911057692307692 0.5645491803278688 0.994951923076923 0.5671106557377049 0.9971153846153846 0.5712090163934426 0.9975961538461539 0.5717213114754098 0.9997596153846153 0.5778688524590164 0.9997596153846153 0.5778688524590164 0.9824519230769231 0.5763319672131147 0.9798076923076923 0.5737704918032787 0.953125 0.5742827868852459 0.9329326923076923 0.5717213114754098 0.9211538461538461 0.5706967213114754 0.9197115384615384 0.5665983606557377 0.9185096153846154 0.5706967213114754 0.9151442307692308 0.5701844262295082 0.903125 0.569672131147541 0.9024038461538462 0.5640368852459017 0.9014423076923077 0.5630122950819673 0.9019230769230769 0.5614754098360656 0.9036057692307692 0.5625 0.9079326923076924 0.5609631147540983 0.9110576923076923 0.5594262295081968 0.9110576923076923 0.5563524590163934 0.9088942307692308 0.5543032786885246 0.89375 0.5522540983606558 0.8913461538461539 0.5537909836065574 0.8882211538461539 0.555327868852459 0.8891826923076923 0.5614754098360656 0.8901442307692308 0.5640368852459017 0.8920673076923077 0.5691598360655737 0.8903846153846153 0.5706967213114754 0.8889423076923076 0.569672131147541 0.8346153846153846 0.5676229508196722 0.8326923076923077 0.5655737704918032 0.8346153846153846 0.5655737704918032 0.8463942307692308 0.5640368852459017 0.8475961538461538 0.5573770491803278 0.8475961538461538 0.5548155737704918 0.8459134615384616 0.5563524590163934 0.8348557692307692 0.5558401639344263 0.8204326923076923 0.5568647540983607 0.8197115384615384 0.5599385245901639 0.8206730769230769 0.5640368852459017 0.8204326923076923 0.5676229508196722 0.825 0.5706967213114754 0.8235576923076923 0.5773565573770492 0.7629807692307692 0.5758196721311475 0.6867788461538461 0.5712090163934426 0.6314903846153846 0.5722336065573771 0.5899038461538462 0.569672131147541 0.5490384615384616 0.5712090163934426 0.5257211538461538 0.5706967213114754 0.46442307692307694 0.5619877049180327 0.37235576923076924 0.5578893442622951 0.35336538461538464 0.5502049180327869 0.29254807692307694 0.5476434426229508 0.284375 0.5476434426229508 0.271875 0.5440573770491803 0.2552884615384615 0.5430327868852459 0.2387019230769231 0.5409836065573771 0.23341346153846154 0.5394467213114754 0.21658653846153847 0.5368852459016393 0.2110576923076923 0.5327868852459017 0.18004807692307692 0.5286885245901639 0.16610576923076922 0.5292008196721312 0.15745192307692307 0.5266393442622951 0.1519230769230769 0.5256147540983607 0.12572115384615384 0.5225409836065574 0.12115384615384615 0.5189549180327869 0.12596153846153846 0.516905737704918 0.12403846153846154 0.5148565573770492 0.11153846153846154 0.5128073770491803 0.109375 0.5138319672131147 0.10721153846153846 0.5189549180327869 0.10576923076923077 0.5174180327868853 0.103125 0.5194672131147541 0.09951923076923076 0.5189549180327869 0.08413461538461539 0.516905737704918 0.07860576923076923 0.5153688524590164 0.0641826923076923 0.5107581967213115 0.061778846153846156 0.5092213114754098 0.057692307692307696
4 0.5251024590163934 0.3716346153846154 0.010245901639344262 0.03413461538461538
4 0.5443135245901639 0.3674278846153846 0.012807377049180328 0.018509615384615385
4 0.546875 0.3996394230769231 0.010758196721311475 0.023317307692307693
4 0.5527663934426229 0.6489182692307692 0.028688524590163935 0.056490384615384616
4 0.5499487704918032 0.5335336538461538 0.011270491803278689 0.03533653846153846
4 0.5594262295081968 0.5326923076923077 0.015881147540983607 0.031009615384615385
4 0.5338114754098361 0.5338942307692308 0.012807377049180328 0.02548076923076923
4 0.45645491803278687 0.6454326923076923 0.028688524590163935 0.038461538461538464
4 0.4800204918032787 0.7546875 0.00819672131147541 0.02283653846153846
4 0.4884733606557377 0.7338942307692308 0.009221311475409836 0.01826923076923077
4 0.4413422131147541 0.7580528846153847 0.010245901639344262 0.014903846153846155
4 0.45030737704918034 0.7644230769230769 0.01485655737704918 0.011538461538461539
4 0.4577356557377049 0.7852163461538462 0.0194672131147541 0.01658653846153846
4 0.4718237704918033 0.790625 0.007684426229508197 0.016346153846153847
4 0.4521004098360656 0.8098557692307692 0.009221311475409836 0.012740384615384615
4 0.42008196721311475 0.7796875 0.011270491803278689 0.025961538461538463
4 0.5243340163934426 0.7788461538461539 0.025614754098360656 0.06899038461538462
4 0.5017930327868853 0.7804086538461539 0.022540983606557378 0.11153846153846154
4 0.42725409836065575 0.9241586538461538 0.0194672131147541 0.10192307692307692
4 0.45081967213114754 0.9403846153846154 0.018442622950819672 0.046634615384615385
4 0.47822745901639346 0.9140625 0.040983606557377046 0.04591346153846154
4 0.515625 0.880048076923077 0.013831967213114754 0.07019230769230769
4 0.4380122950819672 0.8489182692307692 0.00973360655737705 0.03485576923076923
4 0.45081967213114754 0.3551682692307692 0.014344262295081968 0.025721153846153845
4 0.46388319672131145 0.35336538461538464 0.0117827868852459 0.021875
4 0.5064036885245902 0.2800480769230769 0.008709016393442622 0.035096153846153846
4 0.524077868852459 0.22127403846153845 0.03381147540983607 0.08389423076923076
4 0.5366290983606558 0.43353365384615383 0.011270491803278689 0.026923076923076925
4 0.5502049180327869 0.5862980769230769 0.017418032786885244 0.04495192307692308
4 0.4618340163934426 0.5754807692307692 0.017418032786885244 0.028846153846153848
4 0.4682377049180328 0.5039663461538462 0.010245901639344262 0.03028846153846154
4 0.4756659836065574 0.5502403846153846 0.0235655737704918 0.026682692307692307
4 0.4257172131147541 0.6318509615384615 0.01331967213114754 0.051923076923076926
4 0.43263319672131145 0.6894230769230769 0.03483606557377049 0.04447115384615385
4 0.5074282786885246 0.35540865384615383 0.022028688524590164 0.05961538461538462
4 0.5522540983606558 0.33413461538461536 0.016905737704918034 0.032692307692307694
4 0.5184426229508197 0.40444711538461536 0.010758196721311475 0.02956730769230769
4 0.47156762295081966 0.2546875 0.012295081967213115 0.07908653846153846
4 0.4567110655737705 0.2960336538461538 0.016905737704918034 0.03125
