3 0.6865625 0.468125 0.6725 0.46875 0.656875 0.47375 0.650625 0.480625 0.64625 0.4925 0.650625 0.49875 0.668125 0.501875 0.674375 0.51125 0.685 0.51625 0.701875 0.5175 0.72375 0.504375 0.725 0.491875 0.72125 0.48125 0.716875 0.475625 0.69 0.468125
3 0.72 0.55625 0.70875 0.559375 0.7025 0.56625 0.7025 0.58125 0.71 0.58875 0.731875 0.589375 0.75875 0.581875 0.76 0.571875 0.758125 0.56875 0.74125 0.558125 0.725625 0.55625
3 0.9359375 0.500625 0.926875 0.50125 0.914375 0.506875 0.8975 0.520625 0.873125 0.516875 0.81625 0.518125 0.8 0.525625 0.798125 0.5325 0.803125 0.54125 0.818125 0.545625 0.83875 0.563125 0.84875 0.568125 0.8525 0.566875 0.858125 0.57125 0.874375 0.57375 0.88375 0.57125 0.890625 0.57375 0.905625 0.568125 0.921875 0.57125 0.93375 0.56875 0.949375 0.570625 0.9525 0.56875 0.968125 0.5675 0.973125 0.560625 0.9725 0.556875 0.975 0.551875 0.981875 0.543125 0.985 0.53 0.9675 0.525625 0.963125 0.52625 0.950625 0.515625 0.94625 0.505 0.939375 0.500625
3 0.3871875 0.475 0.376875 0.475625 0.36875 0.483125 0.3675 0.49375 0.370625 0.503125 0.3675 0.513125 0.368125 0.518125 0.373125 0.5225 0.405 0.53375 0.413125 0.54625 0.41875 0.550625 0.429375 0.55375 0.45 0.554375 0.456875 0.55125 0.46375 0.5425 0.491875 0.5325 0.49375 0.520625 0.4925 0.515 0.484375 0.508125 0.474375 0.504375 0.47625 0.498125 0.4825 0.49125 0.4825 0.488125 0.48 0.485625 0.460625 0.476875 0.45625 0.478125 0.39125 0.475
3 0.27875 0.35875 0.26875 0.36125 0.245 0.36125 0.23625 0.36375 0.230625 0.36625 0.22875 0.375 0.246875 0.3825 0.254375 0.390625 0.260625 0.39375 0.289375 0.3975 0.310625 0.3975 0.32125 0.39 0.345625 0.381875 0.35125 0.37625 0.348125 0.3675 0.339375 0.360625 0.28 0.35875
3 0.318125 0.308125 0.29625 0.313125 0.28875 0.319375 0.288125 0.32375 0.29 0.3275 0.296875 0.335 0.3275 0.336875 0.37125 0.33625 0.376875 0.335 0.379375 0.330625 0.378125 0.3225 0.371875 0.314375 0.36 0.311875 0.3375 0.311875 0.321875 0.308125
3 0.41125 0.32125 0.41 0.324375 0.415625 0.33125 0.415 0.335 0.418125 0.3425 0.421875 0.3475 0.43125 0.3525 0.45625 0.3575 0.481875 0.358125 0.498125 0.355625 0.505625 0.34875 0.50625 0.341875 0.496875 0.333125 0.44875 0.324375 0.4125 0.3225
3 0.6741668749999999 0.364375 0.66625 0.365625 0.665625 0.369375 0.668125 0.373125 0.685625 0.383125 0.695625 0.385 0.729375 0.386875 0.7725 0.38625 0.78 0.384375 0.785 0.3775 0.77625 0.375625 0.715 0.374375 0.685625 0.368125 0.6775 0.364375
3 0.8104462499999999 0.39 0.786875 0.390625 0.783125 0.3925 0.7825 0.395 0.786875 0.40125 0.793125 0.40375 0.828125 0.4075 0.85625 0.408125 0.88 0.411875 0.910625 0.4075 0.91875 0.404375 0.924375 0.399375 0.924375 0.396875 0.92125 0.394375 0.90125 0.390625 0.880625 0.393125 0.8525 0.393125 0.81375 0.39
3 0.123125 0.32125 0.119375 0.323125 0.10875 0.3225 0.08 0.3275 0.073125 0.335 0.104375 0.34 0.135625 0.338125 0.14375 0.335 0.140625 0.326875 0.12625 0.32125
3 0.178333125 0.388125 0.15875 0.390625 0.154375 0.3925 0.15 0.39875 0.1575 0.4075 0.16125 0.40875 0.183125 0.408125 0.1925 0.405625 0.19875 0.400625 0.199375 0.3975 0.195625 0.3925 0.181875 0.388125
3 0.4059375 0.55625 0.3925 0.558125 0.38625 0.56125 0.37875 0.570625 0.379375 0.58 0.386875 0.584375 0.39375 0.585625 0.405625 0.585 0.418125 0.58125 0.424375 0.574375 0.425625 0.566875 0.41875 0.559375 0.409375 0.55625
3 0.520208125 0.59 0.50875 0.59125 0.495625 0.6 0.491875 0.605625 0.496875 0.609375 0.504375 0.61125 0.533125 0.611875 0.5425 0.61 0.543125 0.595 0.52375 0.59
3 0.530625 0.53875 0.521875 0.54 0.518125 0.5425 0.515625 0.55 0.51875 0.55375 0.52625 0.556875 0.535 0.5575 0.5525 0.55 0.55125 0.545 0.534375 0.53875
3 0.628125 0.49375 0.621875 0.496875 0.62125 0.504375 0.63 0.50875 0.64 0.505 0.639375 0.498125 0.631875 0.49375
3 0.738125 0.42 0.730625 0.42125 0.72625 0.424375 0.725 0.4325 0.726875 0.435 0.75125 0.439375 0.765625 0.4375 0.769375 0.435 0.769375 0.430625 0.76375 0.425625 0.751875 0.42125 0.740625 0.42
3 0.959375 0.428125 0.945 0.4325 0.94125 0.43875 0.94875 0.444375 0.966875 0.444375 0.98375 0.446875 0.999375 0.445 0.999375 0.43375 0.983125 0.42875 0.96375 0.428125
3 0.975625 0.3975 0.968125 0.4 0.966875 0.404375 0.974375 0.409375 0.999375 0.415 0.999375 0.3975 0.97875 0.3975
3 0.5658331249999999 0.365 0.555625 0.36625 0.551875 0.36875 0.551875 0.373125 0.554375 0.37625 0.560625 0.37875 0.571875 0.378125 0.575625 0.375625 0.5775 0.370625 0.569375 0.365
3 0.535625 0.4375 0.53 0.4425 0.5325 0.4475 0.545 0.449375 0.5575 0.445625 0.556875 0.4425 0.55 0.43875 0.54125 0.4375
3 0.40375 0.428125 0.39875 0.433125 0.404375 0.433125 0.410625 0.439375 0.41875 0.44 0.4275 0.435625 0.42625 0.433125 0.405625 0.428125
3 0.4 0.4 0.393125 0.405 0.39375 0.409375 0.396875 0.41125 0.4025 0.41125 0.408125 0.4075 0.408125 0.404375 0.40125 0.4
3 0.258125 0.416875 0.2475 0.421875 0.2475 0.425 0.25375 0.426875 0.2675 0.425 0.2675 0.421875 0.260625 0.416875
3 0.05375 0.55875 0.038125 0.56375 0.038125 0.5675 0.046875 0.574375 0.05625 0.576875 0.070625 0.570625 0.07375 0.5675 0.07125 0.561875 0.06375 0.559375 0.054375 0.559375
3 0.015 0.49 0.009375 0.490625 0.005625 0.494375 0.0125 0.50125 0.01875 0.500625 0.021875 0.4975 0.0225 0.494375 0.018125 0.49
3 0.0496875 0.373125 0.045625 0.373125 0.04 0.376875 0.03875 0.38 0.040625 0.383125 0.056875 0.383125 0.05875 0.3775 0.05375 0.373125
3 0.13 0.453125 0.11375 0.456875 0.105625 0.4675 0.101875 0.465 0.098125 0.47 0.10625 0.47125 0.123125 0.48125 0.16125 0.48375 0.1775 0.480625 0.1925 0.4725 0.21 0.468125 0.211875 0.465 0.21125 0.461875 0.2025 0.455 0.139375 0.455 0.13375 0.453125
3 0.933541875 0.500625 0.923125 0.501875 0.89875 0.518125 0.89375 0.519375 0.890625 0.5175 0.886875 0.519375 0.8675 0.515625 0.818125 0.5175 0.800625 0.524375 0.798125 0.530625 0.799375 0.54 0.804375 0.543125 0.818125 0.54625 0.836875 0.563125 0.8275 0.5725 0.824375 0.57125 0.815 0.574375 0.799375 0.5725 0.78625 0.565 0.7825 0.556875 0.77875 0.55375 0.77125 0.553125 0.7475 0.54375 0.735625 0.54375 0.7175 0.550625 0.695 0.54875 0.68625 0.551875 0.68 0.5575 0.67625 0.57375 0.680625 0.59375 0.685625 0.59875 0.704375 0.605 0.713125 0.610625 0.72625 0.608125 0.74125 0.61 0.7475 0.608125 0.766875 0.60875 0.78125 0.605625 0.8175 0.605625 0.851875 0.608125 0.8625 0.605 0.86625 0.6 0.88625 0.58625 0.890625 0.5875 0.895 0.585625 0.906875 0.588125 0.913125 0.579375 0.9175 0.5825 0.921875 0.58 0.92375 0.5825 0.935625 0.5825 0.9425 0.585625 0.949375 0.5825 0.953125 0.583125 0.955625 0.58125 0.951875 0.5775 0.955 0.5725 0.96875 0.569375 0.9725 0.56625 0.983125 0.541875 0.984375 0.534375 0.9825 0.529375 0.974375 0.528125 0.95625 0.520625 0.95125 0.515625 0.946875 0.505 0.936875 0.500625
