5 0.5462962962962963 0.6444444444444445 0.5462962962962963 0.6675925925925926 0.55 0.6712962962962963 0.5518518518518518 0.6907407407407408 0.5518518518518518 0.6972222222222222 0.5462962962962963 0.7027777777777777 0.5564814814814815 0.7111111111111111 0.5574074074074075 0.7166666666666667 0.5537037037037037 0.7166666666666667 0.5537037037037037 0.7305555555555555 0.5564814814814815 0.7333333333333333 0.5546296296296296 0.7583333333333333 0.562037037037037 0.7666666666666667 0.5638888888888889 0.7861111111111111 0.5685185185185185 0.7888888888888889 0.5675925925925925 0.8 0.575925925925926 0.8092592592592592 0.5740740740740741 0.8138888888888889 0.5712962962962963 0.8092592592592592 0.5675925925925925 0.8138888888888889 0.575925925925926 0.8240740740740741 0.5805555555555556 0.8472222222222222 0.5861111111111111 0.8481481481481481 0.5805555555555556 0.8555555555555555 0.5879629629629629 0.8611111111111112 0.5916666666666667 0.8574074074074074 0.5953703703703703 0.8629629629629629 0.5675925925925925 0.7379629629629629 0.562962962962963 0.7305555555555555 0.562962962962963 0.7194444444444444 0.55 0.6611111111111111 0.55 0.6481481481481481 0.5472222222222223 0.6444444444444445
5 0.5462962962962963 0.6444444444444445 0.5425925925925926 0.6768518518518518 0.5462962962962963 0.7092592592592593 0.5527777777777778 0.7268518518518519 0.5518518518518518 0.7555555555555555 0.5611111111111111 0.7675925925925926 0.5666666666666667 0.8138888888888889 0.575 0.8231481481481482 0.5814814814814815 0.8694444444444445 0.5842592592592593 0.8722222222222222 0.5833333333333334 0.8814814814814815 0.5888888888888889 0.8870370370370371 0.5916666666666667 0.8796296296296297 0.5861111111111111 0.8657407407407407 0.5916666666666667 0.8583333333333333 0.5953703703703703 0.8638888888888889 0.5944444444444444 0.8546296296296296 0.5638888888888889 0.7277777777777777 0.5509259259259259 0.6537037037037037 0.5472222222222223 0.6453703703703704
5 0.4888888888888889 0 0.4564814814814815 0 0.4564814814814815 0.009259259259259259 0.47314814814814815 0.12037037037037036 0.47685185185185186 0.17962962962962964 0.4824074074074074 0.21574074074074073 0.48055555555555557 0.22037037037037038 0.4888888888888889 0.275 0.49074074074074076 0.31666666666666665 0.5046296296296297 0.4527777777777778 0.5120370370370371 0.5120370370370371 0.5148148148148148 0.5175925925925926 0.525 0.6361111111111111 0.5305555555555556 0.6657407407407407 0.5407407407407407 0.6777777777777778 0.5361111111111111 0.6787037037037037 0.5351851851851852 0.6824074074074075 0.5416666666666666 0.6851851851851852 0.537962962962963 0.687037037037037 0.537962962962963 0.6907407407407408 0.5444444444444444 0.6953703703703704 0.5398148148148149 0.700925925925926 0.5361111111111111 0.6916666666666667 0.5342592592592592 0.6990740740740741 0.5398148148148149 0.7462962962962963 0.5425925925925926 0.7333333333333333 0.5416666666666666 0.7157407407407408 0.5388888888888889 0.712037037037037 0.5425925925925926 0.7064814814814815 0.5472222222222223 0.7129629629629629 0.5435185185185185 0.7194444444444444 0.5537037037037037 0.7268518518518519 0.55 0.7342592592592593 0.5518518518518518 0.7453703703703703 0.5435185185185185 0.7518518518518519 0.5425925925925926 0.7592592592592593 0.562037037037037 0.7685185185185185 0.5592592592592592 0.774074074074074 0.5638888888888889 0.787962962962963 0.5648148148148148 0.8111111111111111 0.5740740740740741 0.8296296296296296 0.5712962962962963 0.8379629629629629 0.5777777777777777 0.8416666666666667 0.5796296296296296 0.8555555555555555 0.5824074074074074 0.8583333333333333 0.5796296296296296 0.8611111111111112 0.5833333333333334 0.8722222222222222 0.5824074074074074 0.8805555555555555 0.5888888888888889 0.8870370370370371 0.5916666666666667 0.8814814814814815 0.5944444444444444 0.8833333333333333 0.5953703703703703 0.875 0.5916666666666667 0.8777777777777778 0.5861111111111111 0.8657407407407407 0.5944444444444444 0.8546296296296296 0.5601851851851852 0.7138888888888889 0.549074074074074 0.6398148148148148 0.5453703703703704 0.6296296296296297 0.5481481481481482 0.6222222222222222 0.5398148148148149 0.5916666666666667 0.5342592592592592 0.5537037037037037 0.5194444444444445 0.38981481481481484 0.4981481481481482 0.22962962962962963 0.4935185185185185 0.175 0.49444444444444446 0.11481481481481481 0.49074074074074076 0.10277777777777777 0.49074074074074076 0.018518518518518517 0.4935185185185185 0
5 0.524074074074074 0.47129629629629627 0.5222222222222223 0.475 0.5175925925925926 0.47314814814814815 0.5194444444444445 0.4787037037037037 0.5148148148148148 0.47685185185185186 0.5231481481481481 0.48703703703703705 0.5194444444444445 0.49444444444444446 0.524074074074074 0.5064814814814815 0.5212962962962963 0.5120370370370371 0.5277777777777778 0.5166666666666667 0.5324074074074074 0.5305555555555556 0.5259259259259259 0.47129629629629627
5 0.5138888888888888 0.4703703703703704 0.5120370370370371 0.49537037037037035 0.5166666666666667 0.4981481481481482 0.5185185185185185 0.5138888888888888 0.5212962962962963 0.5120370370370371 0.5212962962962963 0.49722222222222223 0.5185185185185185 0.49074074074074076 0.5194444444444445 0.47962962962962963 0.5148148148148148 0.4703703703703704
5 0.5388888888888889 0.5898148148148148 0.5388888888888889 0.6203703703703703 0.5425925925925926 0.6296296296296297 0.5388888888888889 0.6333333333333333 0.5472222222222223 0.6425925925925926 0.5481481481481482 0.6361111111111111 0.5435185185185185 0.6296296296296297 0.5481481481481482 0.6231481481481481 0.5444444444444444 0.6166666666666667 0.5398148148148149 0.5898148148148148
5 0.4898148148148148 0.2722222222222222 0.4888888888888889 0.2935185185185185 0.49722222222222223 0.3814814814814815 0.5046296296296297 0.4212962962962963 0.5046296296296297 0.44166666666666665 0.5092592592592593 0.45925925925925926 0.5083333333333333 0.4722222222222222 0.512962962962963 0.475 0.512962962962963 0.43796296296296294 0.5064814814814815 0.43333333333333335 0.5083333333333333 0.42962962962962964 0.5111111111111111 0.43425925925925923 0.5120370370370371 0.4305555555555556 0.5111111111111111 0.425 0.5083333333333333 0.42592592592592593 0.5046296296296297 0.4212962962962963 0.5074074074074074 0.41388888888888886 0.5037037037037037 0.4074074074074074 0.5046296296296297 0.38333333333333336 0.5018518518518519 0.38055555555555554 0.5027777777777778 0.36944444444444446 0.49907407407407406 0.35555555555555557 0.4981481481481482 0.337037037037037 0.5009259259259259 0.3314814814814815 0.49722222222222223 0.32407407407407407 0.5 0.3175925925925926 0.4888888888888889 0.2759259259259259 0.49074074074074076 0.2722222222222222
5 0.5046296296296297 0.4166666666666667 0.5046296296296297 0.4361111111111111 0.5101851851851852 0.45925925925925926 0.5083333333333333 0.46296296296296297 0.5120370370370371 0.4685185185185185 0.512962962962963 0.4287037037037037 0.5055555555555555 0.41759259259259257
5 0.487962962962963 0 0.45555555555555555 0.001851851851851852 0.47685185185185186 0.16296296296296298 0.4824074074074074 0.1712962962962963 0.48055555555555557 0.1787037037037037 0.48518518518518516 0.1787037037037037 0.4888888888888889 0.20277777777777778 0.49166666666666664 0.20277777777777778 0.4888888888888889 0.20092592592592592 0.49166666666666664 0.1962962962962963 0.487962962962963 0.1925925925925926 0.49166666666666664 0.1824074074074074 0.4888888888888889 0.17777777777777778 0.49444444444444446 0.1648148148148148 0.49074074074074076 0.11574074074074074 0.4925925925925926 0
5 0.5111111111111111 0.48518518518518516 0.5120370370370371 0.5092592592592593 0.5157407407407407 0.512962962962963 0.512962962962963 0.5092592592592593 0.5157407407407407 0.5055555555555555 0.5148148148148148 0.48518518518518516
5 0.4935185185185185 0.19166666666666668 0.49074074074074076 0.19537037037037036 0.49074074074074076 0.20925925925925926 0.49537037037037035 0.22962962962962963 0.4935185185185185 0.24074074074074073 0.49907407407407406 0.2824074074074074 0.49722222222222223 0.30092592592592593 0.5 0.3037037037037037 0.49722222222222223 0.3055555555555556 0.49722222222222223 0.3148148148148148 0.5018518518518519 0.3148148148148148 0.5064814814814815 0.3287037037037037 0.5074074074074074 0.3509259259259259 0.5046296296296297 0.3574074074074074 0.5101851851851852 0.36203703703703705 0.5185185185185185 0.43148148148148147 0.5194444444444445 0.38981481481481484 0.49444444444444446 0.19166666666666668
