5 0.4666666666666667 0.14814814814814814 0.46574074074074073 0.1787037037037037 0.4740740740740741 0.32407407407407407 0.48148148148148145 0.3314814814814815 0.4824074074074074 0.3416666666666667 0.47685185185185186 0.3416666666666667 0.48055555555555557 0.3490740740740741 0.4777777777777778 0.375 0.48055555555555557 0.40185185185185185 0.48148148148148145 0.39444444444444443 0.49166666666666664 0.3851851851851852 0.49444444444444446 0.35833333333333334 0.48333333333333334 0.25 0.47962962962962963 0.24537037037037038 0.48148148148148145 0.23333333333333334 0.4740740740740741 0.22777777777777777 0.47314814814814815 0.19444444444444445 0.4666666666666667 0.15
5 0.49074074074074076 0.4287037037037037 0.48518518518518516 0.4398148148148148 0.48055555555555557 0.4398148148148148 0.48055555555555557 0.44351851851851853 0.4842592592592593 0.475 0.4925925925925926 0.4824074074074074 0.4962962962962963 0.5 0.49444444444444446 0.45092592592592595 0.49074074074074076 0.43333333333333335
5 0.5037037037037037 0.5287037037037037 0.487962962962963 0.5342592592592592 0.487962962962963 0.549074074074074 0.49074074074074076 0.5675925925925925 0.49537037037037035 0.5768518518518518 0.49907407407407406 0.6074074074074074 0.4962962962962963 0.6398148148148148 0.5046296296296297 0.7537037037037037 0.5083333333333333 0.7759259259259259 0.512962962962963 0.7824074074074074 0.5083333333333333 0.787962962962963 0.5120370370370371 0.8407407407407408 0.5148148148148148 0.8490740740740741 0.5194444444444445 0.8490740740740741 0.5296296296296297 0.8416666666666667 0.5296296296296297 0.8240740740740741 0.5259259259259259 0.8101851851851852 0.5231481481481481 0.7129629629629629 0.5166666666666667 0.6592592592592592 0.5111111111111111 0.6435185185185185 0.5157407407407407 0.6296296296296297 0.5111111111111111 0.5712962962962963 0.5074074074074074 0.5648148148148148 0.5083333333333333 0.5324074074074074 0.5055555555555555 0.5287037037037037
5 0.49583333333333335 0.5324074074074074 0.4888888888888889 0.5342592592592592 0.487962962962963 0.5462962962962963 0.49074074074074076 0.5648148148148148 0.49722222222222223 0.5777777777777777 0.5018518518518519 0.6231481481481481 0.4981481481481482 0.6425925925925926 0.5 0.65 0.5046296296296297 0.6527777777777778 0.5138888888888888 0.6296296296296297 0.5092592592592593 0.6092592592592593 0.5101851851851852 0.5907407407407408 0.5055555555555555 0.5712962962962963 0.5037037037037037 0.5370370370370371 0.5009259259259259 0.5324074074074074
5 0.5 0.65 0.5018518518518519 0.7277777777777777 0.5046296296296297 0.7518518518518519 0.5120370370370371 0.7675925925925926 0.5148148148148148 0.7611111111111111 0.5083333333333333 0.6731481481481482 0.5037037037037037 0.6648148148148149 0.5055555555555555 0.6592592592592592 0.5018518518518519 0.65
5 0.49074074074074076 0.42685185185185187 0.48703703703703705 0.4287037037037037 0.4861111111111111 0.4361111111111111 0.48055555555555557 0.4398148148148148 0.4842592592592593 0.4740740740740741 0.48703703703703705 0.4777777777777778 0.49444444444444446 0.47685185185185186 0.49444444444444446 0.4351851851851852 0.49074074074074076 0.4287037037037037
5 0.5046296296296297 0.5287037037037037 0.5018518518518519 0.5324074074074074 0.487962962962963 0.5333333333333333 0.487962962962963 0.5518518518518518 0.49074074074074076 0.5694444444444444 0.49537037037037035 0.5777777777777777 0.49907407407407406 0.6064814814814815 0.5 0.6259259259259259 0.4962962962962963 0.637962962962963 0.5009259259259259 0.6759259259259259 0.5046296296296297 0.7537037037037037 0.5083333333333333 0.7768518518518519 0.512962962962963 0.7824074074074074 0.5083333333333333 0.787962962962963 0.5083333333333333 0.7972222222222223 0.5138888888888888 0.8592592592592593 0.5259259259259259 0.8629629629629629 0.5287037037037037 0.8583333333333333 0.525 0.8518518518518519 0.5314814814814814 0.8453703703703703 0.5324074074074074 0.8203703703703704 0.5277777777777778 0.8148148148148148 0.5305555555555556 0.7962962962962963 0.5268518518518519 0.7861111111111111 0.5287037037037037 0.7796296296296297 0.524074074074074 0.7407407407407407 0.5259259259259259 0.7166666666666667 0.5138888888888888 0.6416666666666667 0.5157407407407407 0.6361111111111111 0.512962962962963 0.6203703703703703 0.5148148148148148 0.6148148148148148 0.5120370370370371 0.5703703703703704 0.5111111111111111 0.5638888888888889 0.5074074074074074 0.5648148148148148 0.5101851851851852 0.5611111111111111 0.5083333333333333 0.5564814814814815 0.5111111111111111 0.5555555555555556 0.5111111111111111 0.549074074074074 0.5055555555555555 0.5287037037037037
5 0.4703703703703704 0.22962962962962963 0.475 0.2351851851851852 0.4722222222222222 0.2518518518518518 0.47314814814814815 0.2824074074074074 0.47685185185185186 0.2861111111111111 0.48148148148148145 0.2861111111111111 0.4787037037037037 0.29074074074074074 0.4740740740740741 0.28888888888888886 0.4740740740740741 0.30092592592592593 0.47685185185185186 0.3 0.47685185185185186 0.29444444444444445 0.4842592592592593 0.3 0.48518518518518516 0.29444444444444445 0.4824074074074074 0.2898148148148148 0.48518518518518516 0.27870370370370373 0.4787037037037037 0.2722222222222222 0.48148148148148145 0.26851851851851855 0.4787037037037037 0.2657407407407407 0.48055555555555557 0.2611111111111111 0.475 0.262037037037037 0.4842592592592593 0.25277777777777777 0.4787037037037037 0.24444444444444444 0.4842592592592593 0.23703703703703705 0.4777777777777778 0.22962962962962963
5 0.5175925925925926 0.7870370370370371 0.5083333333333333 0.7925925925925926 0.512962962962963 0.8425925925925926 0.5166666666666667 0.8472222222222222 0.5222222222222223 0.8453703703703703 0.5268518518518519 0.8379629629629629 0.5185185185185185 0.7870370370370371
5 0.4935185185185185 0.5324074074074074 0.4898148148148148 0.5351851851851852 0.4898148148148148 0.5583333333333333 0.49907407407407406 0.5805555555555556 0.5009259259259259 0.6138888888888889 0.5055555555555555 0.6222222222222222 0.49722222222222223 0.6314814814814815 0.5046296296296297 0.7527777777777778 0.5083333333333333 0.7694444444444445 0.5166666666666667 0.7722222222222223 0.5111111111111111 0.7787037037037037 0.512962962962963 0.7814814814814814 0.5148148148148148 0.7777777777777778 0.5157407407407407 0.7824074074074074 0.5111111111111111 0.7833333333333333 0.5083333333333333 0.787962962962963 0.5120370370370371 0.8435185185185186 0.5166666666666667 0.850925925925926 0.5314814814814814 0.8444444444444444 0.5314814814814814 0.8268518518518518 0.5277777777777778 0.8148148148148148 0.5305555555555556 0.7962962962962963 0.5277777777777778 0.7935185185185185 0.5296296296296297 0.7888888888888889 0.5259259259259259 0.7861111111111111 0.5277777777777778 0.7824074074074074 0.525 0.7166666666666667 0.5157407407407407 0.6574074074074074 0.5120370370370371 0.6472222222222223 0.5074074074074074 0.6472222222222223 0.5064814814814815 0.6398148148148148 0.5120370370370371 0.625 0.5101851851851852 0.6148148148148148 0.5064814814814815 0.612037037037037 0.5092592592592593 0.6111111111111112 0.5083333333333333 0.5944444444444444 0.5046296296296297 0.5925925925925926 0.5046296296296297 0.5898148148148148 0.5083333333333333 0.5888888888888889 0.5083333333333333 0.5731481481481482 0.5037037037037037 0.5601851851851852 0.5046296296296297 0.5416666666666666 0.5027777777777778 0.5351851851851852 0.49537037037037035 0.5324074074074074
