5 0.4925925925925926 0.7037037037037037 0.005555555555555556 0.07777777777777778
5 0.500462962962963 0.7560185185185185 0.006481481481481481 0.05092592592592592
5 0.48842592592592593 0.39166666666666666 0.006481481481481481 0.05555555555555555
5 0.49537037037037035 0.6462962962962963 0.4981481481481482 0.6620370370370371 0.5009259259259259 0.65 0.49907407407407406 0.6453703703703704
5 0.5092592592592593 0.624537037037037 0.003703703703703704 0.04351851851851852
5 0.5074074074074074 0.7013888888888888 0.003703703703703704 0.032407407407407406
5 0.48703703703703705 0.22407407407407406 0.48703703703703705 0.26296296296296295 0.49074074074074076 0.2722222222222222
5 0.5055555555555555 0.46944444444444444 0.5111111111111111 0.5185185185185185 0.512962962962963 0.48703703703703705 0.5111111111111111 0.475
5 0.4666666666666667 0.5361111111111111 0.4666666666666667 0.5675925925925925 0.46944444444444444 0.5675925925925925
5 0.45185185185185184 0.387037037037037 0.44907407407407407 0.38796296296296295 0.45 0.4222222222222222 0.4527777777777778 0.4648148148148148 0.45555555555555555 0.4675925925925926 0.45740740740740743 0.44351851851851853
5 0.47685185185185186 0.24444444444444444 0.48055555555555557 0.29074074074074074 0.48055555555555557 0.25833333333333336
5 0.4444444444444444 0.2490740740740741 0.4425925925925926 0.2638888888888889 0.44537037037037036 0.2722222222222222
5 0.4981481481481482 0.18055555555555555 0.49907407407407406 0.20277777777777778 0.5009259259259259 0.18703703703703703
5 0.49166666666666664 0.046296296296296294 0.49074074074074076 0.05740740740740741 0.49444444444444446 0.06481481481481481
5 0.45555555555555555 0.1425925925925926 0.4527777777777778 0.1425925925925926 0.45555555555555555 0.15462962962962962
5 0.49444444444444446 0.6944444444444444 0.49444444444444446 0.7064814814814815 0.49722222222222223 0.7037037037037037
5 0.49166666666666664 0.6083333333333333 0.49074074074074076 0.6361111111111111 0.49444444444444446 0.6388888888888888
5 0.49444444444444446 0.8444444444444444 0.4935185185185185 0.875 0.4981481481481482 0.8981481481481481
5 0.4981481481481482 0.8870370370370371 0.5009259259259259 0.95 0.5046296296296297 0.9546296296296296 0.5027777777777778 0.9083333333333333
5 0.5148148148148148 0.8601851851851852 0.5120370370370371 0.8694444444444445 0.5120370370370371 0.9194444444444444 0.5148148148148148 0.9157407407407407
5 0.5083333333333333 0.9629629629629629 0.5074074074074074 0.9990740740740741 0.512962962962963 0.9990740740740741 0.5120370370370371 0.9518518518518518
5 0.5018518518518519 0.3490740740740741 0.5009259259259259 0.3731481481481482 0.5046296296296297 0.3907407407407407 0.5083333333333333 0.37962962962962965 0.5083333333333333 0.36018518518518516
5 0.4777777777777778 0.31203703703703706 0.48055555555555557 0.3277777777777778 0.48055555555555557 0.3111111111111111
5 0.487962962962963 0.4925925925925926 0.48703703703703705 0.5138888888888888 0.49074074074074076 0.5231481481481481
5 0.5083333333333333 0.7462962962962963 0.5148148148148148 0.8212962962962963 0.5148148148148148 0.762962962962963 0.512962962962963 0.7490740740740741
