5 0.425 0.15462962962962962 0.42962962962962964 0.23055555555555557 0.4324074074074074 0.2388888888888889 0.44351851851851853 0.24537037037037038 0.44351851851851853 0.20925925925925926
5 0.49444444444444446 0.2537037037037037 0.5018518518518519 0.35185185185185186 0.4981481481481482 0.2601851851851852
5 0.44907407407407407 0.2861111111111111 0.4425925925925926 0.2962962962962963 0.44537037037037036 0.3287037037037037 0.4546296296296296 0.31203703703703706 0.4527777777777778 0.2916666666666667
5 0.4648148148148148 0.4046296296296296 0.4666666666666667 0.43333333333333335 0.47314814814814815 0.44814814814814813 0.4722222222222222 0.4027777777777778 0.4703703703703704 0.4
5 0.4962962962962963 0.3972222222222222 0.49444444444444446 0.39537037037037037 0.4981481481481482 0.47314814814814815 0.5 0.43425925925925923
5 0.5037037037037037 0.4361111111111111 0.5074074074074074 0.5203703703703704 0.5092592592592593 0.4925925925925926 0.5055555555555555 0.49074074074074076 0.5092592592592593 0.4842592592592593 0.5064814814814815 0.4398148148148148
5 0.4583333333333333 0.5675925925925925 0.4648148148148148 0.637962962962963 0.47129629629629627 0.6509259259259259 0.47314814814814815 0.6657407407407407 0.47314814814814815 0.5879629629629629 0.4703703703703704 0.5842592592592593 0.47314814814814815 0.5685185185185185 0.4703703703703704 0.5648148148148148
5 0.49166666666666664 0.562037037037037 0.49444444444444446 0.6259259259259259 0.49722222222222223 0.6222222222222222 0.49537037037037035 0.5638888888888889
5 0.475 0.6944444444444444 0.4777777777777778 0.7666666666666667 0.48055555555555557 0.7129629629629629 0.47962962962962963 0.6962962962962963
5 0.4824074074074074 0.837037037037037 0.4787037037037037 0.8592592592592593 0.48055555555555557 0.9083333333333333 0.4824074074074074 0.8842592592592593 0.4888888888888889 0.8675925925925926 0.487962962962963 0.8314814814814815
5 0.4787037037037037 0.9527777777777777 0.48148148148148145 0.9990740740740741 0.48703703703703705 0.9990740740740741 0.49074074074074076 0.9611111111111111 0.48703703703703705 0.9333333333333333
5 0.5037037037037037 0.9046296296296297 0.5 0.9314814814814815 0.5092592592592593 0.9351851851851852 0.5083333333333333 0.9148148148148149
