5 0.5425925925925926 0.46944444444444444 0.5398148148148149 0.47314814814814815 0.5425925925925926 0.4842592592592593 0.537962962962963 0.487962962962963 0.5407407407407407 0.4898148148148148 0.5388888888888889 0.49444444444444446 0.5444444444444444 0.5009259259259259 0.5462962962962963 0.5231481481481481 0.55 0.5194444444444445 0.55 0.5101851851851852 0.5425925925925926 0.47129629629629627
5 0.5324074074074074 0.4527777777777778 0.5388888888888889 0.5305555555555556 0.5425925925925926 0.5416666666666666 0.5462962962962963 0.5435185185185185 0.549074074074074 0.5398148148148149 0.549074074074074 0.5157407407407407 0.5462962962962963 0.5111111111111111 0.5425925925925926 0.4685185185185185 0.5388888888888889 0.4703703703703704 0.5398148148148149 0.45925925925925926 0.5361111111111111 0.46111111111111114 0.5324074074074074 0.4546296296296296
5 0.5120370370370371 0.2777777777777778 0.5222222222222223 0.4 0.5277777777777778 0.42777777777777776 0.5305555555555556 0.46296296296296297 0.5324074074074074 0.4722222222222222 0.5361111111111111 0.4722222222222222 0.5370370370370371 0.4666666666666667 0.5305555555555556 0.44907407407407407 0.5287037037037037 0.4148148148148148 0.5203703703703704 0.35555555555555557 0.5203703703703704 0.3212962962962963 0.512962962962963 0.27870370370370373
5 0.5287037037037037 0.34444444444444444 0.5259259259259259 0.35185185185185186 0.5342592592592592 0.40925925925925927 0.5361111111111111 0.44907407407407407 0.5398148148148149 0.462037037037037 0.5398148148148149 0.42314814814814816 0.5361111111111111 0.4 0.5324074074074074 0.3972222222222222 0.5342592592592592 0.3814814814814815 0.5296296296296297 0.34444444444444444
5 0.5287037037037037 0.34629629629629627 0.5268518518518519 0.35648148148148145 0.5296296296296297 0.37037037037037035 0.5296296296296297 0.3472222222222222
5 0.5333333333333333 0.4685185185185185 0.5351851851851852 0.49907407407407406 0.5398148148148149 0.5166666666666667 0.5388888888888889 0.48703703703703705 0.5342592592592592 0.4685185185185185
5 0.5351851851851852 0.40555555555555556 0.5351851851851852 0.4388888888888889 0.5388888888888889 0.44814814814814813 0.5361111111111111 0.40555555555555556
5 0.525 0.4861111111111111 0.5231481481481481 0.49166666666666664 0.5314814814814814 0.55 0.5361111111111111 0.562962962962963 0.5333333333333333 0.5175925925925926 0.5268518518518519 0.5083333333333333 0.5259259259259259 0.4861111111111111
5 0.5425925925925926 0.5268518518518519 0.5416666666666666 0.5361111111111111 0.5462962962962963 0.5425925925925926 0.5481481481481482 0.537962962962963 0.5462962962962963 0.5277777777777778 0.5435185185185185 0.5268518518518519
5 0.5564814814814815 0.475 0.5564814814814815 0.5 0.5777777777777777 0.6231481481481481 0.5787037037037037 0.6055555555555555 0.5740740740740741 0.5648148148148148 0.5685185185185185 0.55 0.5564814814814815 0.48148148148148145
5 0.5879629629629629 0.6675925925925926 0.587037037037037 0.6805555555555556 0.5953703703703703 0.7296296296296296 0.5981481481481481 0.7287037037037037 0.5981481481481481 0.725 0.5916666666666667 0.6777777777777778 0.5879629629629629 0.6685185185185185
5 0.5425925925925926 0.47685185185185186 0.5398148148148149 0.4935185185185185 0.5370370370370371 0.49074074074074076 0.537962962962963 0.4861111111111111 0.5342592592592592 0.48055555555555557 0.5324074074074074 0.48148148148148145 0.5351851851851852 0.4824074074074074 0.5351851851851852 0.5046296296296297 0.5398148148148149 0.5148148148148148 0.5416666666666666 0.5083333333333333 0.5370370370370371 0.5046296296296297 0.537962962962963 0.49722222222222223 0.5398148148148149 0.4962962962962963 0.5462962962962963 0.5046296296296297 0.5453703703703704 0.5185185185185185 0.5398148148148149 0.5212962962962963 0.5398148148148149 0.524074074074074 0.5416666666666666 0.5398148148148149 0.5472222222222223 0.5425925925925926 0.5472222222222223 0.49722222222222223 0.5425925925925926 0.48055555555555557
5 0.5120370370370371 0.2777777777777778 0.5185185185185185 0.34814814814814815 0.5203703703703704 0.32407407407407407 0.5157407407407407 0.30462962962962964 0.5148148148148148 0.2833333333333333 0.5120370370370371 0.2796296296296296
5 0.5462962962962963 0.36666666666666664 0.5462962962962963 0.36203703703703705 0.5425925925925926 0.36666666666666664 0.5462962962962963 0.3851851851851852 0.5472222222222223 0.4398148148148148 0.5546296296296296 0.4759259259259259 0.5546296296296296 0.49537037037037035 0.5638888888888889 0.5537037037037037 0.5694444444444444 0.5740740740740741 0.5675925925925925 0.5777777777777777 0.575 0.6074074074074074 0.5740740740740741 0.6268518518518519 0.5777777777777777 0.6305555555555555 0.5787037037037037 0.6027777777777777 0.575 0.5694444444444444 0.5666666666666667 0.5388888888888889 0.5564814814814815 0.47314814814814815 0.5537037037037037 0.4703703703703704 0.5546296296296296 0.45740740740740743 0.5509259259259259 0.4388888888888889 0.5462962962962963 0.3712962962962963
