5 0.5981481481481481 0.7666666666666667 0.06851851851851852 0.46296296296296297
5 0.5708333333333333 0.8087962962962963 0.021296296296296296 0.1675925925925926
5 0.5111111111111111 0.19444444444444445 0.005555555555555556 0.03888888888888889
5 0.5365740740740741 0.058333333333333334 0.006481481481481481 0.040740740740740744
5 0.5638888888888889 0.4300925925925926 0.005555555555555556 0.058333333333333334
5 0.5388888888888889 0.11296296296296296 0.005555555555555556 0.025925925925925925
5 0.5310185185185186 0.4671296296296296 0.008333333333333333 0.075
5 0.5814814814814815 0.9495370370370371 0.024074074074074074 0.09907407407407408
5 0.5861111111111111 0.95 0.020370370370370372 0.09814814814814815
5 0.549074074074074 0.6175925925925926 0.016666666666666666 0.1574074074074074
