5 0.5166666666666667 0.6680555555555555 0.007407407407407408 0.0787037037037037
5 0.5481481481481482 0.7268518518518519 0.007407407407407408 0.0962962962962963
5 0.5569444444444445 0.6416666666666667 0.004629629629629629 0.03333333333333333
5 0.5203703703703704 0.5481481481481482 0.003703703703703704 0.022222222222222223
5 0.5152777777777777 0.4546296296296296 0.010185185185185186 0.08333333333333333
5 0.5097222222222222 0.3416666666666667 0.002777777777777778 0.027777777777777776
5 0.5305555555555556 0.46805555555555556 0.003703703703703704 0.05092592592592592
5 0.5050925925925925 0.274537037037037 0.002777777777777778 0.012037037037037037
5 0.49444444444444446 0.34305555555555556 0.014814814814814815 0.1638888888888889
5 0.5 0.37962962962962965 0.027777777777777776 0.2351851851851852
