5 0.46574074074074073 0.2064814814814815 0.46296296296296297 0.20833333333333334 0.4648148148148148 0.23148148148148148 0.4601851851851852 0.25462962962962965 0.4666666666666667 0.2490740740740741 0.4685185185185185 0.25092592592592594 0.4666666666666667 0.25462962962962965 0.47314814814814815 0.30185185185185187 0.4685185185185185 0.30648148148148147 0.475 0.3138888888888889 0.47314814814814815 0.32407407407407407 0.47685185185185186 0.3351851851851852 0.48055555555555557 0.33796296296296297 0.48333333333333334 0.33425925925925926 0.48518518518518516 0.3416666666666667 0.4898148148148148 0.3435185185185185 0.49166666666666664 0.33425925925925926 0.4861111111111111 0.32222222222222224 0.4842592592592593 0.29814814814814816 0.48148148148148145 0.2962962962962963 0.4861111111111111 0.29444444444444445 0.48333333333333334 0.2740740740740741 0.47962962962962963 0.26666666666666666 0.4777777777777778 0.24814814814814815 0.47129629629629627 0.24444444444444444 0.475 0.24074074074074073 0.4722222222222222 0.23055555555555557 0.4740740740740741 0.21944444444444444 0.4685185185185185 0.2212962962962963 0.4703703703703704 0.21666666666666667 0.4648148148148148 0.20925925925925926 0.4666666666666667 0.2064814814814815
5 0.48333333333333334 0.44351851851851853 0.4861111111111111 0.524074074074074 0.49166666666666664 0.5712962962962963 0.49537037037037035 0.5694444444444444 0.4925925925925926 0.55 0.49444444444444446 0.537962962962963 0.4842592592592593 0.44351851851851853
5 0.48703703703703705 0.49537037037037035 0.4888888888888889 0.5138888888888888 0.49074074074074076 0.5074074074074074 0.487962962962963 0.49537037037037035
5 0.4842592592592593 0.44351851851851853 0.4842592592592593 0.4740740740740741 0.48703703703703705 0.47962962962962963 0.48518518518518516 0.4444444444444444
5 0.4703703703703704 0.32222222222222224 0.46944444444444444 0.3388888888888889 0.475 0.35555555555555557 0.47314814814814815 0.362962962962963 0.47685185185185186 0.3962962962962963 0.48055555555555557 0.4166666666666667 0.48518518518518516 0.41944444444444445 0.4787037037037037 0.3592592592592593 0.4703703703703704 0.32407407407407407
5 0.5083333333333333 0.5388888888888889 0.5111111111111111 0.5583333333333333 0.5092592592592593 0.5398148148148149
5 0.4935185185185185 0.5805555555555556 0.4935185185185185 0.5981481481481481 0.4962962962962963 0.6055555555555555 0.49444444444444446 0.6231481481481481 0.5018518518518519 0.6851851851851852 0.4981481481481482 0.6435185185185185 0.49907407407407406 0.6055555555555555 0.49537037037037035 0.5805555555555556
5 0.5157407407407407 0.7064814814814815 0.5148148148148148 0.7148148148148148 0.5101851851851852 0.7222222222222222 0.5120370370370371 0.7481481481481481 0.5074074074074074 0.7620370370370371 0.5101851851851852 0.7657407407407407 0.5083333333333333 0.7768518518518519 0.5120370370370371 0.7787037037037037 0.5138888888888888 0.7898148148148149 0.5111111111111111 0.7925925925925926 0.5138888888888888 0.8157407407407408 0.5111111111111111 0.8212962962962963 0.5166666666666667 0.8314814814814815 0.5166666666666667 0.85 0.5203703703703704 0.850925925925926 0.5166666666666667 0.8574074074074074 0.5185185185185185 0.8629629629629629 0.5222222222222223 0.8601851851851852 0.5268518518518519 0.8648148148148148 0.5222222222222223 0.8712962962962963 0.5203703703703704 0.8675925925925926 0.5231481481481481 0.8657407407407407 0.5175925925925926 0.8685185185185185 0.5203703703703704 0.8722222222222222 0.5175925925925926 0.875 0.5185185185185185 0.8851851851851852 0.5231481481481481 0.8962962962962963 0.5212962962962963 0.9018518518518519 0.5268518518518519 0.9055555555555556 0.5314814814814814 0.899074074074074 0.5361111111111111 0.9009259259259259 0.5361111111111111 0.8796296296296297 0.5314814814814814 0.8583333333333333 0.5333333333333333 0.8555555555555555 0.5305555555555556 0.8527777777777777 0.5333333333333333 0.8481481481481481 0.5333333333333333 0.8342592592592593 0.5287037037037037 0.8277777777777777 0.5324074074074074 0.8222222222222222 0.5324074074074074 0.8138888888888889 0.5277777777777778 0.8037037037037037 0.5296296296296297 0.7824074074074074 0.525 0.7685185185185185 0.525 0.7305555555555555 0.5157407407407407 0.7092592592592593
5 0.5064814814814815 0.7537037037037037 0.5120370370370371 0.8592592592592593 0.5185185185185185 0.8703703703703703 0.5166666666666667 0.850925925925926 0.5175925925925926 0.8444444444444444 0.5222222222222223 0.8388888888888889 0.5185185185185185 0.8268518518518518 0.5222222222222223 0.8240740740740741 0.5203703703703704 0.8138888888888889 0.5231481481481481 0.8101851851851852 0.5166666666666667 0.8027777777777778 0.5185185185185185 0.799074074074074 0.5138888888888888 0.7722222222222223 0.5157407407407407 0.7675925925925926 0.5101851851851852 0.7537037037037037
5 0.5111111111111111 0.8185185185185185 0.5120370370370371 0.8490740740740741 0.512962962962963 0.8185185185185185
5 0.5009259259259259 0.5685185185185185 0.5009259259259259 0.6027777777777777 0.5064814814814815 0.6157407407407407 0.5027777777777778 0.6259259259259259 0.5092592592592593 0.6472222222222223 0.5074074074074074 0.6509259259259259 0.512962962962963 0.6574074074074074 0.5083333333333333 0.6648148148148149 0.512962962962963 0.6712962962962963 0.512962962962963 0.6787037037037037 0.5101851851851852 0.6814814814814815 0.5138888888888888 0.6916666666666667 0.5138888888888888 0.7148148148148148 0.5111111111111111 0.7166666666666667 0.512962962962963 0.7203703703703703 0.5101851851851852 0.7222222222222222 0.5101851851851852 0.7342592592592593 0.5138888888888888 0.7407407407407407 0.5111111111111111 0.7444444444444445 0.5138888888888888 0.7481481481481481 0.5120370370370371 0.7583333333333333 0.5157407407407407 0.7703703703703704 0.5148148148148148 0.7898148148148149 0.5185185185185185 0.7944444444444444 0.5231481481481481 0.7898148148148149 0.5203703703703704 0.7787037037037037 0.5259259259259259 0.7731481481481481 0.5231481481481481 0.7694444444444445 0.525 0.7648148148148148 0.5212962962962963 0.7583333333333333 0.5222222222222223 0.7527777777777778 0.5166666666666667 0.7481481481481481 0.5194444444444445 0.7435185185185185 0.5166666666666667 0.7435185185185185 0.5138888888888888 0.7379629629629629 0.5138888888888888 0.7231481481481481 0.5185185185185185 0.7240740740740741 0.5212962962962963 0.7212962962962963 0.5175925925925926 0.7138888888888889 0.5203703703703704 0.7064814814814815 0.5175925925925926 0.7 0.5194444444444445 0.6814814814814815 0.5148148148148148 0.675 0.5185185185185185 0.675 0.5185185185185185 0.6527777777777778 0.5175925925925926 0.6407407407407407 0.5138888888888888 0.6351851851851852 0.5157407407407407 0.6268518518518519 0.5101851851851852 0.6157407407407407 0.5148148148148148 0.6101851851851852 0.5111111111111111 0.6027777777777777 0.5120370370370371 0.5842592592592593 0.5074074074074074 0.5787037037037037 0.5083333333333333 0.5731481481481482 0.5037037037037037 0.5685185185185185
5 0.5175925925925926 0.6462962962962963 0.5148148148148148 0.6509259259259259 0.5175925925925926 0.6555555555555556 0.5185185185185185 0.6462962962962963
5 0.5074074074074074 0.5009259259259259 0.5046296296296297 0.5037037037037037 0.5046296296296297 0.5166666666666667 0.5055555555555555 0.5277777777777778 0.5092592592592593 0.5333333333333333 0.5083333333333333 0.5009259259259259
5 0.5185185185185185 0.7981481481481482 0.5148148148148148 0.8037037037037037 0.5148148148148148 0.812962962962963 0.5185185185185185 0.8435185185185186 0.5222222222222223 0.8462962962962963 0.5259259259259259 0.812962962962963 0.5194444444444445 0.799074074074074
5 0.524074074074074 0.9111111111111111 0.5185185185185185 0.9175925925925926 0.5231481481481481 0.9175925925925926 0.5231481481481481 0.9268518518518518 0.5194444444444445 0.9231481481481482 0.5175925925925926 0.9268518518518518 0.5185185185185185 0.9296296296296296 0.5231481481481481 0.9287037037037037 0.5259259259259259 0.9314814814814815 0.5259259259259259 0.9111111111111111
5 0.47685185185185186 0.38333333333333336 0.48055555555555557 0.4083333333333333 0.48148148148148145 0.39814814814814814 0.47685185185185186 0.38425925925925924
5 0.5287037037037037 0.9824074074074074 0.5259259259259259 0.987037037037037 0.5277777777777778 0.9953703703703703 0.5296296296296297 0.9990740740740741 0.5351851851851852 0.9990740740740741 0.5333333333333333 0.9861111111111112 0.5296296296296297 0.9824074074074074
5 0.5277777777777778 0.9074074074074074 0.5222222222222223 0.912962962962963 0.5268518518518519 0.9351851851851852 0.525 0.9462962962962963 0.5277777777777778 0.9953703703703703 0.5287037037037037 0.9990740740740741 0.5416666666666666 0.9990740740740741 0.5444444444444444 0.987037037037037 0.5416666666666666 0.9824074074074074 0.5435185185185185 0.975 0.537962962962963 0.9212962962962963 0.5398148148148149 0.9175925925925926 0.5361111111111111 0.9194444444444444 0.5305555555555556 0.9166666666666666 0.5277777777777778 0.912962962962963 0.5287037037037037 0.9074074074074074
5 0.524074074074074 0.912962962962963 0.5277777777777778 0.9962962962962963 0.5287037037037037 0.9990740740740741 0.5444444444444444 0.9990740740740741 0.5462962962962963 0.9935185185185185 0.5407407407407407 0.9638888888888889 0.5407407407407407 0.9277777777777778 0.5398148148148149 0.924074074074074 0.5314814814814814 0.9259259259259259 0.5259259259259259 0.912962962962963
5 0.45555555555555555 0.013888888888888888 0.45092592592592595 0.028703703703703703 0.4537037037037037 0.03611111111111111 0.45 0.04259259259259259 0.45185185185185184 0.053703703703703705 0.45740740740740743 0.06018518518518518 0.45740740740740743 0.06759259259259259 0.4537037037037037 0.07407407407407407 0.462037037037037 0.11944444444444445 0.46574074074074073 0.16574074074074074 0.4666666666666667 0.17037037037037037 0.47129629629629627 0.1712962962962963 0.4685185185185185 0.17314814814814813 0.4703703703703704 0.19537037037037036 0.475 0.20462962962962963 0.48055555555555557 0.2064814814814815 0.47685185185185186 0.2 0.4787037037037037 0.19537037037037036 0.47314814814814815 0.14351851851851852 0.46944444444444444 0.11203703703703703 0.46574074074074073 0.10648148148148148 0.4675925925925926 0.10185185185185185 0.4638888888888889 0.06944444444444445 0.46111111111111114 0.06759259259259259 0.46296296296296297 0.05648148148148148 0.45925925925925926 0.05092592592592592 0.4564814814814815 0.013888888888888888
