5 0.5486111111111112 0.3175925925925926 0.008333333333333333 0.06666666666666667
5 0.5342592592592592 0.6416666666666667 0.005555555555555556 0.05925925925925926
5 0.5578703703703703 0.5685185185185185 0.008333333333333333 0.09444444444444444
5 0.5652777777777778 0.5990740740740741 0.006481481481481481 0.06851851851851852
5 0.5300925925925926 0.3578703703703704 0.010185185185185186 0.11203703703703703
5 0.5513888888888889 0.41712962962962963 0.006481481481481481 0.023148148148148147
5 0.5356481481481481 0.5060185185185185 0.008333333333333333 0.08425925925925926
5 0.5527777777777778 0.4351851851851852 0.009259259259259259 0.05740740740740741
5 0.5254629629629629 0.5435185185185185 0.010185185185185186 0.10555555555555556
5 0.5185185185185185 0.40694444444444444 0.011111111111111112 0.16574074074074074
5 0.5472222222222223 0.5087962962962963 0.005555555555555556 0.026851851851851852
5 0.5481481481481482 0.2972222222222222 0.005555555555555556 0.027777777777777776
