5 0.5138888888888888 0.2824074074074074 0.5166666666666667 0.2898148148148148 0.5120370370370371 0.337037037037037 0.5148148148148148 0.35648148148148145 0.5194444444444445 0.3490740740740741 0.5166666666666667 0.34074074074074073 0.5222222222222223 0.3351851851851852 0.5222222222222223 0.3296296296296296 0.5166666666666667 0.3101851851851852 0.5203703703703704 0.28888888888888886
5 0.5120370370370371 0.5296296296296297 0.5111111111111111 0.6537037037037037 0.5157407407407407 0.6712962962962963 0.5185185185185185 0.6685185185185185 0.5148148148148148 0.6453703703703704 0.5185185185185185 0.55
5 0.5157407407407407 0.5398148148148149 0.5120370370370371 0.5324074074074074 0.5148148148148148 0.5611111111111111 0.5185185185185185 0.5601851851851852
5 0.5185185185185185 0.6638888888888889 0.5148148148148148 0.6638888888888889 0.5157407407407407 0.6712962962962963 0.5194444444444445 0.6694444444444444
5 0.5185185185185185 0.2861111111111111 0.5120370370370371 0.2777777777777778 0.5120370370370371 0.2861111111111111 0.5166666666666667 0.2861111111111111 0.5185185185185185 0.29444444444444445
5 0.5138888888888888 0.30833333333333335 0.5166666666666667 0.31666666666666665 0.5120370370370371 0.3296296296296296 0.5185185185185185 0.3296296296296296 0.5148148148148148 0.30462962962962964
5 0.5074074074074074 0.8981481481481481 0.5083333333333333 0.9212962962962963 0.5111111111111111 0.9111111111111111
5 0.5138888888888888 0.3314814814814815 0.5120370370370371 0.40370370370370373 0.5157407407407407 0.45555555555555555 0.5175925925925926 0.34814814814814815 0.512962962962963 0.3425925925925926 0.5203703703703704 0.33425925925925926
5 0.5111111111111111 0.7574074074074074 0.5120370370370371 0.7953703703703704 0.5148148148148148 0.7675925925925926
5 0.5083333333333333 0.8296296296296296 0.5083333333333333 0.8962962962962963 0.5111111111111111 0.8833333333333333 0.5083333333333333 0.8546296296296296 0.5120370370370371 0.8416666666666667
