5 0.5111111111111111 0.4305555555555556 0.5074074074074074 0.43425925925925923 0.5092592592592593 0.4388888888888889 0.5064814814814815 0.44351851851851853 0.5092592592592593 0.44537037037037036 0.5074074074074074 0.4564814814814815 0.512962962962963 0.4759259259259259 0.5120370370370371 0.49444444444444446 0.5166666666666667 0.5 0.5148148148148148 0.5157407407407407 0.5083333333333333 0.5157407407407407 0.5018518518518519 0.5046296296296297 0.4981481481481482 0.46574074074074073 0.49444444444444446 0.46296296296296297 0.49444444444444446 0.4888888888888889 0.5009259259259259 0.5138888888888888 0.5083333333333333 0.5953703703703703 0.512962962962963 0.600925925925926 0.5138888888888888 0.6074074074074074 0.5111111111111111 0.612037037037037 0.5138888888888888 0.6222222222222222 0.5120370370370371 0.6268518518518519 0.5203703703703704 0.65 0.5185185185185185 0.6537037037037037 0.5231481481481481 0.6537037037037037 0.525 0.6611111111111111 0.5342592592592592 0.6712962962962963 0.5296296296296297 0.675 0.5259259259259259 0.6666666666666666 0.5212962962962963 0.6712962962962963 0.5277777777777778 0.6898148148148148 0.5324074074074074 0.7462962962962963 0.5361111111111111 0.762962962962963 0.5416666666666666 0.7694444444444445 0.549074074074074 0.7935185185185185 0.5527777777777778 0.7953703703703704 0.5546296296296296 0.7870370370370371 0.5509259259259259 0.7648148148148148 0.5574074074074075 0.7574074074074074 0.5537037037037037 0.7296296296296296 0.5462962962962963 0.7074074074074074 0.5416666666666666 0.7027777777777777 0.537962962962963 0.6851851851851852 0.5416666666666666 0.675 0.537962962962963 0.6712962962962963 0.5407407407407407 0.6694444444444444 0.5425925925925926 0.6574074074074074 0.5472222222222223 0.6648148148148149 0.5472222222222223 0.675 0.5546296296296296 0.6851851851851852 0.5583333333333333 0.6981481481481482 0.562037037037037 0.7231481481481481 0.5685185185185185 0.7407407407407407 0.5694444444444444 0.7564814814814815 0.575925925925926 0.7592592592592593 0.5777777777777777 0.7685185185185185 0.5814814814814815 0.7648148148148148 0.5805555555555556 0.7611111111111111 0.5851851851851851 0.7592592592592593 0.5935185185185186 0.7805555555555556 0.5953703703703703 0.7722222222222223 0.5842592592592593 0.7324074074074074 0.5824074074074074 0.7472222222222222 0.5851851851851851 0.7527777777777778 0.5814814814814815 0.7574074074074074 0.5796296296296296 0.7555555555555555 0.575925925925926 0.7157407407407408 0.5787037037037037 0.7138888888888889 0.5805555555555556 0.7185185185185186 0.5805555555555556 0.7092592592592593 0.5768518518518518 0.7101851851851851 0.5787037037037037 0.7055555555555556 0.5731481481481482 0.6990740740740741 0.5740740740740741 0.6824074074074075 0.5712962962962963 0.6805555555555556 0.5703703703703704 0.6675925925925926 0.5574074074074075 0.6222222222222222 0.5527777777777778 0.6231481481481481 0.549074074074074 0.6203703703703703 0.549074074074074 0.612037037037037 0.5537037037037037 0.6129629629629629 0.5537037037037037 0.5981481481481481 0.5481481481481482 0.5925925925925926 0.549074074074074 0.5879629629629629 0.5416666666666666 0.5768518518518518 0.537962962962963 0.562037037037037 0.5398148148148149 0.5361111111111111 0.5351851851851852 0.5287037037037037 0.5259259259259259 0.47685185185185186 0.512962962962963 0.4305555555555556
5 0.5120370370370371 0.45 0.512962962962963 0.48055555555555557 0.5203703703703704 0.5194444444444445 0.5287037037037037 0.5435185185185185 0.5361111111111111 0.5824074074074074 0.5398148148148149 0.5861111111111111 0.5342592592592592 0.55 0.5361111111111111 0.5462962962962963 0.5333333333333333 0.5444444444444444 0.5296296296296297 0.5185185185185185 0.525 0.5064814814814815 0.5212962962962963 0.4703703703703704 0.5185185185185185 0.4583333333333333 0.512962962962963 0.45092592592592595
5 0.4351851851851852 0.11944444444444445 0.4351851851851852 0.1388888888888889 0.4398148148148148 0.15555555555555556 0.44351851851851853 0.1574074074074074 0.44166666666666665 0.16203703703703703 0.44537037037037036 0.18703703703703703 0.45 0.1925925925925926 0.44814814814814813 0.20925925925925926 0.45092592592592595 0.21851851851851853 0.45740740740740743 0.22777777777777777 0.45925925925925926 0.22870370370370371 0.462037037037037 0.22407407407407406 0.46574074074074073 0.22592592592592592 0.4666666666666667 0.23425925925925925 0.47314814814814815 0.24444444444444444 0.4740740740740741 0.2518518518518518 0.4703703703703704 0.2564814814814815 0.4666666666666667 0.25462962962962965 0.4648148148148148 0.2574074074074074 0.4546296296296296 0.2574074074074074 0.4527777777777778 0.2601851851851852 0.4564814814814815 0.2861111111111111 0.462037037037037 0.2935185185185185 0.46574074074074073 0.29074074074074074 0.4703703703703704 0.2962962962962963 0.4685185185185185 0.30092592592592593 0.47129629629629627 0.3037037037037037 0.46574074074074073 0.31203703703703706 0.47129629629629627 0.3148148148148148 0.4722222222222222 0.31851851851851853 0.4675925925925926 0.32037037037037036 0.4666666666666667 0.31666666666666665 0.4666666666666667 0.33240740740740743 0.4703703703703704 0.33611111111111114 0.46944444444444444 0.33055555555555555 0.47314814814814815 0.3277777777777778 0.475 0.3296296296296296 0.475 0.34074074074074073 0.4777777777777778 0.3453703703703704 0.475 0.35 0.4703703703703704 0.34629629629629627 0.46944444444444444 0.3490740740740741 0.4722222222222222 0.3537037037037037 0.4759259259259259 0.3490740740740741 0.4787037037037037 0.35185185185185186 0.4824074074074074 0.37777777777777777 0.4935185185185185 0.412962962962963 0.49074074074074076 0.425 0.49444444444444446 0.42592592592592593 0.49722222222222223 0.43425925925925923 0.5027777777777778 0.4388888888888889 0.5046296296296297 0.43148148148148147 0.5009259259259259 0.4287037037037037 0.5 0.40925925925925927 0.5027777777777778 0.40555555555555556 0.5083333333333333 0.4083333333333333 0.5083333333333333 0.4 0.4925925925925926 0.3296296296296296 0.49074074074074076 0.3074074074074074 0.4824074074074074 0.2824074074074074 0.4842592592592593 0.27685185185185185 0.47685185185185186 0.23703703703703705 0.47314814814814815 0.23055555555555557 0.46944444444444444 0.1962962962962963 0.462037037037037 0.19537037037037036 0.46574074074074073 0.21944444444444444 0.462037037037037 0.22314814814814815 0.4583333333333333 0.2175925925925926 0.4601851851851852 0.21296296296296297 0.44907407407407407 0.17777777777777778 0.44166666666666665 0.12685185185185185 0.43703703703703706 0.12129629629629629
5 0.5009259259259259 0.5083333333333333 0.5046296296296297 0.5657407407407408 0.5101851851851852 0.5916666666666667 0.5083333333333333 0.5953703703703703 0.512962962962963 0.6064814814814815 0.512962962962963 0.6268518518518519 0.5185185185185185 0.6481481481481481 0.5324074074074074 0.7435185185185185 0.5481481481481482 0.7898148148148149 0.55 0.7935185185185185 0.5537037037037037 0.7935185185185185 0.549074074074074 0.7638888888888888 0.55 0.7601851851851852 0.5546296296296296 0.7592592592592593 0.5518518518518518 0.7305555555555555 0.5444444444444444 0.7055555555555556 0.5388888888888889 0.6990740740740741 0.5351851851851852 0.6768518518518518 0.5305555555555556 0.6712962962962963 0.5361111111111111 0.6675925925925926 0.5351851851851852 0.649074074074074 0.5064814814814815 0.5166666666666667 0.5027777777777778 0.5101851851851852
5 0.4925925925925926 0.3990740740740741 0.49444444444444446 0.4222222222222222 0.5009259259259259 0.4361111111111111 0.49444444444444446 0.3990740740740741
5 0.4740740740740741 0.30277777777777776 0.47314814814814815 0.3175925925925926 0.48333333333333334 0.3768518518518518 0.49166666666666664 0.3972222222222222 0.49537037037037035 0.38981481481481484 0.4898148148148148 0.387037037037037 0.49074074074074076 0.3712962962962963 0.4777777777777778 0.3055555555555556 0.4740740740740741 0.3037037037037037
5 0.4842592592592593 0.36666666666666664 0.4842592592592593 0.37592592592592594 0.48703703703703705 0.3731481481481482 0.49074074074074076 0.37407407407407406 0.4861111111111111 0.36666666666666664
5 0.4666666666666667 0.2675925925925926 0.4666666666666667 0.2824074074074074 0.4722222222222222 0.29907407407407405 0.47314814814814815 0.3194444444444444 0.47962962962962963 0.337037037037037 0.48055555555555557 0.35185185185185186 0.4842592592592593 0.35 0.48148148148148145 0.3277777777777778 0.47314814814814815 0.28425925925925927 0.4666666666666667 0.26851851851851855
5 0.4351851851851852 0.12129629629629629 0.4351851851851852 0.13425925925925927 0.45092592592592595 0.21481481481481482 0.45555555555555555 0.22592592592592592 0.45925925925925926 0.22685185185185186 0.4398148148148148 0.12314814814814815 0.4361111111111111 0.12129629629629629
5 0.48703703703703705 0.3101851851851852 0.4861111111111111 0.31851851851851853 0.48333333333333334 0.32037037037037036 0.48703703703703705 0.32222222222222224 0.48703703703703705 0.3314814814814815 0.4898148148148148 0.3314814814814815 0.48703703703703705 0.31203703703703706
5 0.4666666666666667 0.19537037037037036 0.46574074074074073 0.2111111111111111 0.47962962962962963 0.2722222222222222 0.47962962962962963 0.2824074074074074 0.4842592592592593 0.29259259259259257 0.4842592592592593 0.2814814814814815 0.4675925925925926 0.1962962962962963
5 0.4388888888888889 0.19814814814814816 0.4388888888888889 0.21203703703703702 0.44166666666666665 0.21388888888888888 0.4425925925925926 0.22685185185185186 0.45925925925925926 0.29444444444444445 0.47962962962962963 0.4212962962962963 0.48703703703703705 0.44814814814814813 0.475 0.3537037037037037 0.4703703703703704 0.325 0.4648148148148148 0.30925925925925923 0.46296296296296297 0.2861111111111111 0.4583333333333333 0.2824074074074074 0.4527777777777778 0.24722222222222223 0.4388888888888889 0.20185185185185187
