5 0.45925925925925926 0.08981481481481482 0.4601851851851852 0.24814814814814815 0.4666666666666667 0.27037037037037037 0.47685185185185186 0.2740740740740741 0.47685185185185186 0.22870370370370371 0.4675925925925926 0.13518518518518519 0.4675925925925926 0.10092592592592593 0.4648148148148148 0.09074074074074075
5 0.46296296296296297 0.3074074074074074 0.4638888888888889 0.40370370370370373 0.4648148148148148 0.41388888888888886 0.4675925925925926 0.4148148148148148 0.46944444444444444 0.3333333333333333 0.4666666666666667 0.2935185185185185
5 0.4759259259259259 0.27685185185185185 0.4703703703703704 0.27685185185185185 0.47314814814814815 0.30925925925925923 0.4703703703703704 0.3277777777777778 0.47314814814814815 0.3435185185185185 0.47129629629629627 0.37407407407407406 0.4777777777777778 0.3814814814814815 0.48148148148148145 0.35185185185185186
5 0.4740740740740741 0.4287037037037037 0.47314814814814815 0.4722222222222222 0.47685185185185186 0.4888888888888889 0.47685185185185186 0.42407407407407405
5 0.47314814814814815 0.3851851851851852 0.4722222222222222 0.41574074074074074 0.47685185185185186 0.43148148148148147 0.47962962962962963 0.4287037037037037 0.48055555555555557 0.3851851851851852 0.47685185185185186 0.3824074074074074
5 0.4638888888888889 0.47685185185185186 0.46296296296296297 0.49907407407407406 0.47314814814814815 0.5703703703703704 0.4740740740740741 0.6657407407407407 0.47685185185185186 0.6833333333333333 0.4842592592592593 0.687962962962963 0.4888888888888889 0.7129629629629629 0.4898148148148148 0.7472222222222222 0.48333333333333334 0.762962962962963 0.48333333333333334 0.775 0.487962962962963 0.787962962962963 0.49074074074074076 0.8972222222222223 0.49444444444444446 0.9101851851851852 0.49074074074074076 0.9527777777777777 0.49722222222222223 0.975925925925926 0.4935185185185185 0.9990740740740741 0.5083333333333333 0.9990740740740741 0.512962962962963 0.9935185185185185 0.5101851851851852 0.9907407407407407 0.5120370370370371 0.9657407407407408 0.5055555555555555 0.7861111111111111 0.5027777777777778 0.7444444444444445 0.49537037037037035 0.7293518518518519 0.49537037037037035 0.6481481481481481 0.4981481481481482 0.6444444444444445 0.49444444444444446 0.6027777777777777 0.49537037037037035 0.5509259259259259 0.4888888888888889 0.5148148148148148 0.4787037037037037 0.49907407407407406 0.4787037037037037 0.47962962962962963
5 0.46296296296296297 0.4759259259259259 0.4685185185185185 0.5444444444444444 0.4740740740740741 0.5509259259259259 0.47685185185185186 0.5351851851851852 0.47314814814814815 0.5175925925925926 0.47962962962962963 0.5055555555555555 0.47685185185185186 0.48518518518518516 0.4740740740740741 0.4787037037037037
5 0.4787037037037037 0.5092592592592593 0.4787037037037037 0.5444444444444444 0.4888888888888889 0.5611111111111111 0.487962962962963 0.6083333333333333 0.49074074074074076 0.6129629629629629 0.4842592592592593 0.6194444444444445 0.4935185185185185 0.6287037037037037 0.49074074074074076 0.637962962962963 0.49537037037037035 0.6425925925925926 0.4981481481481482 0.6407407407407407 0.49444444444444446 0.6027777777777777 0.49537037037037035 0.5537037037037037 0.48703703703703705 0.5111111111111111 0.48333333333333334 0.5074074074074074
5 0.47314814814814815 0.5805555555555556 0.4740740740740741 0.6657407407407407 0.4787037037037037 0.6851851851851852 0.48518518518518516 0.6861111111111111 0.48055555555555557 0.6 0.47685185185185186 0.5787037037037037
5 0.4740740740740741 0.3148148148148148 0.46296296296296297 0.32592592592592595 0.46296296296296297 0.362962962962963 0.48333333333333334 0.33425925925925926 0.47685185185185186 0.3138888888888889
5 0.49166666666666664 0.7537037037037037 0.49166666666666664 0.9518518518518518 0.4962962962962963 0.9671296296296297 0.4925925925925926 0.9972222222222222 0.5083333333333333 0.9990740740740741 0.5120370370370371 0.9925925925925926 0.5018518518518519 0.7462962962962963
5 0.4601851851851852 0.08981481481481482 0.4601851851851852 0.1574074074074074 0.462037037037037 0.1685185185185185 0.4703703703703704 0.18333333333333332 0.4666666666666667 0.10185185185185185 0.4648148148148148 0.09166666666666666
5 0.4740740740740741 0.4166666666666667 0.4740740740740741 0.4222222222222222 0.4777777777777778 0.4185185185185185
5 0.48333333333333334 0.37407407407407406 0.48333333333333334 0.42685185185185187 0.48703703703703705 0.45555555555555555 0.487962962962963 0.38425925925925924
5 0.4759259259259259 0.3888888888888889 0.4740740740740741 0.39351851851851855 0.47962962962962963 0.3907407407407407
5 0.48333333333333334 0.45925925925925926 0.48148148148148145 0.4703703703703704 0.48518518518518516 0.4842592592592593
