5 0.4981481481481482 0.31296296296296294 0.5046296296296297 0.3768518518518518 0.5092592592592593 0.3814814814814815 0.5120370370370371 0.3907407407407407 0.512962962962963 0.38333333333333336 0.5074074074074074 0.3768518518518518 0.5092592592592593 0.37222222222222223 0.5064814814814815 0.36666666666666664 0.5046296296296297 0.3277777777777778 0.5009259259259259 0.31296296296296294
5 0.5259259259259259 0.3296296296296296 0.5287037037037037 0.38425925925925924 0.5324074074074074 0.39814814814814814 0.5324074074074074 0.3638888888888889 0.5277777777777778 0.3314814814814815
5 0.5185185185185185 0.32407407407407407 0.5166666666666667 0.33796296296296297 0.5212962962962963 0.39351851851851855 0.525 0.39444444444444443 0.5185185185185185 0.3287037037037037
5 0.5046296296296297 0.34444444444444444 0.5083333333333333 0.3814814814814815 0.5120370370370371 0.3907407407407407 0.5138888888888888 0.3851851851851852 0.5083333333333333 0.34444444444444444
5 0.5083333333333333 0.4041666666666667 0.5083333333333333 0.3990740740740741 0.5083333333333333 0.4212962962962963 0.5111111111111111 0.4185185185185185 0.5083333333333333 0.40925925925925927
5 0.5388888888888889 0.4305555555555556 0.5333333333333333 0.4351851851851852 0.5388888888888889 0.4888888888888889 0.5398148148148149 0.43148148148148147
5 0.5083333333333333 0.36203703703703705 0.5111111111111111 0.3907407407407407 0.5138888888888888 0.38796296296296295 0.512962962962963 0.36944444444444446 0.5092592592592593 0.36574074074074076 0.5120370370370371 0.36203703703703705
5 0.5018518518518519 0.28888888888888886 0.5037037037037037 0.33425925925925926 0.5064814814814815 0.34444444444444444 0.5046296296296297 0.3490740740740741 0.5083333333333333 0.34629629629629627 0.5083333333333333 0.33611111111111114 0.5027777777777778 0.2898148148148148
5 0.5398148148148149 0.562037037037037 0.5462962962962963 0.6296296296296297 0.549074074074074 0.6398148148148148 0.5527777777777778 0.6416666666666667 0.5537037037037037 0.6259259259259259 0.5425925925925926 0.5657407407407408 0.5398148148148149 0.5638888888888889
5 0.5361111111111111 0.5064814814814815 0.5342592592592592 0.5120370370370371 0.5398148148148149 0.5648148148148148 0.5398148148148149 0.5425925925925926 0.5361111111111111 0.5361111111111111 0.5388888888888889 0.5342592592592592 0.5370370370370371 0.5064814814814815
5 0.5462962962962963 0.6953703703703704 0.549074074074074 0.7203703703703703 0.5537037037037037 0.7231481481481481 0.5537037037037037 0.7111111111111111 0.549074074074074 0.6981481481481482
