5 0.5194444444444445 0 0.5 0 0.5046296296296297 0.4324074074074074 0.5092592592592593 0.5398148148148149 0.5046296296296297 0.6601851851851852 0.5074074074074074 0.7833333333333333 0.5185185185185185 0.775 0.5138888888888888 0.7574074074074074 0.5203703703703704 0.7444444444444445 0.5333333333333333 0.6055555555555555 0.5324074074074074 0.5574074074074075 0.5351851851851852 0.5537037037037037 0.5305555555555556 0.5064814814814815 0.5342592592592592 0.4703703703703704 0.5296296296296297 0.40574074074074074 0.5287037037037037 0.13703703703703704
5 0.5083333333333333 0.05277777777777778 0.5027777777777778 0.05648148148148148 0.5046296296296297 0.06018518518518518 0.5018518518518519 0.06759259259259259 0.5148148148148148 0.075 0.512962962962963 0.07037037037037037 0.5166666666666667 0.06666666666666667 0.5083333333333333 0.06111111111111111 0.5083333333333333 0.05462962962962963
5 0.5185185185185185 0.11944444444444445 0.5111111111111111 0.1259259259259259 0.5138888888888888 0.12777777777777777 0.5111111111111111 0.13333333333333333 0.5138888888888888 0.14351851851851852 0.5101851851851852 0.15 0.5120370370370371 0.1527777777777778 0.5166666666666667 0.15092592592592594 0.5138888888888888 0.14722222222222223 0.5185185185185185 0.14074074074074075 0.5166666666666667 0.12962962962962962 0.5222222222222223 0.12314814814814815 0.5185185185185185 0.12037037037037036
5 0.5018518518518519 0 0.5027777777777778 0.009259259259259259 0.5064814814814815 0.011111111111111112 0.5046296296296297 0.013888888888888888 0.5018518518518519 0.012962962962962963 0.5018518518518519 0.03981481481481482 0.5074074074074074 0.04259259259259259 0.5083333333333333 0.046296296296296294 0.512962962962963 0.041666666666666664 0.5138888888888888 0.027777777777777776 0.5185185185185185 0.022222222222222223 0.5148148148148148 0.025 0.5120370370370371 0.018518518518518517 0.5138888888888888 0.014814814814814815 0.5018518518518519 0.006481481481481481 0.5055555555555555 0
5 0.5074074074074074 0.08055555555555556 0.5018518518518519 0.08518518518518518 0.5046296296296297 0.1 0.5101851851851852 0.10555555555555556 0.5064814814814815 0.10740740740740741 0.5046296296296297 0.10462962962962963 0.5046296296296297 0.11481481481481481 0.5055555555555555 0.1111111111111111 0.5092592592592593 0.11018518518518519 0.5157407407407407 0.11666666666666667 0.512962962962963 0.1111111111111111 0.5194444444444445 0.10555555555555556 0.5166666666666667 0.10277777777777777 0.5185185185185185 0.09907407407407408 0.5231481481481481 0.10185185185185185 0.5194444444444445 0.09907407407407408 0.5231481481481481 0.09537037037037037 0.5185185185185185 0.09351851851851851 0.5157407407407407 0.08055555555555556 0.5101851851851852 0.08055555555555556
5 0.5120370370370371 0.16018518518518518 0.5092592592592593 0.1712962962962963 0.5092592592592593 0.24537037037037038 0.5046296296296297 0.25462962962962965 0.5092592592592593 0.25833333333333336 0.5055555555555555 0.26481481481481484 0.5074074074074074 0.27685185185185185 0.5157407407407407 0.2796296296296296 0.5157407407407407 0.275 0.5194444444444445 0.2722222222222222 0.5166666666666667 0.26851851851851855 0.5212962962962963 0.262037037037037 0.5175925925925926 0.25277777777777777 0.5222222222222223 0.24814814814814815 0.5194444444444445 0.24444444444444444 0.524074074074074 0.23981481481481481 0.5175925925925926 0.23425925925925925 0.5212962962962963 0.22685185185185186 0.5194444444444445 0.22407407407407406 0.5222222222222223 0.22037037037037038 0.5203703703703704 0.21574074074074073 0.5231481481481481 0.2064814814814815 0.5194444444444445 0.20277777777777778 0.5222222222222223 0.19814814814814816 0.5185185185185185 0.1925925925925926 0.5185185185185185 0.1814814814814815 0.5138888888888888 0.175 0.5166666666666667 0.16944444444444445 0.5120370370370371 0.1638888888888889
5 0.5074074074074074 0.31666666666666665 0.5046296296296297 0.32037037037037036 0.5046296296296297 0.3972222222222222 0.5111111111111111 0.4111111111111111 0.5166666666666667 0.40925925925925927 0.5194444444444445 0.412962962962963 0.5157407407407407 0.41944444444444445 0.5138888888888888 0.4166666666666667 0.5092592592592593 0.4185185185185185 0.5101851851851852 0.425 0.5148148148148148 0.42777777777777776 0.5055555555555555 0.43148148148148147 0.5064814814814815 0.49166666666666664 0.5120370370370371 0.5259259259259259 0.5092592592592593 0.5277777777777778 0.5083333333333333 0.5462962962962963 0.5111111111111111 0.5805555555555556 0.5083333333333333 0.5833333333333334 0.5046296296296297 0.675 0.5092592592592593 0.6814814814814815 0.5046296296296297 0.7092592592592593 0.5074074074074074 0.737037037037037 0.5046296296296297 0.7861111111111111 0.5120370370370371 0.7935185185185185 0.512962962962963 0.7546296296296297 0.5194444444444445 0.7444444444444445 0.5138888888888888 0.7435185185185185 0.5148148148148148 0.7333333333333333 0.5120370370370371 0.7268518518518519 0.5157407407407407 0.7194444444444444 0.512962962962963 0.7138888888888889 0.512962962962963 0.687037037037037 0.5157407407407407 0.6814814814814815 0.5231481481481481 0.6796296296296296 0.5259259259259259 0.6759259259259259 0.5231481481481481 0.6694444444444444 0.5194444444444445 0.674074074074074 0.5157407407407407 0.6712962962962963 0.5212962962962963 0.6666666666666666 0.5259259259259259 0.6675925925925926 0.5277777777777778 0.6314814814814815 0.525 0.6296296296296297 0.5277777777777778 0.6277777777777778 0.5268518518518519 0.6138888888888889 0.5324074074074074 0.6064814814814815 0.5296296296296297 0.600925925925926 0.5324074074074074 0.5990740740740741 0.5333333333333333 0.5916666666666667 0.5296296296296297 0.5888888888888889 0.5324074074074074 0.5851851851851851 0.5296296296296297 0.5814814814814815 0.5314814814814814 0.5703703703703704 0.5268518518518519 0.5666666666666667 0.525 0.5601851851851852 0.5296296296296297 0.5537037037037037 0.5277777777777778 0.5074074074074074 0.5305555555555556 0.45925925925925926 0.5287037037037037 0.43148148148148147 0.5259259259259259 0.4287037037037037 0.5287037037037037 0.4222222222222222 0.5287037037037037 0.37777777777777777 0.524074074074074 0.3731481481481482 0.525 0.35555555555555557 0.5203703703703704 0.3194444444444444 0.5111111111111111 0.31666666666666665
5 0.5277777777777778 0 0.5 0 0.5046296296296297 0.44537037037037036 0.5083333333333333 0.5138888888888888 0.5046296296296297 0.6694444444444444 0.5064814814814815 0.7972222222222223 0.5092592592592593 0.7953703703703704 0.5148148148148148 0.775 0.5138888888888888 0.7555555555555555 0.5175925925925926 0.7305555555555555 0.5138888888888888 0.7231481481481481 0.5185185185185185 0.7175925925925926 0.5203703703703704 0.7018518518518518 0.5259259259259259 0.6962962962962963 0.5231481481481481 0.6935185185185185 0.5231481481481481 0.6842592592592592 0.5333333333333333 0.6212962962962963 0.5370370370370371 0.5703703703703704 0.5361111111111111 0.41388888888888886 0.5305555555555556 0.21296296296296297 0.5333333333333333 0.11944444444444445 0.5324074074074074 0
5 0.5212962962962963 0.8314814814814815 0.5194444444444445 0.8425925925925926 0.5259259259259259 0.8472222222222222 0.5277777777777778 0.8342592592592593
5 0.5074074074074074 0.8287037037037037 0.5083333333333333 0.8574074074074074 0.5148148148148148 0.8527777777777777 0.5148148148148148 0.837037037037037 0.5083333333333333 0.8222222222222222
