5 0.5337962962962963 0.2652777777777778 0.006481481481481481 0.05277777777777778
5 0.524537037037037 0.33055555555555555 0.008333333333333333 0.05185185185185185
5 0.5324074074074074 0.4824074074074074 0.005555555555555556 0.05185185185185185
5 0.5203703703703704 0.40324074074074073 0.014814814814814815 0.07314814814814814
5 0.5611111111111111 0.462037037037037 0.007407407407407408 0.06296296296296296
5 0.5458333333333333 0.7930555555555555 0.004629629629629629 0.030555555555555555
5 0.5310185185185186 0.7060185185185185 0.008333333333333333 0.07314814814814814
5 0.5226851851851851 0.5879629629629629 0.006481481481481481 0.040740740740740744
5 0.5444444444444444 0.7481481481481481 0.009259259259259259 0.040740740740740744
5 0.55 0.3824074074074074 0.007407407407407408 0.05
5 0.5722222222222222 0.5356481481481481 0.003703703703703704 0.03611111111111111
5 0.5324074074074074 0.5930555555555556 0.005555555555555556 0.041666666666666664
5 0.5412037037037037 0.6546296296296297 0.008333333333333333 0.06111111111111111
5 0.5453703703703704 0.27685185185185185 0.5453703703703704 0.31296296296296294 0.549074074074074 0.32222222222222224 0.55 0.2962962962962963
