5 0.5055555555555555 0.2 0.014814814814814815 0.13333333333333333
5 0.4888888888888889 0.30462962962962964 0.009259259259259259 0.05925925925925926
5 0.524537037037037 0.4810185185185185 0.03425925925925926 0.3194444444444444
5 0.5143518518518518 0.5324074074074074 0.006481481481481481 0.03518518518518519
5 0.4888888888888889 0.4912037037037037 0.009259259259259259 0.08796296296296297
5 0.5032407407407408 0.5282407407407408 0.004629629629629629 0.03796296296296296
5 0.5097222222222222 0.5967592592592592 0.004629629629629629 0.032407407407407406
5 0.5152777777777777 0.5777777777777777 0.004629629629629629 0.03333333333333333
5 0.46944444444444444 0.19212962962962962 0.025925925925925925 0.36944444444444446
5 0.5231481481481481 0.6296296296296297 0.003703703703703704 0.03333333333333333
5 0.49907407407407406 0.4101851851851852 0.003703703703703704 0.014814814814814815
