5 0.6166666666666667 0.7189814814814814 0.020370370370370372 0.08425925925925926
5 0.5699074074074074 0.5078703703703704 0.010185185185185186 0.028703703703703703
5 0.5509259259259259 0.4708333333333333 0.011111111111111112 0.030555555555555555
5 0.6101851851851852 0.7601851851851852 0.009259259259259259 0.04259259259259259
5 0.5842592592592593 0.6129629629629629 0.007407407407407408 0.03333333333333333
5 0.5592592592592592 0.5412037037037037 0.011111111111111112 0.04537037037037037
5 0.5847222222222223 0.6439814814814815 0.021296296296296296 0.08611111111111111
5 0.4962962962962963 0.31203703703703706 0.49722222222222223 0.3277777777777778 0.5074074074074074 0.3648148148148148 0.5388888888888889 0.4601851851851852 0.55 0.48518518518518516 0.5537037037037037 0.48703703703703705 0.5564814814814815 0.48333333333333334 0.5537037037037037 0.4583333333333333
5 0.48703703703703705 0.28055555555555556 0.4842592592592593 0.27685185185185185 0.4842592592592593 0.2851851851851852 0.49444444444444446 0.3074074074074074
5 0.48703703703703705 0.2490740740740741 0.49444444444444446 0.2833333333333333 0.5055555555555555 0.3074074074074074
