5 0.49074074074074076 0.1675925925925926 0.4861111111111111 0.16944444444444445 0.4861111111111111 0.17777777777777778 0.49074074074074076 0.22037037037037038 0.4962962962962963 0.24444444444444444 0.4981481481481482 0.275 0.5018518518518519 0.2833333333333333 0.4981481481481482 0.2611111111111111 0.5018518518518519 0.24166666666666667 0.5009259259259259 0.21574074074074073 0.4981481481481482 0.19537037037037036 0.49444444444444446 0.19814814814814816 0.49166666666666664 0.1925925925925926 0.49074074074074076 0.18518518518518517 0.49444444444444446 0.17777777777777778 0.49074074074074076 0.1712962962962963
5 0.49722222222222223 0.1787037037037037 0.5055555555555555 0.2601851851851852 0.5074074074074074 0.24074074074074073 0.4981481481481482 0.17962962962962964
5 0.4685185185185185 0 0.462037037037037 0.001851851851851852 0.47129629629629627 0.011111111111111112 0.4824074074074074 0.10648148148148148 0.48518518518518516 0.10833333333333334 0.48703703703703705 0.11851851851851852 0.49074074074074076 0.11944444444444445 0.4861111111111111 0.09259259259259259 0.48703703703703705 0.05185185185185185 0.48148148148148145 0.04259259259259259 0.475 0
5 0.48055555555555557 0.12129629629629629 0.4842592592592593 0.16574074074074074 0.4842592592592593 0.13148148148148148 0.48148148148148145 0.12129629629629629
5 0.5074074074074074 0.16296296296296298 0.5046296296296297 0.1648148148148148 0.5074074074074074 0.19444444444444445 0.512962962962963 0.23796296296296296 0.5185185185185185 0.2537037037037037 0.5185185185185185 0.2361111111111111 0.5083333333333333 0.1638888888888889
5 0.46620370370370373 0 0.4601851851851852 0 0.4601851851851852 0.005555555555555556 0.4666666666666667 0.021296296296296296 0.4703703703703704 0.05648148148148148 0.4722222222222222 0.028703703703703703 0.4685185185185185 0.025925925925925925 0.4675925925925926 0.012037037037037037 0.4722222222222222 0.008333333333333333 0.4685185185185185 0.004629629629629629 0.4722222222222222 0
5 0.5361111111111111 0.4444444444444444 0.5351851851851852 0.46296296296296297 0.5398148148148149 0.48148148148148145 0.5425925925925926 0.47685185185185186 0.537962962962963 0.4462962962962963
5 0.549074074074074 0.7472222222222222 0.5462962962962963 0.75 0.549074074074074 0.850925925925926 0.5509259259259259 0.8694444444444445 0.5546296296296296 0.8722222222222222 0.5546296296296296 0.8833333333333333 0.5611111111111111 0.9018518518518519 0.5638888888888889 0.9 0.5611111111111111 0.8694444444444445 0.5583333333333333 0.8666666666666667 0.5601851851851852 0.8148148148148148 0.55 0.7472222222222222
5 0.5740740740740741 0.7027777777777777 0.5712962962962963 0.7064814814814815 0.5740740740740741 0.7101851851851851 0.5740740740740741 0.7203703703703703 0.5787037037037037 0.7231481481481481 0.5796296296296296 0.7305555555555555 0.5777777777777777 0.75 0.5824074074074074 0.7546296296296297 0.5814814814814815 0.7666666666666667 0.5861111111111111 0.774074074074074 0.5851851851851851 0.7972222222222223 0.5888888888888889 0.8037037037037037 0.5851851851851851 0.8101851851851852 0.5888888888888889 0.8092592592592592 0.587037037037037 0.8148148148148148 0.5907407407407408 0.8277777777777777 0.5953703703703703 0.8296296296296296 0.5981481481481481 0.8092592592592592 0.5879629629629629 0.7416666666666667 0.5814814814814815 0.7083333333333334 0.5777777777777777 0.7101851851851851 0.5740740740740741 0.7037037037037037
5 0.5425925925925926 0.6638888888888889 0.5462962962962963 0.737037037037037 0.5537037037037037 0.7379629629629629 0.5435185185185185 0.6648148148148149
5 0.5703703703703704 0.6990740740740741 0.5768518518518518 0.7555555555555555 0.5814814814814815 0.774074074074074 0.5851851851851851 0.8305555555555556 0.5879629629629629 0.85 0.5916666666666667 0.8546296296296296 0.5898148148148148 0.8342592592592593 0.5953703703703703 0.8324074074074074 0.5962962962962963 0.825 0.5953703703703703 0.7861111111111111 0.5907407407407408 0.7712962962962963 0.5814814814814815 0.7083333333333334 0.5805555555555556 0.7064814814814815 0.5777777777777777 0.7092592592592593 0.5712962962962963 0.6990740740740741
