5 0.4981481481481482 0.31296296296296294 0.4981481481481482 0.3490740740740741 0.5027777777777778 0.3712962962962963 0.5046296296296297 0.41759259259259257 0.5148148148148148 0.4777777777777778 0.5231481481481481 0.5064814814814815 0.5222222222222223 0.5120370370370371 0.5287037037037037 0.524074074074074 0.5166666666666667 0.4527777777777778 0.5194444444444445 0.4444444444444444 0.512962962962963 0.4083333333333333 0.5083333333333333 0.3453703703703704 0.5018518518518519 0.33796296296296297 0.4981481481481482 0.31851851851851853
5 0.49444444444444446 0.275 0.49444444444444446 0.29814814814814816 0.4981481481481482 0.30925925925925923 0.5009259259259259 0.30648148148148147 0.5009259259259259 0.29444444444444445 0.49537037037037035 0.2759259259259259
5 0.5361111111111111 0.4009259259259259 0.5361111111111111 0.4212962962962963 0.5314814814814814 0.42592592592592593 0.5314814814814814 0.4305555555555556 0.5324074074074074 0.4388888888888889 0.5370370370370371 0.4388888888888889 0.5416666666666666 0.46944444444444444 0.5407407407407407 0.4842592592592593 0.537962962962963 0.48703703703703705 0.5398148148148149 0.4898148148148148 0.55 0.48333333333333334 0.5527777777777778 0.4722222222222222 0.5388888888888889 0.4009259259259259
5 0.5296296296296297 0.42314814814814816 0.5296296296296297 0.45092592592592595 0.5342592592592592 0.4638888888888889 0.5351851851851852 0.48333333333333334 0.5398148148148149 0.49074074074074076 0.5444444444444444 0.4824074074074074 0.5333333333333333 0.42314814814814816
5 0.5212962962962963 0.4185185185185185 0.5203703703703704 0.42962962962962964 0.5231481481481481 0.44907407407407407 0.5259259259259259 0.45185185185185184 0.5277777777777778 0.4388888888888889 0.5222222222222223 0.4185185185185185
5 0.5222222222222223 0.32222222222222224 0.5222222222222223 0.34444444444444444 0.5296296296296297 0.3638888888888889 0.5222222222222223 0.32314814814814813
5 0.5638888888888889 0.5444444444444444 0.562037037037037 0.5537037037037037 0.5666666666666667 0.5861111111111111 0.5712962962962963 0.5944444444444444 0.5638888888888889 0.5453703703703704
5 0.5712962962962963 0.6046296296296296 0.5777777777777777 0.6527777777777778 0.5814814814814815 0.6574074074074074 0.575 0.6074074074074074 0.5722222222222222 0.6055555555555555
5 0.5287037037037037 0.5324074074074074 0.5287037037037037 0.5675925925925925 0.5342592592592592 0.5722222222222222 0.5324074074074074 0.5398148148148149 0.5287037037037037 0.5342592592592592
5 0.5314814814814814 0.5824074074074074 0.5305555555555556 0.5981481481481481 0.5370370370370371 0.6046296296296296 0.5361111111111111 0.5907407407407408 0.5324074074074074 0.5824074074074074
5 0.5388888888888889 0.6324074074074074 0.5361111111111111 0.6388888888888888 0.5425925925925926 0.687962962962963 0.5462962962962963 0.7083333333333334 0.55 0.7083333333333334 0.5398148148148149 0.6333333333333333
