5 0.5486111111111112 0.9435185185185185 0.008333333333333333 0.040740740740740744
5 0.5365740740740741 0.24166666666666667 0.017592592592592594 0.18888888888888888
5 0.5439814814814815 0.5481481481481482 0.010185185185185186 0.05925925925925926
5 0.5226851851851851 0.7375 0.021296296296296296 0.1787037037037037
5 0.5351851851851852 0.7328703703703704 0.005555555555555556 0.032407407407407406
5 0.5564814814814815 0.7606481481481482 0.03333333333333333 0.475
5 0.5111111111111111 0.3347222222222222 0.018518518518518517 0.24166666666666667
5 0.5120370370370371 0.5273148148148148 0.007407407407407408 0.10277777777777777
5 0.5115740740740741 0.5023148148148148 0.006481481481481481 0.05462962962962963
5 0.5106481481481482 0.3 0.01574074074074074 0.17222222222222222
5 0.5277777777777778 0.1527777777777778 0.5259259259259259 0.17592592592592593 0.5324074074074074 0.3768518518518518 0.5351851851851852 0.3814814814814815 0.537962962962963 0.5287037037037037 0.5425925925925926 0.5694444444444444 0.5416666666666666 0.6342592592592593 0.5592592592592592 0.9037037037037037 0.5638888888888889 0.9527777777777777 0.5703703703703704 0.9796296296296296 0.5601851851851852 0.850925925925926 0.549074074074074 0.4842592592592593 0.5407407407407407 0.3611111111111111 0.5462962962962963 0.23055555555555557 0.5398148148148149 0.1527777777777778 0.5296296296296297 0.14537037037037037
