5 0.5365740740740741 0.46111111111111114 0.025 0.17222222222222222
5 0.5625 0.625462962962963 0.019444444444444445 0.11388888888888889
5 0.5356481481481481 0.6851851851851852 0.010185185185185186 0.04259259259259259
5 0.5032407407407408 0.2175925925925926 0.019444444444444445 0.10555555555555556
5 0.513425925925926 0.5222222222222223 0.023148148148148147 0.17222222222222222
5 0.537962962962963 0.7472222222222222 0.009259259259259259 0.05555555555555555
5 0.4675925925925926 0.13518518518518519 0.011111111111111112 0.027777777777777776
5 0.5643518518518519 0.700925925925926 0.006481481481481481 0.02962962962962963
5 0.49675925925925923 0.31574074074074077 0.01574074074074074 0.12222222222222222
5 0.48518518518518516 0.1912037037037037 0.024074074074074074 0.13240740740740742
