5 0.5138888888888888 0.8027777777777778 0.003703703703703704 0.037037037037037035
5 0.4791666666666667 0.6300925925925925 0.004629629629629629 0.04351851851851852
5 0.5041666666666667 0.4550925925925926 0.006481481481481481 0.12314814814814815
5 0.49166666666666664 0.5412037037037037 0.003703703703703704 0.023148148148148147
5 0.48009259259259257 0.5925925925925926 0.002777777777777778 0.024074074074074074
5 0.5268518518518519 0.6763888888888889 0.003703703703703704 0.03981481481481482
5 0.5314814814814814 0.7194444444444444 0.003703703703703704 0.037037037037037035
5 0.49074074074074076 0.35138888888888886 0.003703703703703704 0.06018518518518518
5 0.5083333333333333 0.6393518518518518 0.005555555555555556 0.06759259259259259
5 0.49537037037037035 0.3365740740740741 0.003703703703703704 0.09166666666666666
5 0.5138888888888888 0.48564814814814816 0.007407407407407408 0.09166666666666666
5 0.5162037037037037 0.5601851851851852 0.004629629629629629 0.05740740740740741
5 0.5162037037037037 0.513425925925926 0.006481481481481481 0.14907407407407408
