5 0.4777777777777778 0.30277777777777776 0.005555555555555556 0.040740740740740744
5 0.5439814814814815 0.7282407407407407 0.010185185185185186 0.08055555555555556
5 0.4935185185185185 0.600925925925926 0.007407407407407408 0.040740740740740744
5 0.48703703703703705 0.47685185185185186 0.011111111111111112 0.07962962962962963
5 0.5412037037037037 0.6421296296296296 0.013888888888888888 0.0824074074074074
5 0.4949074074074074 0.6671296296296296 0.010185185185185186 0.06574074074074074
5 0.5125 0.7023148148148148 0.006481481481481481 0.04537037037037037
5 0.5314814814814814 0.625 0.005555555555555556 0.04814814814814815
5 0.525 0.4828703703703704 0.037037037037037035 0.21574074074074073
5 0.49583333333333335 0.4675925925925926 0.017592592592592594 0.12222222222222222
