5 0.48194444444444445 0.9425925925925925 0.008333333333333333 0.1111111111111111
5 0.5050925925925925 0.4300925925925926 0.006481481481481481 0.030555555555555555
5 0.500462962962963 0.36157407407407405 0.008333333333333333 0.08055555555555556
5 0.45555555555555555 0.3398148148148148 0.009259259259259259 0.11296296296296296
5 0.4888888888888889 0.7611111111111111 0.005555555555555556 0.09444444444444444
5 0.46296296296296297 0.3333333333333333 0.005555555555555556 0.08518518518518518
5 0.4708333333333333 0.6990740740740741 0.019444444444444445 0.5925925925925926
5 0.49907407407407406 0.5083333333333333 0.49907407407407406 0.5203703703703704 0.49444444444444446 0.5259259259259259 0.49444444444444446 0.6268518518518519 0.5 0.6703703703703704 0.5018518518518519 0.675 0.5055555555555555 0.675 0.5120370370370371 0.6675925925925926 0.5138888888888888 0.6527777777777778 0.5120370370370371 0.612037037037037 0.5074074074074074 0.6064814814814815 0.5083333333333333 0.5259259259259259 0.5027777777777778 0.5222222222222223 0.5009259259259259 0.5037037037037037
5 0.4962962962962963 0.8101851851851852 0.4981481481481482 0.8416666666666667 0.49907407407407406 0.8101851851851852
5 0.5101851851851852 0.7722222222222223 0.5092592592592593 0.7907407407407407 0.5120370370370371 0.7953703703703704 0.5148148148148148 0.7759259259259259 0.5120370370370371 0.7694444444444445
5 0.5083333333333333 0.6425925925925926 0.5074074074074074 0.7342592592592593 0.5120370370370371 0.7675925925925926 0.5148148148148148 0.6777777777777778 0.5120370370370371 0.6453703703703704
5 0.5009259259259259 0.6990740740740741 0.5 0.7592592592592593 0.5046296296296297 0.7638888888888888 0.5046296296296297 0.6805555555555556
5 0.4981481481481482 0.6546296296296297 0.5009259259259259 0.6722222222222223 0.5046296296296297 0.6731481481481482 0.5046296296296297 0.6444444444444445
5 0.49722222222222223 0.6185185185185185 0.49444444444444446 0.6370370370370371 0.5046296296296297 0.6425925925925926 0.5055555555555555 0.6194444444444445
5 0.49444444444444446 0.5259259259259259 0.4962962962962963 0.6129629629629629 0.5037037037037037 0.6148148148148148 0.5064814814814815 0.5990740740740741 0.5055555555555555 0.5268518518518519 0.5009259259259259 0.49722222222222223 0.5 0.5175925925925926
5 0.4981481481481482 0.4546296296296296 0.49722222222222223 0.47314814814814815 0.5009259259259259 0.48148148148148145 0.5018518518518519 0.46296296296296297
5 0.49074074074074076 0.4759259259259259 0.49074074074074076 0.5064814814814815 0.4935185185185185 0.5027777777777778
5 0.5018518518518519 0.7796296296296297 0.5009259259259259 0.8268518518518518 0.5046296296296297 0.837037037037037 0.5064814814814815 0.7861111111111111 0.5046296296296297 0.7787037037037037
5 0.4935185185185185 0.8564814814814815 0.49444444444444446 0.9685185185185186 0.4981481481481482 0.925 0.4981481481481482 0.8407407407407408
5 0.4962962962962963 0.8462962962962963 0.49444444444444446 0.8592592592592593 0.49722222222222223 0.862037037037037
5 0.4861111111111111 0.8833333333333333 0.48703703703703705 0.975925925925926 0.49166666666666664 0.9268518518518518 0.49074074074074076 0.8555555555555555
