5 0.5018518518518519 0.4074074074074074 0.5018518518518519 0.4148148148148148 0.5120370370370371 0.44074074074074077 0.5157407407407407 0.46944444444444444 0.5203703703703704 0.4703703703703704 0.524074074074074 0.47962962962962963 0.525 0.49444444444444446 0.5287037037037037 0.5 0.5259259259259259 0.47685185185185186 0.5194444444444445 0.46296296296296297 0.5101851851851852 0.4212962962962963 0.5018518518518519 0.40925925925925927
5 0.5009259259259259 0.40925925925925927 0.5018518518518519 0.4287037037037037 0.5064814814814815 0.4398148148148148 0.5148148148148148 0.48518518518518516 0.5185185185185185 0.4888888888888889 0.5194444444444445 0.4824074074074074 0.5018518518518519 0.4101851851851852
5 0.5222222222222223 0.5009259259259259 0.5203703703703704 0.5175925925925926 0.5388888888888889 0.5925925925925926 0.5435185185185185 0.6018518518518519 0.5435185185185185 0.5879629629629629 0.5324074074074074 0.55 0.5351851851851852 0.5416666666666666 0.5222222222222223 0.5018518518518519
5 0.5287037037037037 0.5092592592592593 0.5268518518518519 0.5138888888888888 0.5222222222222223 0.5101851851851852 0.525 0.5305555555555556 0.5305555555555556 0.5361111111111111 0.5296296296296297 0.5435185185185185 0.537962962962963 0.549074074074074 0.5370370370370371 0.5537037037037037 0.5407407407407407 0.5601851851851852 0.55 0.6018518518518519 0.5518518518518518 0.5944444444444444 0.5472222222222223 0.5824074074074074 0.5462962962962963 0.5685185185185185 0.5296296296296297 0.5101851851851852
5 0.5712962962962963 0.5666666666666667 0.5740740740740741 0.5842592592592593 0.5879629629629629 0.6277777777777778 0.5888888888888889 0.6185185185185185 0.575 0.5703703703703704
5 0.5703703703703704 0.5296296296296297 0.5694444444444444 0.537962962962963 0.5768518518518518 0.5657407407407408 0.5796296296296296 0.5675925925925925 0.5805555555555556 0.5601851851851852 0.5712962962962963 0.5305555555555556
5 0.5287037037037037 0.3888888888888889 0.5342592592592592 0.41759259259259257 0.5361111111111111 0.4222222222222222 0.5388888888888889 0.4222222222222222 0.5296296296296297 0.3888888888888889
5 0.5185185185185185 0.375 0.5277777777777778 0.43425925925925923 0.5361111111111111 0.45555555555555555 0.5259259259259259 0.3907407407407407 0.5185185185185185 0.37777777777777777
5 0.48703703703703705 0.32037037037037036 0.48518518518518516 0.32592592592592595 0.49074074074074076 0.35185185185185186 0.5018518518518519 0.3712962962962963 0.5018518518518519 0.36203703703703705 0.4925925925925926 0.34074074074074073 0.487962962962963 0.3212962962962963
5 0.5074074074074074 0.3277777777777778 0.5111111111111111 0.35462962962962963 0.5185185185185185 0.3731481481481482 0.5083333333333333 0.3277777777777778
