5 0.5175925925925926 0.4041666666666667 0.005555555555555556 0.08981481481481482
5 0.5425925925925926 0.5092592592592593 0.5425925925925926 0.5324074074074074 0.5453703703703704 0.5361111111111111 0.5425925925925926 0.5435185185185185 0.5435185185185185 0.5879629629629629 0.5481481481481482 0.6268518518518519 0.5462962962962963 0.524074074074074
5 0.5393518518518519 0.5111111111111111 0.008333333333333333 0.1388888888888889
5 0.5199074074074074 0.2773148148148148 0.004629629629629629 0.09351851851851851
5 0.5310185185185186 0.7212962962962963 0.01574074074074074 0.17777777777777778
5 0.5282407407407408 0.20601851851851852 0.004629629629629629 0.06944444444444445
5 0.49675925925925923 0.49398148148148147 0.010185185185185186 0.18796296296296297
5 0.5194444444444445 0.662962962962963 0.005555555555555556 0.05740740740740741
5 0.4935185185185185 0.7490740740740741 0.024074074074074074 0.3296296296296296
5 0.5180555555555556 0.4842592592592593 0.002777777777777778 0.03518518518518519
5 0.5365740740740741 0.2050925925925926 0.002777777777777778 0.075
5 0.5462962962962963 0.6305555555555555 0.55 0.6509259259259259 0.55 0.6361111111111111
5 0.5370370370370371 0.612037037037037 0.5361111111111111 0.6648148148148149 0.5398148148148149 0.6703703703703704 0.5435185185185185 0.6324074074074074 0.5407407407407407 0.6138888888888889
