5 0.48657407407407405 0.663425925925926 0.006481481481481481 0.06759259259259259
5 0.46296296296296297 0.749537037037037 0.005555555555555556 0.14351851851851852
5 0.44722222222222224 0.6532407407407408 0.020370370370370372 0.11018518518518519
5 0.48564814814814816 0.5421296296296296 0.006481481481481481 0.03796296296296296
5 0.475 0.45092592592592595 0.007407407407407408 0.10185185185185185
5 0.4648148148148148 0.1310185185185185 0.007407407407407408 0.13425925925925927
5 0.475 0.08518518518518518 0.009259259259259259 0.12407407407407407
5 0.44537037037037036 0.40555555555555556 0.007407407407407408 0.07777777777777778
5 0.45555555555555555 0.5643518518518519 0.005555555555555556 0.032407407407407406
5 0.45231481481481484 0.4986111111111111 0.008333333333333333 0.075
