5 0.5037037037037037 0.7425925925925926 0.5027777777777778 0.7481481481481481 0.5074074074074074 0.7509259259259259 0.5092592592592593 0.7453703703703703 0.5074074074074074 0.7416666666666667
5 0.5069444444444444 0.7430555555555556 0.004629629629629629 0.017592592592592594
5 0.47129629629629627 0.575462962962963 0.005555555555555556 0.017592592592592594
5 0.4861111111111111 0.6268518518518519 0.4861111111111111 0.6435185185185185 0.49166666666666664 0.6518518518518519 0.49444444444444446 0.65 0.49074074074074076 0.6259259259259259
5 0.487962962962963 0.6305555555555555 0.48703703703703705 0.6388888888888888 0.49166666666666664 0.6481481481481481 0.49166666666666664 0.6342592592592593
5 0.4527777777777778 0.462037037037037 0.4527777777777778 0.4777777777777778 0.4666666666666667 0.5398148148148149
5 0.4777777777777778 0.4861111111111111 0.47685185185185186 0.4981481481481482 0.48055555555555557 0.5046296296296297
5 0.44907407407407407 0.49166666666666664 0.4462962962962963 0.4898148148148148 0.4564814814814815 0.5305555555555556
5 0.48055555555555557 0.5462962962962963 0.4787037037037037 0.562962962962963 0.487962962962963 0.600925925925926
5 0.49722222222222223 0.6888888888888889 0.49537037037037035 0.6925925925925925 0.5 0.6962962962962963
5 0.49907407407407406 0.7092592592592593 0.4981481481481482 0.7166666666666667 0.5009259259259259 0.7231481481481481 0.5046296296296297 0.7231481481481481 0.5037037037037037 0.7101851851851851
5 0.4861111111111111 0.5944444444444444 0.4842592592592593 0.5990740740740741 0.487962962962963 0.6027777777777777
5 0.5009259259259259 0.7111111111111111 0.5018518518518519 0.7212962962962963 0.5037037037037037 0.7129629629629629
