5 0.4740740740740741 0.4009259259259259 0.4666666666666667 0.4787037037037037 0.47129629629629627 0.47314814814814815 0.46944444444444444 0.46944444444444444 0.4722222222222222 0.43796296296296294 0.4777777777777778 0.425 0.475 0.4203703703703704 0.48055555555555557 0.4148148148148148 0.48333333333333334 0.41574074074074074 0.48333333333333334 0.41203703703703703 0.48055555555555557 0.4111111111111111 0.4842592592592593 0.40370370370370373 0.48055555555555557 0.4064814814814815 0.475 0.4009259259259259
5 0.4962962962962963 0 0.48333333333333334 0.09074074074074075 0.4824074074074074 0.18888888888888888 0.47685185185185186 0.2777777777777778 0.4740740740740741 0.38055555555555554 0.475 0.39814814814814814 0.47962962962962963 0.4009259259259259 0.4740740740740741 0.4046296296296296 0.47962962962962963 0.4074074074074074 0.4740740740740741 0.4101851851851852 0.47314814814814815 0.4148148148148148 0.4740740740740741 0.4185185185185185 0.48055555555555557 0.41574074074074074 0.48333333333333334 0.4203703703703704 0.4861111111111111 0.4111111111111111 0.48333333333333334 0.39351851851851855 0.48703703703703705 0.387037037037037 0.4898148148148148 0.35 0.4981481481481482 0.14814814814814814 0.5 0
5 0.48333333333333334 0.47129629629629627 0.48333333333333334 0.475 0.4842592592592593 0.4722222222222222
5 0.48333333333333334 0.40370370370370373 0.48333333333333334 0.4111111111111111 0.4842592592592593 0.40370370370370373
5 0.48333333333333334 0.5555555555555556 0.48333333333333334 0.5657407407407408 0.4842592592592593 0.5555555555555556
5 0.4842592592592593 0.575 0.4842592592592593 0.5981481481481481 0.4861111111111111 0.5768518518518518
5 0.48333333333333334 0.4787037037037037 0.4842592592592593 0.5509259259259259 0.4842592592592593 0.4787037037037037
5 0.4842592592592593 0.6222222222222222 0.4842592592592593 0.6435185185185185 0.48703703703703705 0.637962962962963 0.48703703703703705 0.625
5 0.4861111111111111 0.7 0.48333333333333334 0.7287037037037037 0.4861111111111111 0.7666666666666667 0.4925925925925926 0.7481481481481481 0.487962962962963 0.7435185185185185 0.48703703703703705 0.7
5 0.48703703703703705 0.8 0.48703703703703705 0.8268518518518518 0.487962962962963 0.8009259259259259
