5 0.5171296296296296 0.6041666666666666 0.010185185185185186 0.35648148148148145
5 0.5125 0.24351851851851852 0.006481481481481481 0.053703703703703705
5 0.5634259259259259 0.9074074074074074 0.021296296296296296 0.18333333333333332
5 0.5518518518518518 0.37083333333333335 0.024074074074074074 0.41759259259259257
5 0.524537037037037 0.3875 0.008333333333333333 0.13240740740740742
5 0.5 0.825462962962963 0.009259259259259259 0.18055555555555555
5 0.5231481481481481 0.28935185185185186 0.005555555555555556 0.028703703703703703
5 0.5509259259259259 0.7134259259259259 0.011111111111111112 0.2935185185185185
5 0.5125 0.8907407407407407 0.008333333333333333 0.14074074074074075
5 0.5444444444444444 0.1587962962962963 0.005555555555555556 0.028703703703703703
5 0.5402777777777777 0.33935185185185185 0.006481481481481481 0.11944444444444445
