5 0.49074074074074076 0.5009259259259259 0.49166666666666664 0.5472222222222223 0.5009259259259259 0.5194444444444445 0.5009259259259259 0.49722222222222223 0.4981481481481482 0.49444444444444446
5 0.5120370370370371 0.5217592592592593 0.003703703703703704 0.017592592592592594
5 0.4949074074074074 0.5879629629629629 0.013888888888888888 0.07592592592592592
5 0.5305555555555556 0.6166666666666667 0.005555555555555556 0.03333333333333333
5 0.5018518518518519 0.4740740740740741 0.5009259259259259 0.4925925925925926 0.5046296296296297 0.487962962962963
5 0.4981481481481482 0.3587962962962963 0.018518518518518517 0.13796296296296295
5 0.49722222222222223 0.1259259259259259 0.5 0.15 0.4962962962962963 0.15462962962962962 0.49537037037037035 0.17222222222222222 0.5 0.27314814814814814 0.5027777777777778 0.2740740740740741 0.5120370370370371 0.26666666666666666 0.5120370370370371 0.23055555555555557 0.5027777777777778 0.12037037037037036
5 0.5148148148148148 0.49074074074074076 0.5157407407407407 0.5 0.5120370370370371 0.5083333333333333 0.5185185185185185 0.5166666666666667 0.5194444444444445 0.49444444444444446
5 0.49537037037037035 0.15555555555555556 0.49444444444444446 0.17222222222222222 0.49907407407407406 0.17685185185185184 0.5009259259259259 0.1527777777777778 0.49722222222222223 0.15092592592592594
5 0.5027777777777778 0.29814814814814816 0.5018518518518519 0.30092592592592593 0.5101851851851852 0.30833333333333335 0.5083333333333333 0.3175925925925926 0.5120370370370371 0.32222222222222224 0.5120370370370371 0.2916666666666667
5 0.4962962962962963 0.011111111111111112 0.49444444444444446 0.02962962962962963 0.49907407407407406 0.06666666666666667 0.4962962962962963 0.09814814814814815 0.5018518518518519 0.1037037037037037 0.5027777777777778 0 0.4981481481481482 0
