5 0.44166666666666665 0.32592592592592595 0.022222222222222223 0.16111111111111112
5 0.42777777777777776 0.10925925925925926 0.007407407407407408 0.08333333333333333
5 0.4726851851851852 0.40555555555555556 0.01574074074074074 0.18518518518518517
5 0.48703703703703705 0.8833333333333333 0.014814814814814815 0.10740740740740741
5 0.4305555555555556 0.062037037037037036 0.007407407407407408 0.06666666666666667
5 0.47453703703703703 0.7384259259259259 0.017592592592592594 0.13796296296296295
5 0.4722222222222222 0.7564814814814815 0.47314814814814815 0.7768518518518519 0.4759259259259259 0.7768518518518519 0.47685185185185186 0.7574074074074074
5 0.44907407407407407 0.44074074074074077 0.4564814814814815 0.5916666666666667 0.46296296296296297 0.6574074074074074 0.4666666666666667 0.6666666666666666 0.462037037037037 0.6092592592592593 0.46111111111111114 0.5157407407407407 0.45555555555555555 0.49907407407407406 0.4537037037037037 0.46111111111111114
5 0.48333333333333334 0.5833333333333334 0.48148148148148145 0.5944444444444444 0.4898148148148148 0.662962962962963 0.487962962962963 0.6888888888888889 0.5083333333333333 0.8333333333333334 0.5083333333333333 0.8527777777777777 0.5101851851851852 0.862037037037037 0.5222222222222223 0.8722222222222222 0.5185185185185185 0.8 0.5111111111111111 0.7870370370370371 0.5120370370370371 0.7722222222222223 0.5018518518518519 0.7537037037037037 0.5037037037037037 0.7444444444444445 0.49722222222222223 0.6935185185185185 0.49907407407407406 0.675 0.4898148148148148 0.5916666666666667
5 0.49074074074074076 0.687037037037037 0.4981481481481482 0.7388888888888889 0.5018518518518519 0.7351851851851852 0.5009259259259259 0.7129629629629629 0.4981481481481482 0.6953703703703704
5 0.4981481481481482 0.7425925925925926 0.5120370370370371 0.9111111111111111 0.5231481481481481 0.9953703703703703 0.525 0.9990740740740741 0.5398148148148149 0.9990740740740741 0.5361111111111111 0.9148148148148149 0.5222222222222223 0.8212962962962963 0.5111111111111111 0.7657407407407407 0.5018518518518519 0.7555555555555555 0.5009259259259259 0.7407407407407407
5 0.48055555555555557 0.5435185185185185 0.47962962962962963 0.5675925925925925 0.48333333333333334 0.5861111111111111 0.4861111111111111 0.587037037037037 0.48518518518518516 0.5398148148148149
