5 0.575462962962963 0.7231481481481481 0.030555555555555555 0.11666666666666667
5 0.6064814814814815 0.725 0.014814814814814815 0.046296296296296294
5 0.5611111111111111 0.6912037037037037 0.011111111111111112 0.05092592592592592
5 0.5263888888888889 0.33425925925925926 0.028703703703703703 0.12037037037037036
5 0.5078703703703704 0.3712962962962963 0.013888888888888888 0.08333333333333333
5 0.5601851851851852 0.4699074074074074 0.09074074074074075 0.4324074074074074
5 0.5481481481481482 0.3912037037037037 0.03518518518518519 0.27314814814814814
5 0.5300925925925926 0.5342592592592592 0.012037037037037037 0.05185185185185185
5 0.5351851851851852 0.3680555555555556 0.016666666666666666 0.05277777777777778
5 0.5212962962962963 0.46620370370370373 0.009259259259259259 0.04351851851851852
5 0.5041666666666667 0.38425925925925924 0.012037037037037037 0.06666666666666667
