5 0.49074074074074076 0.49166666666666664 0.007407407407407408 0.1037037037037037
5 0.46111111111111114 0.44351851851851853 0.005555555555555556 0.04259259259259259
5 0.45231481481481484 0.3675925925925926 0.004629629629629629 0.09074074074074075
5 0.4685185185185185 0.4148148148148148 0.005555555555555556 0.09259259259259259
5 0.48657407407407405 0.7648148148148148 0.004629629629629629 0.037037037037037035
5 0.5078703703703704 0.7958333333333333 0.019444444444444445 0.1638888888888889
5 0.4703703703703704 0.48935185185185187 0.005555555555555556 0.04537037037037037
5 0.4986111111111111 0.9634259259259259 0.008333333333333333 0.0712962962962963
5 0.4685185185185185 0.750462962962963 0.007407407407407408 0.05277777777777778
5 0.5171296296296296 0.9513888888888888 0.013888888888888888 0.09537037037037037
5 0.4837962962962963 0.21342592592592594 0.006481481481481481 0.062037037037037036
5 0.48518518518518516 0.2740740740740741 0.007407407407407408 0.024074074074074074
5 0.4828703703703704 0.3611111111111111 0.004629629629629629 0.03518518518518519
5 0.4564814814814815 0.24074074074074073 0.003703703703703704 0.04259259259259259
5 0.4912037037037037 0.350462962962963 0.019444444444444445 0.1712962962962963
